15
6
3 1
8 1
2 0
10 0
13 0
5 0
14
6 0
14 1
12 1
15 0
11 0
10 0
9 0
8 0
3 0
1 1
13 1
4 1
5 0
7 0
11
7 1
8 0
11 0
13 1
2 0
9 0
5 0
1 0
14 0
10 0
15 1
10
8 0
6 0
1 0
11 0
13 1
9 1
3 0
2 0
10 1
7 0
2
10 0
13 0
3
5 0
3 1
7 0
7
12 0
2 1
9 1
8 0
1 1
15 1
4 1
12
13 1
9 1
11 1
1 0
12 1
14 1
15 1
4 0
5 1
6 0
7 0
3 0
8
11 0
2 0
1 1
5 0
10 0
14 0
6 0
7 0
8
8 1
3 0
13 1
12 0
2 0
15 1
7 1
5 1
14
4 0
2 0
1 0
15 1
14 0
13 0
8 0
5 1
3 1
6 1
12 1
7 0
10 0
9 0
7
3 1
1 1
6 0
11 0
2 1
4 1
5 1
10
6 0
4 0
10 0
8 0
11 0
9 1
5 1
14 1
15 0
2 1
0
6
14 0
7 0
5 1
13 1
9 0
1 1
