85 5
22
57
7
3
98
46250
70124
136698
162186
173099
250308
267314
331467
358187
378326
475002
484816
493593
550782
595171
652415
681499
725631
811943
904724
929165
959299
999137
1005344
1047191
1092594
1146517
1161272
1187996
1272511
1297068
1320741
1344145
1405526
1439497
1517726
1557461
1625468
1648344
1661097
1694636
1726685
1807711
1839711
1876537
1892842
1931020
1980533
2070761
2116227
2207015
2250504
2300384
2399193
2410858
2493383
2525266
2572141
2652568
2663516
2720444
2769928
2825596
2831220
2831325
2893426
2940698
2976177
3001794
3075092
3137718
3195471
3271604
3288782
3322051
3332591
3431004
3483569
3579889
3636060
3664987
3748410
3752453
3766149
3766594
