1000 1000
20 44
82 86
80 47
71 69
84 3
92 41
93 50
41 61
57 6
81 75
69 84
30 11
18 40
92 57
47 38
99 35
100 74
81 47
80 30
11 14
56 24
79 43
3 97
1 25
100 11
52 32
35 26
18 36
87 91
80 32
15 50
88 84
93 15
75 10
63 53
45 5
20 48
17 77
19 74
51 5
18 44
80 9
34 51
75 59
57 65
58 100
57 75
50 86
41 13
73 97
10 4
42 1
18 93
78 30
31 82
13 52
62 57
67 29
98 22
84 33
10 55
47 43
93 28
65 66
74 68
13 74
73 12
94 76
47 87
27 15
95 32
15 10
85 95
48 39
94 2
27 83
93 9
21 28
17 81
50 15
77 43
38 90
80 17
4 42
24 59
12 42
41 24
47 72
33 1
27 27
48 52
31 58
32 100
89 72
33 59
46 44
29 43
53 10
39 75
61 88
22 27
98 60
52 88
41 63
35 74
18 59
83 86
74 70
45 7
26 93
41 75
3 7
56 29
40 12
83 5
97 57
92 89
96 75
5 19
73 83
81 5
48 67
8 80
29 3
28 68
85 57
13 65
59 3
74 17
14 84
99 12
8 29
12 95
31 97
1 53
31 22
62 17
95 42
38 100
17 98
10 25
37 89
44 22
74 54
66 85
7 68
65 77
68 49
33 19
11 36
37 57
16 84
98 7
17 91
65 95
62 72
20 27
93 7
28 74
16 35
64 62
85 74
95 23
72 4
57 12
80 45
16 98
45 66
99 19
18 56
80 19
78 43
2 80
49 55
59 35
89 77
35 28
97 85
13 82
88 20
61 85
87 92
32 98
55 83
57 63
90 71
74 43
36 1
11 99
46 16
40 20
26 60
59 99
51 59
23 98
50 74
43 42
59 68
39 71
43 13
26 67
38 63
76 82
36 58
25 68
94 98
28 8
77 74
21 66
72 24
82 95
3 27
80 82
74 87
27 4
7 11
21 39
12 63
76 73
13 57
48 27
24 35
65 25
16 65
25 62
49 55
100 92
83 63
85 56
47 66
2 95
69 93
41 52
83 90
82 3
55 24
48 49
71 36
93 18
32 32
38 100
43 58
32 69
31 8
24 86
76 51
83 15
22 67
2 12
76 14
93 92
36 76
34 49
62 68
35 59
77 60
25 27
3 79
56 79
58 48
31 87
68 42
49 40
56 42
43 44
89 61
48 69
39 11
54 39
23 41
47 47
100 66
42 47
38 50
18 75
42 5
58 73
24 80
87 47
23 86
79 13
40 38
37 48
13 15
71 20
62 51
77 79
85 61
32 94
28 45
94 21
56 22
38 44
50 49
41 27
14 95
63 66
97 61
47 43
75 42
57 22
39 96
75 99
62 90
23 59
44 87
62 35
96 80
12 77
42 40
57 45
31 6
96 92
97 5
38 22
5 14
36 35
85 17
92 61
32 60
87 11
33 27
96 91
55 43
42 14
90 22
49 83
88 4
25 77
17 95
55 63
67 54
95 30
16 8
29 7
1 98
87 17
78 60
63 81
99 86
64 82
4 59
67 32
66 65
63 58
77 23
48 34
100 100
51 92
78 74
24 68
22 51
74 47
83 73
97 14
92 32
64 95
50 56
60 73
66 85
46 64
58 73
31 98
4 39
41 22
91 40
69 81
85 72
10 64
68 34
62 38
6 51
91 15
85 30
11 6
45 86
86 5
28 32
56 72
51 9
1 7
11 31
65 38
17 64
41 47
37 39
83 74
28 79
57 14
14 15
48 20
55 49
92 64
99 98
76 61
14 70
50 100
33 52
22 39
50 77
81 98
37 69
86 54
50 20
79 42
83 45
14 43
49 87
82 64
64 66
83 75
4 86
74 65
88 20
18 42
88 67
5 61
87 33
39 93
34 98
9 4
3 94
65 99
23 26
3 2
22 95
22 38
20 31
67 15
29 72
74 92
22 71
31 15
92 79
32 54
89 67
81 18
18 77
6 40
10 28
35 79
49 71
11 12
45 54
57 87
40 80
80 62
75 41
36 42
72 72
18 95
94 89
51 56
30 99
13 88
96 90
91 41
63 79
31 85
28 12
37 59
23 54
26 49
33 84
49 10
2 12
11 14
84 42
42 89
22 80
80 82
53 57
15 6
71 37
44 43
49 39
79 48
59 39
74 31
11 10
69 66
22 4
28 23
9 9
36 62
74 58
12 9
30 79
21 56
96 94
22 8
27 72
24 69
63 78
65 79
39 30
33 58
73 33
39 96
60 45
33 96
4 73
59 85
29 68
90 87
24 43
29 4
85 57
3 49
75 51
14 22
53 80
13 80
31 73
69 59
81 95
11 6
7 11
31 55
35 1
8 81
76 38
92 83
36 61
71 45
17 76
66 18
94 21
23 7
27 61
49 3
67 80
36 99
74 3
3 50
55 51
91 51
21 74
2 48
47 35
22 54
65 54
7 65
77 65
31 6
17 10
47 21
58 100
74 49
13 28
59 89
16 46
90 73
73 86
20 54
92 84
96 85
4 21
26 10
79 4
17 25
8 76
85 45
79 78
79 65
35 64
76 91
60 43
84 3
41 72
18 45
93 83
41 78
85 3
24 35
47 33
65 54
39 19
28 78
79 92
53 48
28 99
67 18
86 77
71 52
8 3
12 1
64 13
63 46
78 29
8 26
66 44
85 92
32 31
33 42
96 96
86 80
94 46
87 61
14 47
42 40
41 24
68 95
74 91
81 11
55 6
30 25
56 42
77 61
78 26
57 97
24 23
85 87
45 15
64 8
100 45
50 86
71 76
49 91
87 3
54 35
23 85
42 20
94 68
51 58
7 56
40 61
82 66
29 58
63 48
18 97
62 59
27 97
13 8
88 10
22 55
70 28
98 52
79 79
64 67
59 53
6 58
43 95
78 4
24 11
54 99
99 23
22 59
92 34
62 68
63 100
96 28
94 45
74 48
93 67
14 41
1 94
40 97
92 100
59 38
54 29
86 58
47 17
10 17
82 83
96 18
51 76
56 78
29 39
50 87
59 100
19 36
32 95
66 81
20 38
2 28
82 23
55 14
97 85
53 33
77 16
65 26
28 75
58 72
64 71
82 96
7 42
81 23
79 32
93 60
6 51
5 28
24 44
71 1
9 37
29 74
79 53
65 67
16 79
35 7
32 55
94 40
67 11
68 80
10 11
60 46
14 23
61 14
8 33
6 92
10 13
37 88
32 71
48 88
8 89
39 40
38 21
32 60
98 26
63 58
16 89
21 19
1 40
59 81
78 72
2 64
29 8
37 81
68 10
30 68
65 92
7 53
52 37
16 41
96 24
71 11
15 19
35 75
42 42
56 68
77 93
7 41
69 45
49 39
93 94
46 77
95 72
18 27
14 50
81 47
92 70
56 12
88 43
19 7
53 72
22 29
87 32
93 28
59 30
96 15
59 27
8 62
12 36
27 27
91 57
87 21
43 88
58 29
46 41
96 74
71 96
90 61
80 4
94 56
47 66
38 56
69 74
6 19
85 19
42 27
16 41
82 80
79 59
38 49
49 67
11 56
83 86
96 39
38 48
65 58
93 64
81 98
9 90
100 6
47 61
82 21
12 90
27 36
34 68
87 24
86 26
31 65
61 46
100 12
28 29
54 87
98 10
6 48
7 11
33 71
93 64
53 29
87 93
83 94
2 47
3 8
24 26
10 80
39 82
73 63
6 29
39 61
1 74
87 58
23 27
60 4
50 33
81 44
90 81
27 5
44 59
92 72
40 58
39 29
1 38
22 26
55 24
48 79
98 90
49 20
19 56
81 86
26 91
90 79
2 15
73 90
73 89
14 53
62 81
63 34
51 43
95 5
100 6
19 90
62 5
99 83
72 54
68 40
43 11
89 22
45 12
40 100
70 36
91 61
94 32
14 43
54 85
9 76
93 55
14 26
22 41
31 69
36 1
44 10
82 81
92 12
4 24
94 84
24 19
57 23
9 96
44 13
82 66
92 99
86 2
32 75
82 65
60 93
89 63
37 69
66 15
94 87
16 46
16 32
32 89
29 28
39 50
57 74
27 69
10 46
97 22
3 37
35 73
4 51
24 37
86 49
13 81
91 46
84 14
6 33
31 80
48 83
86 17
58 33
51 4
17 40
49 35
69 31
84 97
19 68
77 98
71 29
91 83
38 43
39 5
83 13
35 12
47 30
46 32
83 52
84 9
13 93
85 97
15 51
75 19
87 11
88 25
15 64
91 83
30 99
35 5
84 28
61 80
82 10
48 85
91 43
65 35
99 11
56 42
2 82
91 80
29 37
61 13
66 48
50 16
73 44
46 11
59 58
32 68
11 23
66 97
21 57
76 30
38 35
63 1
22 29
36 37
19 2
86 6
93 49
27 90
65 63
42 63
70 71
78 21
19 25
75 31
2 1
3 57
94 31
44 89
75 30
24 65
71 25
78 71
3 38
42 51
14 77
84 14
27 65
94 9
95 8
32 94
76 73
20 77
52 6
74 51
12 65
91 31
73 75
