1000 1000
26 47
35 24
10 41
87 4
98 28
66 3
57 90
26 8
81 34
17 27
73 23
89 38
98 1
13 56
95 38
49 30
26 81
30 87
22 13
56 67
67 49
60 76
22 8
87 51
77 62
63 29
11 49
8 58
74 83
25 69
22 24
57 4
50 97
54 46
35 1
63 95
78 16
53 56
70 5
12 25
72 55
10 35
46 10
100 57
80 81
95 11
55 18
29 39
83 98
77 46
46 86
15 42
29 75
51 84
95 6
79 44
36 31
73 88
31 38
6 17
32 50
54 42
94 75
58 83
97 70
97 53
3 85
25 27
21 56
12 35
53 93
60 22
55 15
14 76
4 85
9 81
95 50
34 19
37 27
30 23
51 92
18 51
62 55
2 49
17 76
64 45
63 48
73 79
69 52
32 82
78 25
63 17
50 36
3 74
10 2
36 80
53 78
40 60
96 68
46 8
8 90
76 37
59 15
21 100
61 36
7 60
92 44
72 97
75 85
23 82
85 64
11 66
58 59
17 44
87 73
74 26
98 91
78 53
100 70
33 84
38 13
10 93
53 82
94 13
77 49
8 8
6 10
36 36
76 15
62 22
91 7
34 47
19 77
47 36
37 86
70 98
92 58
18 73
1 92
64 43
40 49
22 68
62 14
99 19
87 5
93 31
5 36
31 79
71 83
22 10
63 13
30 29
63 65
26 16
30 3
9 38
8 40
46 93
71 76
85 22
78 15
18 62
39 77
57 43
42 15
96 87
90 40
94 17
55 53
54 22
56 42
41 65
35 10
28 5
95 99
42 56
12 95
34 28
20 20
58 22
78 56
97 69
37 5
77 65
74 50
59 81
91 41
59 94
46 52
22 44
70 64
64 65
86 80
18 51
74 66
96 44
51 28
65 5
22 89
90 61
29 22
59 67
46 19
80 75
18 70
66 31
69 81
36 31
49 1
11 85
30 36
72 19
19 8
84 88
50 90
26 13
2 56
38 99
70 73
84 26
37 43
98 36
58 14
90 4
91 70
56 84
22 66
41 53
64 98
42 74
77 23
26 100
31 92
71 56
51 84
11 39
56 50
65 93
96 79
36 55
30 18
20 39
60 35
5 23
59 63
91 94
65 30
32 20
53 25
47 8
71 80
57 65
44 16
55 41
76 21
92 70
23 11
46 74
89 29
30 48
26 68
36 74
36 79
98 74
52 24
75 47
23 95
35 67
95 60
59 11
6 35
63 4
44 56
54 25
91 37
25 65
59 37
40 39
35 15
88 95
72 98
79 88
11 22
49 12
86 53
11 27
6 79
48 21
40 54
31 100
31 18
29 59
35 99
80 86
14 70
32 59
70 18
66 64
13 84
60 27
59 16
70 53
46 21
59 75
92 84
24 60
60 77
78 10
41 69
56 64
3 85
11 33
84 78
67 44
87 50
32 93
62 6
25 38
76 44
51 23
68 62
63 79
25 45
100 97
90 5
44 32
46 68
17 72
58 92
92 71
60 27
83 79
10 36
67 40
62 58
94 68
20 96
17 55
25 40
26 68
71 18
6 47
77 35
93 6
36 36
31 51
100 70
54 64
44 45
20 71
57 50
60 83
36 55
30 89
89 62
88 97
31 87
84 85
30 39
20 75
33 85
62 34
31 71
78 42
52 58
2 78
98 52
90 59
94 37
9 7
58 95
21 34
73 19
55 87
66 21
66 14
56 87
26 47
92 67
84 11
13 25
59 67
41 70
5 16
2 8
12 91
11 42
66 40
54 62
24 41
9 56
32 59
43 10
25 52
36 79
95 28
26 68
61 33
61 94
31 31
21 40
97 96
2 48
67 49
71 86
2 35
71 64
13 12
53 76
87 8
51 84
52 19
66 59
45 55
75 98
95 20
60 71
38 69
44 18
36 17
91 27
84 60
34 43
51 42
70 56
48 38
8 11
6 28
75 48
24 95
1 92
77 13
92 61
93 96
35 97
84 58
91 54
86 59
41 20
99 54
81 100
21 53
48 67
83 85
44 96
25 37
22 56
88 11
76 2
85 21
100 21
82 60
88 20
83 21
97 22
83 82
70 86
1 16
59 15
55 57
6 6
56 77
66 84
38 94
24 36
87 41
53 28
27 73
15 41
79 99
73 71
87 49
19 93
13 70
50 1
44 96
98 33
14 9
99 98
46 62
78 51
14 94
63 83
38 29
75 70
77 7
35 74
83 92
8 20
8 24
45 71
75 57
1 92
76 35
80 23
95 57
64 21
25 81
36 46
90 93
56 12
36 68
15 29
29 91
26 32
52 3
85 72
19 93
87 63
76 69
49 100
61 24
81 55
51 57
40 87
54 74
96 50
69 82
28 18
42 95
54 38
66 61
99 79
69 70
22 70
29 77
95 30
77 32
27 29
49 84
35 46
48 10
85 51
54 42
69 41
86 26
42 49
82 52
84 59
97 50
53 4
40 76
59 29
61 95
73 66
95 96
22 82
53 87
84 21
2 98
75 53
15 93
84 17
16 61
27 30
78 71
44 93
66 95
56 56
69 13
10 1
29 93
33 79
1 76
79 34
100 10
54 42
48 26
86 59
74 54
87 87
77 80
51 38
25 32
17 12
6 30
50 70
26 81
50 94
83 62
65 75
95 25
81 54
52 40
48 70
36 87
35 100
67 37
7 15
72 87
63 61
39 83
11 77
5 93
70 91
65 32
32 7
94 72
14 7
53 24
98 64
87 20
70 22
46 56
64 86
55 56
10 63
68 34
37 29
90 2
90 90
7 95
100 79
88 43
87 87
29 10
62 33
71 39
72 11
19 46
96 62
2 46
73 23
92 55
52 87
99 94
62 12
76 83
32 61
88 79
46 71
73 33
23 32
70 40
53 35
89 34
78 20
96 76
67 81
16 83
95 18
93 7
74 38
43 95
51 65
48 95
1 21
69 78
11 89
49 29
67 4
58 81
30 91
64 95
85 97
84 71
83 36
34 62
93 4
82 4
53 64
17 87
1 3
63 50
42 32
63 33
33 19
71 51
47 44
43 5
71 9
11 83
52 94
95 61
27 12
4 16
30 67
45 18
18 35
15 72
18 99
10 89
32 33
93 47
24 75
91 42
2 79
87 20
5 88
15 17
8 66
44 78
85 76
20 15
28 57
35 91
65 74
20 96
42 85
38 10
70 43
65 19
1 67
31 21
47 53
96 21
41 70
38 57
13 78
52 14
40 69
70 48
12 90
70 10
57 31
48 33
2 91
33 94
74 91
100 68
20 3
68 60
43 9
33 17
6 4
42 11
82 60
41 47
1 44
55 1
22 9
44 36
24 40
82 43
23 54
12 10
82 67
58 33
49 13
42 40
23 72
6 29
32 22
53 21
76 46
33 59
31 34
9 21
14 36
90 28
34 27
17 85
51 54
86 98
17 15
66 99
12 28
25 10
85 80
59 49
38 79
2 38
64 55
13 27
5 81
46 4
84 100
65 14
42 30
69 3
94 66
43 61
40 53
85 47
42 34
39 48
63 79
66 8
54 89
36 5
9 61
20 94
9 62
85 13
68 18
96 41
68 3
63 74
25 92
24 55
74 70
32 54
68 30
2 25
88 92
95 36
48 23
78 97
15 17
5 89
65 27
17 23
91 49
67 37
82 65
54 88
72 76
14 35
76 56
42 64
42 93
13 1
5 88
83 15
23 8
42 41
85 85
27 2
82 14
47 94
49 25
57 2
98 45
94 77
77 82
29 92
51 70
14 30
45 77
60 88
42 49
19 67
93 75
1 40
25 20
35 10
34 26
36 94
18 40
84 31
24 10
55 73
23 94
8 21
53 50
69 13
15 94
77 22
17 83
65 61
67 30
56 83
78 97
76 3
82 63
42 97
81 10
53 99
12 62
72 36
91 99
95 17
18 66
75 15
89 82
80 66
44 19
45 90
17 60
95 7
15 58
6 94
12 12
50 63
43 69
27 5
71 37
69 19
41 10
53 27
48 81
60 26
92 55
36 68
46 96
38 10
42 39
42 52
44 50
91 47
80 49
32 42
45 6
12 33
19 16
4 58
74 8
11 20
85 38
45 30
21 77
31 85
41 2
53 88
87 12
30 87
96 16
33 20
15 44
1 46
70 6
57 100
25 75
32 62
33 10
2 22
22 69
64 27
58 97
75 35
30 71
84 96
34 97
92 49
9 22
93 11
36 36
79 26
42 54
52 86
55 10
71 33
61 59
45 100
94 92
95 100
75 77
62 35
16 49
14 43
48 54
16 61
15 49
81 62
15 5
6 46
34 70
55 63
10 51
59 82
32 31
79 64
49 79
52 60
11 60
83 71
86 86
76 48
100 66
23 82
99 18
38 64
12 20
43 65
16 84
10 59
99 50
71 61
82 54
49 63
94 51
25 92
64 18
72 43
56 92
54 51
61 61
91 82
66 76
52 38
31 7
37 33
96 64
16 74
54 72
61 18
25 30
98 34
50 61
88 19
68 87
10 83
36 89
19 57
30 1
61 24
82 96
18 52
92 12
94 18
