1000 1000
31 13
45 46
11 61
95 76
80 12
33 78
53 43
48 80
57 44
72 92
98 42
22 67
37 1
7 43
54 71
59 39
36 48
19 96
80 50
2 59
43 52
2 83
30 30
55 52
65 46
49 67
79 48
55 38
44 6
100 18
63 79
32 74
3 17
78 47
9 22
53 72
92 66
8 13
47 73
27 55
82 88
25 73
76 38
46 70
84 6
74 92
94 33
3 74
80 42
59 36
87 51
74 82
97 43
17 11
64 22
93 53
58 69
32 7
23 14
33 81
73 32
95 51
13 72
3 98
40 69
69 1
90 85
82 86
90 97
91 10
7 72
91 36
4 15
64 71
28 30
63 82
82 3
93 36
95 39
54 28
20 84
27 59
1 76
64 53
90 30
23 79
16 11
7 83
89 46
60 89
23 17
59 2
28 34
91 6
52 41
25 19
69 42
22 5
56 10
43 14
99 74
77 10
97 55
14 92
8 56
24 49
44 48
27 55
86 47
75 80
55 88
81 71
60 23
83 42
9 38
70 66
96 53
47 79
88 58
19 40
38 9
95 64
83 26
54 47
95 56
8 57
77 56
26 85
3 99
77 32
27 48
90 31
64 89
30 15
85 46
46 91
75 15
40 94
19 89
69 69
7 65
26 44
19 59
3 53
6 47
87 93
100 53
11 10
25 29
76 3
17 30
40 5
17 76
8 63
96 15
28 96
97 5
79 89
2 99
61 20
7 88
2 17
5 52
32 36
19 71
40 47
80 38
81 21
49 45
37 28
33 9
55 51
24 1
91 38
74 43
45 54
68 64
32 70
21 99
18 99
13 26
64 85
97 47
63 95
77 53
63 16
57 4
99 3
46 34
9 18
59 53
45 43
73 88
58 12
8 16
28 93
37 65
30 70
45 35
27 6
90 18
17 36
38 71
94 26
59 55
50 89
77 23
26 69
65 52
91 30
69 94
84 61
25 98
4 43
5 88
10 81
65 59
91 53
42 66
19 87
46 58
12 25
44 75
36 66
54 35
14 55
88 54
41 91
53 10
51 56
16 24
57 99
91 47
16 58
35 76
8 6
38 24
4 94
20 47
25 94
31 93
86 71
28 85
43 69
40 34
39 39
1 81
25 97
84 86
78 85
96 90
99 79
17 1
3 79
45 85
84 91
85 27
77 75
78 59
10 32
96 50
40 37
92 8
62 20
50 27
57 37
37 7
72 76
15 24
94 92
56 63
77 64
44 99
58 82
26 38
93 64
72 59
43 82
3 55
60 98
99 38
15 52
50 16
57 13
71 53
86 74
70 35
11 17
56 51
76 20
16 56
47 9
17 95
88 4
55 38
3 74
65 86
18 8
9 77
31 27
74 94
38 42
32 71
31 91
53 80
42 53
72 10
56 3
60 43
48 15
71 49
79 78
44 7
4 4
62 66
74 43
51 97
24 31
4 10
38 25
89 73
2 82
26 97
95 17
85 88
12 7
83 36
78 23
67 82
42 12
37 68
58 15
84 35
38 54
17 6
37 21
66 57
94 33
95 85
39 4
57 76
73 6
18 53
37 79
70 64
51 31
12 58
3 87
38 97
22 8
58 11
6 52
53 7
10 97
12 69
66 51
46 68
42 90
58 64
70 27
71 6
67 94
99 100
54 44
84 27
37 16
16 73
54 65
69 71
51 17
41 82
21 36
55 93
88 49
56 7
48 21
27 47
12 89
62 38
52 69
56 1
15 35
88 70
60 29
46 75
19 91
53 21
80 98
83 7
62 15
49 3
75 77
28 69
21 9
94 23
21 50
13 3
88 89
65 40
39 58
70 86
78 51
44 87
27 72
84 24
59 47
100 28
14 27
44 57
8 28
12 73
1 41
4 20
47 82
25 49
90 19
33 73
44 69
77 37
46 6
84 93
58 10
44 18
36 34
90 12
48 48
71 70
37 16
73 86
37 22
47 54
12 19
49 17
12 18
30 92
46 8
59 100
86 60
2 83
63 29
57 32
79 65
1 43
24 47
22 48
4 17
5 38
33 46
32 42
1 65
22 31
56 50
88 60
21 20
57 40
75 11
99 10
23 88
37 51
82 30
20 11
15 3
79 21
54 11
5 18
90 86
10 52
47 46
28 71
14 51
64 67
56 66
90 86
41 34
70 96
73 32
53 68
96 70
42 39
6 82
22 84
10 52
75 13
25 77
98 71
6 76
53 92
33 33
3 20
18 10
6 73
78 55
27 34
42 84
63 83
63 14
12 17
55 39
84 93
69 43
18 8
24 88
96 79
79 55
10 53
19 16
46 57
77 66
45 71
53 76
89 8
34 100
94 32
49 12
58 80
30 90
86 94
32 31
70 73
13 6
66 87
91 59
10 64
73 50
86 46
84 53
33 28
10 25
41 19
37 42
60 55
32 65
86 39
76 41
50 24
26 24
56 51
77 65
10 32
53 35
47 84
26 93
44 70
43 79
10 89
45 68
63 57
16 63
26 39
65 70
57 83
85 54
89 68
98 98
14 75
8 90
61 85
14 99
42 95
25 86
82 21
79 50
9 99
28 46
9 63
63 8
83 60
53 61
26 26
47 74
81 12
55 26
36 74
43 17
71 10
100 18
85 10
12 54
90 75
59 67
47 21
7 40
78 88
4 6
63 31
13 89
24 98
48 92
42 61
100 4
60 33
95 13
31 95
81 66
83 30
93 84
4 90
97 65
35 19
33 42
88 35
7 40
46 11
17 77
15 34
33 68
29 45
92 37
40 28
23 99
29 95
23 57
23 3
59 81
26 53
54 8
99 24
23 58
6 47
5 92
4 11
8 89
59 1
58 28
31 96
75 45
59 15
10 90
83 2
27 22
33 29
76 3
79 26
73 99
80 17
25 7
94 12
69 95
42 63
11 79
55 44
94 37
69 95
15 23
73 32
61 5
35 45
94 75
99 27
76 79
85 92
80 18
40 90
13 53
50 59
66 92
24 55
58 55
12 48
71 74
72 18
40 40
53 95
22 95
25 82
40 61
75 3
78 10
72 4
33 44
24 100
29 48
56 56
45 88
41 76
30 59
12 35
19 69
78 12
29 97
62 19
81 16
48 92
59 36
46 49
14 18
3 69
10 93
47 38
13 79
44 12
77 36
76 99
68 43
72 22
67 45
37 64
41 64
56 44
71 83
99 92
39 61
39 55
68 14
2 29
42 23
62 3
44 33
86 26
69 24
1 86
56 49
86 83
94 26
59 67
78 17
93 85
54 66
67 10
53 23
54 78
84 100
64 23
89 69
32 10
57 49
6 90
53 94
60 74
39 27
91 34
12 24
31 84
74 3
99 68
79 11
64 85
91 22
89 29
46 7
85 65
19 96
1 7
1 76
92 52
22 68
25 2
37 46
11 72
64 99
71 29
61 53
97 35
35 27
15 49
19 97
40 4
49 3
14 89
4 13
25 12
23 39
71 68
36 28
39 27
88 1
1 9
17 57
74 62
83 99
82 77
49 85
67 92
98 6
82 49
7 56
71 66
88 68
15 77
47 79
97 61
72 92
90 52
61 26
43 74
20 28
46 69
100 33
83 1
32 85
68 54
66 1
47 54
62 46
40 36
74 45
30 12
31 39
87 1
32 16
69 16
44 78
15 48
99 5
4 1
20 39
70 46
1 81
75 26
83 14
74 10
17 64
78 39
77 33
38 27
46 84
77 86
58 94
27 40
69 34
26 71
98 8
70 13
28 16
65 20
31 92
68 82
86 19
43 79
36 82
96 85
74 30
89 80
78 9
29 55
69 27
74 97
36 91
33 91
82 9
46 46
27 16
58 29
90 33
49 73
67 98
95 45
76 55
1 94
35 87
37 38
34 28
73 5
44 54
92 29
75 35
20 72
35 1
43 22
39 69
6 33
97 8
26 88
100 25
51 89
20 24
52 61
27 26
98 51
47 31
91 4
8 55
5 4
34 15
68 84
13 50
35 89
74 65
3 59
62 61
60 8
58 81
12 49
49 94
35 95
10 27
47 40
62 96
51 94
87 59
87 22
86 43
51 21
57 91
79 45
57 23
41 98
22 84
17 44
56 57
28 33
8 44
79 30
91 58
39 80
8 14
8 45
18 87
81 39
17 98
18 24
75 53
5 33
15 45
22 46
57 78
61 11
51 99
19 22
73 42
92 45
79 5
34 13
15 72
100 100
82 91
29 27
47 92
13 71
81 45
35 83
86 65
72 57
49 97
42 60
39 40
31 91
1 84
61 56
15 40
74 30
90 87
87 85
80 56
21 5
96 3
81 51
3 56
27 14
47 62
18 97
26 81
33 58
13 48
64 71
83 51
37 79
64 97
17 98
35 55
85 44
8 14
80 75
98 23
97 95
36 92
93 78
50 52
95 15
29 75
75 98
11 25
84 56
36 79
25 44
36 38
72 40
26 61
61 37
11 27
34 35
40 1
59 74
91 26
47 35
53 16
42 88
73 55
94 74
53 83
1 1
86 89
91 26
24 32
55 54
67 39
17 88
14 5
70 11
38 26
