1000 1000
30 57
9 21
67 28
85 78
4 63
51 87
65 8
86 9
57 41
90 33
80 60
10 88
43 70
47 54
91 50
32 52
4 52
66 36
27 6
78 53
69 17
17 63
72 65
90 81
66 92
2 90
89 36
92 81
7 99
74 61
65 87
7 83
29 87
86 84
40 67
86 10
48 79
68 65
67 5
18 93
41 24
62 43
74 91
74 10
15 59
16 33
39 90
41 45
83 32
64 77
2 84
15 39
59 85
84 11
34 29
3 44
72 46
73 55
76 77
13 84
91 60
80 53
66 11
39 36
8 51
32 35
79 11
34 74
28 73
95 58
66 37
56 99
20 90
52 8
83 33
37 41
20 77
40 53
38 74
67 13
98 41
23 54
11 23
75 46
16 13
16 79
4 81
5 92
38 47
40 57
83 6
99 58
72 1
38 50
18 73
33 84
97 18
10 100
4 12
33 81
72 46
5 99
64 50
2 3
69 42
45 12
12 85
15 46
75 46
29 90
25 32
76 3
61 68
82 65
95 36
32 48
84 12
83 69
27 73
37 54
27 74
60 64
90 3
37 72
44 82
54 30
87 65
16 14
54 85
99 11
60 25
27 55
37 25
98 68
24 16
55 8
28 79
75 19
2 30
87 35
41 82
73 57
13 56
6 17
22 79
89 60
65 51
89 74
56 7
87 31
83 100
21 99
48 76
15 98
34 100
87 72
95 21
33 17
93 26
62 52
1 50
23 84
61 1
39 53
51 49
17 80
88 73
82 89
46 9
18 81
68 36
33 41
52 7
9 75
3 40
76 27
29 83
100 44
96 13
35 24
57 11
11 29
18 41
41 65
84 26
22 95
79 22
34 36
27 60
50 88
56 32
84 13
64 73
49 17
80 17
41 40
13 3
73 97
83 25
72 70
91 30
3 15
28 54
6 39
43 50
26 28
63 89
51 8
26 14
12 9
73 65
29 76
4 84
26 17
7 100
34 40
63 38
28 10
9 87
19 34
67 15
89 12
28 51
86 80
33 69
64 7
36 96
99 68
58 18
77 76
26 78
38 29
49 88
42 78
68 1
48 49
52 67
59 72
84 58
30 23
50 83
3 7
47 74
1 65
66 59
48 60
66 93
88 91
1 22
76 84
91 22
50 42
42 10
83 60
61 61
91 24
69 33
97 68
62 82
59 77
1 30
67 78
71 10
79 69
69 27
14 43
42 59
37 43
55 5
75 30
85 62
46 22
19 46
15 90
29 98
34 37
41 19
29 80
62 10
59 82
85 94
51 78
15 79
69 49
64 8
12 52
43 88
61 34
76 25
81 25
34 64
98 9
37 75
34 27
7 32
31 89
73 26
20 28
53 57
78 51
31 53
92 14
77 26
19 54
84 39
12 85
12 17
18 14
57 8
62 31
64 32
15 80
68 81
90 57
10 57
100 19
92 72
93 33
18 19
54 96
61 23
69 32
93 2
17 89
79 86
45 15
11 59
10 97
74 33
62 39
27 42
54 75
30 22
29 96
63 20
64 70
79 89
88 81
87 14
59 3
40 87
57 90
24 23
87 27
59 98
82 43
17 5
78 80
56 100
42 16
10 66
42 1
73 70
35 5
38 92
21 15
48 68
17 55
65 59
2 74
22 10
73 23
77 33
67 73
9 25
93 9
53 61
41 85
60 48
26 39
29 27
13 13
68 44
42 94
17 80
8 46
76 36
71 95
34 76
25 37
24 33
98 16
70 86
44 58
63 80
67 93
29 31
4 18
5 60
6 83
33 43
50 14
71 49
62 100
27 35
28 52
98 10
43 50
78 29
29 24
85 82
15 71
52 69
31 56
82 42
62 55
11 2
47 59
24 40
12 92
58 87
3 8
57 70
84 54
8 55
22 76
88 41
81 82
76 8
33 85
13 14
34 7
95 22
73 33
88 34
84 50
25 10
65 13
9 98
89 98
28 63
88 32
29 38
44 68
18 74
26 10
65 19
89 82
24 75
6 10
12 6
5 96
66 94
39 83
50 72
71 34
44 33
11 68
12 3
52 100
35 63
89 51
98 94
70 47
68 49
56 93
86 27
89 14
37 11
39 8
68 49
73 100
9 81
66 28
67 73
54 1
27 93
42 79
87 4
74 65
49 31
34 55
69 16
54 3
46 90
39 58
23 72
27 68
96 3
88 17
30 43
92 76
58 58
23 52
7 12
20 78
72 100
23 73
33 18
62 75
74 97
34 59
54 34
61 69
3 51
24 60
54 46
46 89
11 100
10 9
50 51
11 27
67 4
60 19
36 49
11 1
100 7
59 32
2 58
11 46
91 61
91 53
42 39
87 99
18 87
41 58
64 41
23 92
9 58
32 92
26 93
3 32
88 49
2 96
44 33
81 36
17 91
58 82
10 80
18 60
32 86
87 29
90 36
49 20
9 2
96 54
47 51
98 14
30 91
79 2
72 4
69 14
31 52
28 8
90 88
10 42
91 50
94 22
5 38
71 35
100 16
24 40
70 48
32 90
30 21
13 20
11 37
94 39
59 95
40 99
95 90
92 56
43 1
53 38
71 14
73 97
87 27
95 88
22 29
44 60
85 39
58 36
10 72
82 86
43 70
72 50
85 14
96 52
30 98
39 16
6 53
96 17
64 51
21 26
6 84
42 35
45 88
42 83
53 74
74 13
23 97
49 20
19 10
100 90
41 65
41 67
35 5
83 72
76 40
75 34
93 20
44 73
24 45
57 5
37 8
13 75
98 62
10 13
92 25
83 91
39 79
63 53
34 62
39 3
95 16
62 33
1 5
52 92
45 46
39 76
81 52
59 54
41 46
69 86
25 87
81 24
46 81
60 82
9 34
41 31
17 85
55 15
38 19
86 75
94 57
97 3
93 12
33 61
55 23
46 56
62 61
83 57
25 19
95 11
51 52
39 75
66 41
33 6
6 69
13 8
6 62
43 20
68 59
73 44
74 24
78 44
28 66
52 21
11 64
20 99
79 27
13 32
46 27
51 51
89 41
11 93
45 20
87 12
56 43
90 53
39 43
40 99
85 78
6 7
13 93
99 25
72 64
76 6
48 37
14 68
55 82
35 79
5 56
72 51
80 53
36 32
52 23
99 34
15 19
49 59
42 6
21 91
98 11
35 8
83 97
55 67
77 35
71 16
79 9
27 42
98 65
99 99
70 36
53 49
77 89
21 85
97 99
98 57
65 32
99 55
2 5
2 72
64 97
87 94
86 75
98 92
61 89
29 58
71 86
72 84
3 58
5 33
85 95
34 25
93 37
44 54
90 92
71 63
87 12
21 74
38 21
45 62
32 62
89 5
35 35
45 21
41 53
31 41
26 37
17 56
49 33
49 82
75 76
31 11
97 24
28 12
29 45
40 45
66 18
29 56
30 18
21 85
86 72
1 12
32 44
30 33
87 9
52 87
64 8
71 81
82 14
66 30
27 37
37 22
28 62
45 85
95 37
74 82
42 72
70 64
56 45
10 16
64 41
75 83
51 85
25 91
88 44
68 96
35 63
86 85
9 53
62 98
2 64
86 46
2 87
64 47
91 68
3 89
80 8
8 71
54 21
97 97
89 43
79 95
12 42
55 4
32 4
42 7
50 70
64 88
6 19
81 25
69 35
79 3
98 80
53 59
58 87
80 55
21 13
58 28
57 91
8 28
11 82
28 98
56 88
58 47
75 24
51 80
30 90
62 43
78 8
13 36
50 10
44 89
61 15
96 9
60 91
44 73
22 64
44 70
43 95
56 96
84 24
95 67
44 53
68 30
26 38
12 36
41 40
32 19
50 21
51 45
78 88
39 30
30 58
88 76
70 98
28 48
52 56
3 80
52 94
50 16
40 58
74 10
11 43
51 82
56 88
1 2
98 39
99 23
86 9
28 26
12 96
62 84
80 14
8 78
36 94
84 70
29 73
49 40
6 23
72 9
22 74
18 25
50 39
10 30
56 57
32 19
92 50
36 81
17 8
56 61
37 78
86 89
15 25
55 88
83 71
14 12
10 69
13 83
16 74
82 67
5 81
84 93
71 48
52 5
31 7
91 41
29 62
51 42
30 61
95 17
68 80
9 50
87 99
76 51
18 99
40 40
100 62
21 42
1 15
4 32
24 28
16 14
68 64
55 20
80 39
8 12
75 85
60 97
60 34
10 18
22 92
59 71
81 58
51 64
35 61
53 44
20 12
7 88
57 64
52 59
67 53
27 95
85 66
63 48
25 10
13 71
4 92
42 54
68 40
39 74
78 65
13 34
49 89
31 28
38 27
8 45
31 78
74 50
23 35
97 64
95 49
50 56
60 4
95 7
29 71
56 35
43 59
25 97
39 79
21 75
65 46
5 94
96 91
26 33
35 82
2 65
12 8
48 76
32 94
22 70
49 23
7 94
67 14
3 12
21 30
84 64
24 10
67 48
4 39
6 93
43 50
72 99
55 95
21 26
42 87
45 16
65 20
41 100
41 42
23 69
7 67
37 42
81 61
2 55
51 77
85 74
96 93
34 86
