1000 1000
71 17
76 37
22 50
12 55
97 56
8 47
12 88
95 8
77 40
80 82
84 54
77 75
50 27
87 51
69 19
40 12
37 34
22 97
39 13
50 84
67 70
75 44
63 23
73 69
40 78
45 13
55 53
14 9
56 54
84 28
100 82
43 41
34 13
15 59
84 26
61 65
91 66
40 39
55 78
83 51
45 94
11 1
52 70
46 29
98 77
22 70
94 15
33 98
4 62
69 6
57 48
56 19
94 8
35 2
49 22
40 25
12 96
70 88
41 4
17 47
34 62
74 71
37 98
74 31
89 21
49 11
9 54
76 97
91 32
69 30
98 81
73 18
58 43
40 15
51 7
54 7
5 76
80 35
42 81
26 6
72 7
55 35
1 51
45 25
85 51
66 7
2 38
16 13
87 31
16 88
54 38
47 75
14 83
40 16
73 61
4 23
76 98
9 13
53 86
97 40
9 33
42 59
47 12
39 90
15 1
81 73
85 31
98 16
42 81
91 61
14 27
42 76
96 23
15 69
37 90
50 77
61 9
69 19
6 9
43 89
17 36
79 20
67 9
32 11
49 60
62 81
84 52
21 61
46 4
85 98
33 20
20 13
17 18
87 61
57 97
92 76
15 74
48 67
97 99
64 57
72 95
50 38
91 35
48 62
68 12
85 78
82 30
76 63
84 71
64 12
2 68
93 60
17 2
23 31
74 64
28 27
94 19
52 32
98 94
80 80
24 90
63 70
82 14
55 18
87 77
46 50
79 20
69 42
12 42
20 3
11 98
56 24
97 39
84 90
49 26
7 75
53 44
48 58
74 8
75 83
54 94
25 38
27 21
48 6
31 57
50 69
44 47
66 92
50 29
93 87
18 23
54 34
47 25
56 47
88 56
45 21
85 4
48 46
22 43
100 76
58 52
64 28
1 7
18 47
55 55
18 46
25 14
22 43
65 61
7 83
66 60
60 37
39 55
38 8
95 21
11 35
21 15
95 97
81 74
11 44
80 47
5 10
59 87
72 22
30 26
19 52
12 91
18 68
49 38
9 56
80 97
46 67
2 95
6 61
74 60
1 28
79 11
70 53
26 2
2 38
6 80
69 60
70 66
27 49
89 33
43 31
37 87
35 79
5 27
9 36
21 45
80 1
21 56
81 70
96 93
36 78
35 20
78 81
74 33
97 62
22 91
7 11
90 84
32 63
15 100
38 3
68 73
8 56
63 79
26 13
7 84
37 84
70 98
39 88
48 23
82 95
29 48
62 38
81 94
82 71
15 19
27 59
93 68
78 67
65 60
91 67
56 2
2 19
7 21
98 34
68 76
50 84
10 35
73 49
81 73
59 83
37 6
2 88
15 29
58 90
79 42
58 92
97 27
72 5
84 89
71 98
24 91
71 18
90 8
60 44
28 13
7 52
92 86
36 45
2 85
2 58
51 80
36 43
63 47
48 63
35 27
24 83
5 60
54 25
82 57
64 1
9 86
31 60
16 22
1 29
99 87
70 62
63 18
39 25
53 66
38 26
3 21
37 13
50 5
26 55
76 75
45 46
51 41
67 55
43 57
46 20
72 79
4 1
77 70
58 12
11 88
8 12
88 41
96 35
60 88
82 75
89 76
71 90
93 65
84 34
9 93
70 64
21 59
25 22
27 7
66 40
70 36
89 66
82 2
47 13
53 52
28 71
57 22
60 79
24 70
49 10
11 38
44 81
44 8
54 40
66 21
2 20
64 79
30 15
58 42
7 68
86 67
14 92
82 16
72 80
39 49
17 61
65 34
23 73
95 51
36 75
29 18
8 71
100 84
38 18
11 88
85 34
63 75
53 83
91 85
14 5
82 100
7 43
6 74
2 87
78 92
86 31
35 64
77 43
33 48
54 79
34 55
33 93
59 24
85 71
83 68
67 28
71 65
10 66
97 71
4 59
47 99
15 17
97 32
65 25
86 83
91 45
69 22
5 95
45 50
39 29
58 97
32 75
9 38
51 63
48 84
65 89
12 76
39 86
60 70
30 47
24 31
8 88
44 49
34 74
24 72
9 97
5 12
21 14
28 86
33 56
34 52
60 49
63 68
98 61
25 46
59 11
34 96
22 80
27 66
66 17
11 7
95 19
72 34
70 24
80 29
37 98
29 71
94 62
66 1
38 49
38 46
22 11
18 27
63 60
49 20
46 5
22 94
58 9
96 3
13 40
97 70
60 87
69 88
47 91
40 29
29 73
41 67
76 56
7 74
93 24
40 17
81 1
13 90
93 100
1 71
95 18
13 24
41 96
93 76
46 35
39 59
57 70
38 7
34 31
62 40
75 67
93 90
79 31
30 99
5 10
15 16
93 4
27 36
43 99
45 26
49 90
79 45
75 43
30 97
65 9
14 76
31 79
93 56
93 90
68 34
77 56
71 16
76 51
29 85
6 47
80 50
5 80
52 92
83 72
92 55
73 32
73 53
28 62
13 48
72 39
76 94
4 9
97 11
24 72
63 28
96 98
52 27
4 70
40 2
40 98
21 23
63 83
20 7
7 60
5 80
7 19
33 13
4 98
97 29
60 17
38 48
76 9
55 60
65 56
53 77
37 71
38 71
3 17
41 22
78 13
52 62
55 67
45 6
34 88
66 76
53 35
34 15
97 5
69 28
13 24
74 57
44 90
3 70
93 91
66 89
15 5
41 13
76 6
73 34
16 81
50 86
82 14
60 16
79 77
48 45
66 21
71 4
39 30
92 58
28 39
52 77
36 73
78 34
69 64
71 69
93 19
22 19
57 81
10 95
56 85
4 21
93 8
14 25
39 79
98 39
95 50
26 52
53 74
46 75
82 6
6 86
20 13
31 15
73 46
86 59
29 36
7 8
25 23
44 37
83 8
12 89
90 71
97 83
56 77
30 54
72 17
21 68
87 92
61 65
3 54
77 89
22 67
93 50
32 18
11 99
71 25
55 3
43 15
5 70
40 47
58 96
91 72
44 59
84 5
6 7
54 83
83 71
82 48
15 21
39 27
25 64
67 14
5 34
32 28
63 75
6 36
2 86
56 2
40 34
7 21
57 5
31 24
18 95
9 1
73 16
44 91
3 78
71 89
64 13
34 91
100 56
62 54
24 26
64 24
1 100
24 78
59 93
88 29
16 85
2 39
55 37
50 91
70 91
79 13
8 38
68 59
79 79
58 70
51 70
11 90
33 41
43 56
87 81
37 68
15 11
100 82
46 40
60 97
4 88
18 42
58 62
79 9
24 16
78 69
79 63
39 6
43 44
88 77
77 47
23 38
34 39
18 46
65 50
51 78
2 66
58 7
44 40
99 88
78 69
31 42
82 30
96 96
65 25
68 73
71 55
14 7
45 92
60 36
89 79
8 33
92 46
17 27
6 97
89 8
5 58
47 22
82 40
26 18
6 7
30 93
57 6
1 22
12 20
36 36
82 13
2 33
53 3
95 34
78 55
39 14
76 15
43 34
51 50
40 74
77 62
86 34
55 63
97 43
94 55
6 59
46 65
78 95
45 46
28 12
91 81
86 42
48 69
26 6
32 65
94 59
72 69
79 9
61 13
40 15
13 10
96 10
68 94
15 63
56 41
34 93
53 96
71 44
53 49
39 21
68 68
91 54
90 12
41 93
65 18
79 69
65 26
81 92
2 64
31 48
82 24
6 99
34 7
27 13
3 16
98 52
30 50
51 57
7 78
48 67
97 17
21 49
6 69
88 34
100 34
68 72
75 26
67 70
27 96
4 4
95 74
79 6
40 18
2 6
84 31
15 55
15 11
21 68
21 95
21 3
66 21
49 71
1 21
11 44
6 99
98 12
70 12
91 92
37 36
8 71
8 97
59 48
2 100
21 71
8 44
89 99
38 16
24 88
36 55
30 24
50 65
32 71
37 3
25 2
92 46
72 68
23 81
35 59
88 96
47 21
8 13
26 93
35 83
47 17
9 100
8 3
3 24
20 54
4 2
9 65
78 10
77 25
11 100
33 56
91 31
73 96
43 73
53 15
35 40
13 45
100 22
80 23
75 97
34 55
31 88
44 22
45 6
94 42
20 58
82 6
43 16
78 81
22 40
96 18
12 96
92 32
80 11
71 92
19 21
49 18
43 77
76 3
71 17
18 65
54 92
14 66
27 47
20 40
41 26
85 15
93 21
10 54
59 66
22 83
80 76
79 12
80 32
40 52
84 37
46 78
92 75
64 32
58 79
68 16
33 87
35 51
58 72
58 43
94 39
97 52
43 55
58 14
62 62
87 31
40 94
69 67
29 13
76 46
48 56
29 47
91 67
26 75
5 31
68 94
50 36
4 22
79 99
62 41
11 93
38 6
95 29
82 50
8 76
39 76
100 94
29 20
61 50
2 23
56 29
25 75
66 73
84 47
42 50
60 60
61 21
90 68
64 71
73 56
63 20
47 84
32 16
88 45
16 25
4 80
5 55
10 73
95 72
62 36
93 71
18 51
90 10
42 55
23 33
78 79
71 22
42 20
89 61
78 18
82 47
3 35
