1000 1000
1 90
58 26
5 80
37 15
94 60
25 43
5 13
15 33
37 96
42 23
94 25
66 77
11 53
89 31
33 89
8 15
12 46
100 49
86 31
1 33
41 86
18 34
9 40
19 28
34 98
34 100
8 56
1 21
46 100
15 66
73 14
60 46
63 63
57 89
84 22
4 84
33 65
54 98
99 48
73 33
87 19
23 77
40 65
1 60
84 55
48 82
71 1
33 10
34 30
92 64
100 23
100 97
35 18
2 1
35 31
46 23
32 61
41 83
97 36
9 42
83 31
39 52
27 59
76 10
27 7
34 67
65 88
20 91
27 98
19 100
99 30
55 89
11 21
25 7
90 16
84 82
76 61
71 70
18 62
65 76
34 34
63 20
67 62
93 55
68 99
94 4
96 40
98 95
23 96
95 38
4 86
32 82
29 97
92 48
22 74
32 58
62 75
20 80
91 4
92 55
31 98
53 3
6 39
22 16
98 60
76 55
75 72
8 61
2 27
71 37
39 37
90 48
92 66
46 93
41 87
47 91
64 100
37 95
56 27
94 90
93 63
16 65
10 70
82 48
30 75
67 45
28 64
75 91
18 63
38 46
68 36
23 26
43 96
61 6
97 97
70 67
70 34
71 28
28 47
23 67
3 6
38 54
41 12
47 98
82 49
46 53
77 24
13 50
63 87
82 38
52 85
10 13
92 9
22 99
6 66
64 18
30 54
36 25
43 88
18 70
25 23
12 26
45 89
22 44
62 10
14 92
27 55
6 82
49 44
29 98
82 31
10 80
12 74
48 5
86 40
25 98
2 100
36 48
13 79
19 5
44 4
70 33
20 74
83 15
61 43
60 71
13 12
100 82
17 82
20 21
98 95
36 54
88 56
25 9
99 29
4 100
45 91
85 88
22 90
44 6
94 89
94 96
39 75
20 42
56 47
90 17
31 31
36 24
87 68
34 97
46 7
66 65
82 100
40 8
49 92
69 19
11 13
73 99
39 11
23 40
53 6
16 32
50 59
43 14
72 68
90 74
61 29
100 66
76 48
22 23
63 56
24 83
16 10
79 100
60 33
32 59
80 63
3 62
69 21
28 56
88 26
69 100
18 55
83 77
13 8
54 16
24 4
92 25
42 18
12 13
20 3
48 12
93 18
57 23
25 77
48 78
26 86
6 48
65 29
20 12
94 28
93 47
62 51
76 6
81 8
11 62
14 96
37 8
28 1
12 34
6 45
61 64
21 81
7 84
86 95
98 56
33 71
89 16
22 45
53 13
48 9
51 39
11 42
60 48
81 24
3 67
9 99
21 21
77 74
44 90
16 79
30 78
50 3
100 99
87 32
11 89
11 94
100 34
7 10
96 22
87 35
86 93
3 34
46 46
1 21
58 76
54 11
32 37
63 29
61 7
77 39
33 60
43 89
92 6
44 81
21 45
54 44
8 63
18 24
12 46
18 22
68 83
33 79
26 71
23 78
78 3
50 73
63 1
54 1
76 98
99 1
26 44
61 17
70 67
35 97
72 1
23 81
29 6
38 79
81 9
40 41
96 27
100 48
72 97
1 38
25 25
74 93
53 8
32 67
90 19
97 99
64 6
35 58
57 95
43 5
33 38
41 90
10 64
39 21
4 70
98 40
2 3
91 26
94 88
62 63
22 47
44 21
33 20
10 37
10 5
61 56
85 95
39 68
85 76
33 14
31 46
78 47
75 43
29 12
88 3
75 80
75 18
40 80
16 27
83 7
92 15
68 26
13 4
39 99
44 63
2 59
68 12
37 10
38 69
25 33
18 83
80 94
6 58
94 78
77 63
53 99
99 54
1 44
65 54
85 38
42 64
72 55
58 15
72 58
77 77
60 52
66 9
14 13
63 25
57 39
7 65
9 84
59 26
38 93
14 55
54 21
42 41
33 18
4 76
59 50
82 65
17 73
52 11
46 19
98 26
94 67
19 72
22 100
38 11
31 17
14 80
29 73
76 82
39 28
47 30
10 74
55 82
70 7
43 27
84 57
61 35
53 76
29 89
50 28
49 75
2 9
68 91
45 98
30 39
75 27
38 89
96 98
40 50
17 85
22 11
27 98
1 83
82 17
72 54
97 5
97 88
6 58
32 15
70 77
64 33
99 84
54 8
38 100
62 95
59 23
57 36
14 80
65 59
70 1
3 32
53 4
41 50
7 69
43 86
67 12
81 12
3 98
14 10
19 91
44 81
74 18
29 66
75 64
22 33
13 70
93 65
50 33
91 37
61 25
68 16
36 28
60 60
66 43
8 5
4 55
18 28
1 72
51 90
32 14
59 76
97 77
64 51
9 80
68 66
56 44
97 53
48 96
17 91
81 51
29 55
61 61
67 1
77 70
17 85
70 17
25 39
63 83
100 33
38 60
10 22
75 34
78 98
22 94
92 67
60 12
36 41
29 96
1 5
41 24
20 80
100 23
91 41
76 38
9 2
70 39
76 13
54 91
69 29
74 86
80 35
52 94
100 21
63 57
6 40
17 13
89 82
61 100
24 37
87 33
66 90
74 13
92 99
60 53
63 37
64 98
34 69
49 56
100 74
6 58
55 8
35 21
26 83
77 54
43 46
54 87
72 15
75 36
40 70
69 44
96 49
55 10
79 23
22 67
22 67
1 96
41 90
59 86
33 15
10 17
69 54
32 29
51 73
68 65
83 18
35 88
100 55
70 28
23 14
89 79
6 27
76 60
98 28
59 10
94 95
61 93
17 9
81 93
39 60
14 49
53 35
79 52
12 31
11 52
19 48
66 80
47 55
25 86
41 36
53 37
6 5
94 8
77 51
7 84
28 89
40 7
8 38
67 69
21 16
21 10
6 56
60 23
72 61
82 22
17 6
97 77
48 99
52 21
23 20
17 95
38 80
89 23
10 14
30 26
3 11
77 72
1 38
98 81
96 68
12 73
38 37
23 8
52 60
55 58
47 84
21 88
65 20
38 96
52 46
38 94
10 71
99 61
81 99
13 41
76 67
48 75
77 52
97 57
25 71
5 85
63 69
55 58
83 59
75 35
89 73
29 35
98 9
33 21
93 55
27 73
7 25
23 10
100 39
68 35
29 96
89 95
87 62
3 33
15 57
87 86
20 51
98 94
87 90
23 56
3 85
8 63
20 35
63 82
57 70
17 8
22 63
35 6
9 62
63 63
93 14
23 31
10 56
65 60
54 6
65 12
14 96
82 7
63 37
46 62
94 55
11 55
81 12
57 37
46 92
43 53
19 63
28 30
27 34
92 30
28 15
71 45
6 96
88 18
37 94
27 44
29 83
86 64
23 67
8 4
81 9
30 13
20 14
65 71
3 19
36 22
72 21
89 85
55 48
31 34
93 8
57 3
79 72
65 22
25 35
3 38
99 90
82 34
36 33
46 88
41 29
87 87
30 16
25 57
20 21
64 14
100 50
68 43
77 97
51 51
18 13
86 79
48 79
48 100
78 52
43 93
10 62
74 100
6 25
63 52
47 35
39 50
23 53
58 72
38 33
49 80
34 13
90 80
15 26
100 54
46 15
70 22
4 68
60 13
74 1
57 8
45 68
99 3
73 62
97 82
98 75
32 10
77 12
9 57
19 39
43 1
43 15
85 3
70 3
30 1
29 79
37 52
63 96
59 46
70 13
20 11
39 78
78 80
18 57
62 76
25 71
100 29
3 40
14 59
2 84
59 50
85 13
26 45
80 25
87 17
58 35
56 61
27 96
17 12
94 8
81 94
83 85
1 67
68 63
71 87
81 19
33 88
83 55
4 60
40 47
26 9
84 83
76 23
67 85
2 2
29 27
66 81
56 34
30 46
46 83
21 60
38 53
94 95
35 99
62 20
73 99
54 69
34 98
7 22
68 39
16 19
80 68
79 90
42 72
37 96
16 66
80 29
8 12
31 24
12 34
65 38
54 58
46 63
42 3
84 86
15 37
60 54
14 10
47 100
43 9
99 93
76 28
40 57
44 17
55 73
68 21
87 2
34 85
32 96
56 39
78 43
42 46
91 97
68 84
5 27
100 86
50 3
16 74
3 80
61 20
98 24
35 15
67 61
78 71
79 73
72 44
88 75
57 49
11 8
57 73
10 35
32 96
12 36
22 50
4 50
35 53
18 42
3 10
86 86
72 46
5 94
83 7
51 4
28 14
92 80
3 46
50 46
40 66
58 62
84 38
59 59
25 34
62 93
70 78
24 15
29 87
92 21
83 49
40 70
37 47
69 6
77 21
47 49
62 48
40 44
92 92
19 77
2 76
89 2
87 82
19 83
14 96
20 99
57 81
36 24
20 59
82 17
25 56
89 3
71 55
41 87
83 75
77 33
2 26
59 13
13 70
24 34
55 76
3 34
30 71
93 96
84 41
52 38
92 28
80 19
74 51
71 43
36 59
57 54
76 83
91 1
83 76
35 69
2 45
87 7
91 93
51 11
30 63
65 9
7 93
68 90
31 16
34 49
83 72
97 68
16 63
60 41
15 42
86 39
100 100
53 8
22 44
