1000 1000
36 90
76 98
83 19
53 1
68 32
32 36
19 81
68 31
63 16
40 51
11 48
100 9
71 17
81 48
22 69
10 44
65 36
17 12
23 83
61 85
89 93
12 44
37 90
21 30
95 71
44 98
4 91
9 35
90 57
64 35
71 49
100 74
92 93
74 8
93 37
31 72
78 42
42 9
87 51
36 88
92 58
12 65
60 95
67 56
26 19
92 30
76 10
49 78
92 1
81 1
18 45
89 45
33 3
89 77
15 34
41 58
7 87
97 19
3 71
88 53
22 5
67 71
13 30
72 90
49 35
73 87
27 39
6 6
52 13
73 31
20 27
98 61
95 61
71 57
51 84
45 14
9 1
35 88
5 44
18 9
67 81
90 12
48 48
7 97
89 23
75 81
18 64
44 37
8 66
4 93
99 51
84 75
75 98
13 64
64 64
98 28
61 23
66 28
97 32
21 51
42 65
11 11
71 59
19 55
64 49
68 2
66 5
53 40
15 78
21 39
32 2
3 73
32 61
51 76
36 78
42 93
10 96
7 83
11 28
71 22
74 48
52 31
43 31
69 60
4 54
3 32
7 80
8 77
35 27
70 21
84 100
12 75
64 55
67 34
75 19
87 85
92 71
98 32
20 1
27 66
17 7
68 37
90 31
17 65
14 6
94 7
37 51
91 60
100 13
45 76
76 11
3 21
3 39
7 83
46 17
89 18
67 51
82 49
32 72
76 72
57 44
28 43
45 22
61 59
83 17
75 63
53 46
8 8
90 84
57 98
19 16
95 57
30 51
100 59
20 56
6 28
7 69
92 44
52 60
24 57
88 40
86 21
26 92
19 65
23 89
58 37
87 48
47 51
8 82
38 23
42 43
88 46
94 55
14 81
84 75
78 56
3 89
14 23
64 98
75 60
21 77
72 66
41 62
19 7
77 56
46 6
34 56
21 47
80 74
34 80
87 56
99 65
40 54
38 15
79 89
71 87
38 14
82 84
87 94
37 46
16 8
9 5
17 51
25 6
82 55
73 92
32 38
47 10
17 21
94 8
25 77
16 69
52 77
21 52
19 92
37 64
21 6
75 92
84 14
74 74
35 17
1 20
95 5
58 22
46 85
81 9
24 10
45 85
10 1
29 35
48 44
94 57
20 83
51 48
40 83
18 9
55 45
32 32
38 74
32 97
49 55
23 92
26 40
95 56
62 6
66 43
62 45
75 35
45 27
44 100
72 96
89 56
42 38
97 31
33 66
85 54
38 25
19 88
63 78
52 9
5 44
75 40
40 71
57 63
100 68
93 50
95 28
47 75
95 32
58 71
8 97
26 72
51 65
95 58
47 7
59 70
67 22
85 45
14 43
38 99
1 42
79 47
16 76
18 98
19 51
73 22
72 21
38 28
34 26
98 88
4 84
89 80
26 85
28 82
98 74
86 98
36 79
35 68
54 41
76 53
20 24
14 52
65 9
45 12
23 4
38 48
64 22
11 95
98 46
97 14
23 38
76 54
59 25
22 16
90 58
80 39
22 79
85 32
64 92
85 9
77 41
91 57
64 74
99 35
6 47
76 52
66 71
1 71
21 32
87 74
51 70
4 89
100 42
96 85
88 19
46 14
13 80
14 37
58 22
30 10
81 1
42 33
51 93
77 37
93 33
7 40
89 17
40 43
65 63
63 37
90 96
3 50
78 5
30 65
32 38
70 58
30 1
9 22
91 52
70 67
76 97
50 41
16 80
100 30
65 93
95 14
4 9
3 22
21 44
45 81
63 81
98 11
31 58
88 20
43 100
7 87
91 5
75 66
22 66
17 77
25 52
24 30
18 2
92 55
87 76
79 30
51 47
61 40
100 22
88 10
81 25
27 36
76 63
1 29
67 87
12 33
19 6
68 69
57 96
50 96
65 47
62 51
4 3
37 49
88 12
88 27
56 99
100 1
50 34
97 30
3 73
18 37
89 49
35 39
4 41
4 94
59 3
44 23
49 94
36 31
1 86
66 77
94 37
21 25
17 49
71 48
97 7
37 17
55 7
54 60
30 3
100 44
81 50
47 85
73 76
16 8
43 82
61 8
20 44
13 85
52 25
57 48
9 72
100 19
67 12
19 18
11 88
17 48
9 79
20 80
52 54
92 16
65 85
24 75
64 58
97 11
95 53
77 51
92 40
17 77
27 85
6 30
48 86
77 7
67 47
30 76
32 70
93 22
38 42
55 2
90 94
90 39
99 21
12 51
83 65
2 71
93 2
33 96
83 90
65 31
88 100
85 44
87 27
61 22
72 65
10 74
77 3
77 47
43 78
81 58
73 11
17 91
7 63
51 16
45 34
61 57
4 98
26 29
43 23
52 92
20 81
89 78
62 8
32 73
38 58
41 84
25 18
15 10
63 8
76 91
61 18
1 7
95 69
91 21
53 34
96 58
5 45
47 52
29 28
69 81
36 11
74 59
27 32
93 28
34 32
68 32
82 2
35 56
34 18
6 24
35 87
98 63
37 2
92 29
35 69
75 38
99 82
3 51
31 29
42 13
9 34
59 23
21 53
85 80
55 15
12 68
58 83
5 96
87 78
4 87
57 59
65 90
18 61
49 23
32 19
7 29
27 39
35 51
46 26
56 54
10 46
57 27
99 26
57 81
32 24
85 77
6 45
12 55
28 7
68 35
81 62
19 84
36 66
80 41
10 74
48 88
24 1
64 70
78 24
1 94
83 36
96 38
79 40
26 50
14 9
15 1
98 16
22 48
78 42
52 76
95 36
33 81
18 83
83 50
59 79
14 27
26 2
76 68
28 43
51 17
41 15
67 12
24 88
4 8
60 5
22 51
60 37
19 53
80 89
22 93
78 64
50 57
70 90
9 26
65 49
1 6
98 74
87 13
21 20
33 8
87 49
10 38
45 88
8 19
99 47
92 39
30 48
30 69
98 5
45 58
55 73
92 76
70 10
23 63
47 18
46 9
93 8
96 15
45 44
20 47
5 11
60 83
63 89
97 52
49 99
35 25
17 24
25 39
56 64
26 84
99 86
89 36
86 47
38 71
58 91
47 99
89 22
79 80
31 56
93 31
34 99
31 90
54 7
78 64
80 100
98 53
89 98
3 43
53 27
91 17
9 60
99 47
34 47
17 38
79 80
91 46
91 62
93 95
32 53
9 13
6 92
79 60
94 24
99 24
11 36
53 84
28 5
27 15
28 24
18 42
89 12
70 76
75 46
56 99
29 4
64 16
42 91
88 58
9 54
4 27
33 50
68 74
7 11
8 62
99 32
50 84
66 82
41 23
91 5
3 96
43 71
3 49
94 91
80 59
43 26
92 74
84 11
32 21
57 4
25 24
88 73
71 76
59 96
49 58
93 5
55 36
15 90
44 52
63 54
31 4
47 81
91 26
57 83
56 79
1 87
46 87
87 6
76 3
7 48
71 44
2 19
7 88
3 45
41 93
16 18
34 8
99 43
54 17
18 63
83 80
54 10
82 44
70 13
76 96
23 31
79 45
11 75
31 60
87 48
80 45
30 65
13 33
10 100
40 64
11 82
91 3
19 11
88 89
51 52
6 22
3 96
70 34
34 27
33 84
13 92
37 26
61 37
24 97
74 81
14 34
61 27
72 8
85 84
69 97
66 15
6 90
46 50
74 42
23 47
34 50
52 68
2 30
56 42
87 81
44 93
57 46
98 100
68 66
54 30
82 4
81 98
56 57
13 24
6 86
70 85
78 79
72 33
71 27
73 47
58 23
48 31
28 5
38 33
52 67
23 38
40 34
13 26
80 79
82 59
44 27
29 38
37 56
25 87
84 10
83 82
39 93
52 21
60 48
73 11
36 80
1 85
21 17
50 24
49 50
53 26
12 3
93 16
67 4
19 93
77 90
67 40
97 15
2 79
17 92
71 69
26 41
17 43
94 28
3 89
92 37
82 25
16 68
45 24
57 19
98 84
86 17
72 73
42 78
70 98
86 76
81 82
60 29
78 34
75 86
44 53
77 4
52 46
68 76
72 88
79 26
76 5
38 73
24 10
99 58
55 90
79 92
28 68
10 75
20 39
47 74
37 84
75 16
69 89
64 43
25 91
8 96
63 29
99 57
5 29
61 46
30 95
90 20
46 99
28 12
3 9
76 19
61 78
45 100
78 59
88 14
25 68
23 5
74 55
47 32
44 51
35 20
74 77
35 32
42 43
75 69
73 76
54 78
52 54
9 51
41 8
34 67
54 88
28 32
63 90
10 29
57 74
93 64
92 16
50 80
13 12
94 73
30 40
91 36
61 31
76 47
84 2
61 67
33 75
43 98
75 59
58 62
73 83
79 1
69 8
82 66
93 50
82 76
68 82
51 58
48 5
84 33
96 37
50 55
50 27
33 23
21 45
40 46
26 33
65 95
51 21
24 98
11 65
70 82
39 7
58 80
88 100
8 97
2 60
24 54
84 35
99 37
45 78
66 29
46 62
81 4
80 34
31 100
89 62
77 45
96 36
43 30
70 60
40 14
9 83
72 2
