1000 1000
15 47
44 74
19 81
11 53
83 75
51 78
14 97
63 6
13 38
39 57
2 85
39 79
25 97
80 19
84 33
8 75
52 83
1 50
69 7
80 37
65 22
42 61
29 59
51 18
63 50
80 56
10 31
70 60
48 42
52 81
69 93
54 86
50 18
17 36
44 54
98 6
60 42
55 88
76 13
86 80
3 88
57 51
15 32
25 26
3 1
46 31
62 100
67 19
90 61
21 58
7 14
85 91
12 89
40 5
59 68
37 92
33 56
13 21
74 68
43 53
67 92
31 100
21 88
1 37
6 40
9 97
30 79
62 77
48 86
28 16
75 50
88 29
43 28
83 74
6 79
61 32
62 9
74 64
17 56
19 17
1 52
66 47
9 76
100 99
23 75
9 51
23 40
3 69
62 9
1 34
24 56
87 36
30 14
33 37
47 62
61 56
94 58
89 34
38 98
80 76
20 14
36 27
92 53
59 87
97 87
21 77
96 32
93 29
76 64
90 50
22 24
52 99
16 5
48 11
68 78
43 58
90 89
8 14
8 63
24 79
46 28
79 46
63 63
24 58
67 74
17 47
8 84
96 40
40 6
10 61
100 74
23 97
98 69
35 72
93 72
91 4
91 94
98 59
17 94
67 3
60 28
25 43
93 93
25 34
69 24
78 78
14 25
80 47
17 25
99 57
43 21
72 85
98 43
71 70
83 88
89 42
99 68
48 89
87 20
93 49
57 68
57 35
81 96
69 89
74 35
49 73
57 96
44 25
11 37
69 71
77 16
81 86
55 2
82 49
80 69
39 30
89 43
85 95
1 64
62 37
80 33
16 94
87 49
79 82
55 15
48 67
3 78
72 81
7 80
10 28
49 99
78 8
36 30
95 44
74 22
32 49
6 18
29 45
81 65
74 33
71 56
70 93
89 24
39 58
81 49
34 52
1 1
27 95
10 50
1 59
60 36
38 96
5 1
27 84
65 43
4 88
72 87
10 56
73 69
95 15
31 75
36 81
24 33
58 23
61 75
63 24
45 57
99 87
22 13
24 26
33 31
82 29
85 65
15 38
94 94
79 2
10 45
69 39
45 99
43 11
19 29
34 75
31 88
75 43
21 71
92 50
64 75
69 45
9 30
12 86
44 15
15 89
63 100
6 9
45 77
42 31
87 31
41 79
71 96
42 35
35 60
93 28
75 54
11 33
32 33
69 84
32 37
62 77
94 28
63 100
98 1
46 84
54 55
54 49
31 88
98 41
75 35
57 76
31 33
45 71
1 91
37 43
28 41
10 92
63 17
100 37
5 5
54 84
78 49
3 46
4 88
91 80
47 88
41 26
32 3
20 93
11 63
43 89
51 41
40 73
91 59
52 36
63 16
65 100
97 56
75 25
74 13
81 93
88 26
81 55
93 63
26 54
85 90
80 57
33 54
79 85
15 9
92 7
12 39
8 32
63 70
46 61
12 100
48 87
100 77
65 35
54 78
42 61
88 78
34 70
15 52
10 76
74 33
82 95
12 54
2 79
63 86
79 42
8 45
46 2
99 14
28 22
96 8
65 63
6 61
60 54
38 31
86 78
75 89
36 74
83 8
61 20
84 18
63 2
60 90
60 87
73 12
23 38
86 93
58 67
93 24
59 21
90 9
85 25
31 30
52 76
62 49
31 87
9 34
56 18
31 36
79 13
77 90
88 51
6 74
91 87
29 34
12 6
49 91
37 93
21 33
60 17
74 59
58 15
79 54
15 36
62 59
57 62
17 86
3 18
54 62
68 50
65 54
63 42
91 66
61 78
21 9
54 75
55 51
79 22
29 31
39 41
42 29
95 94
72 19
17 54
56 5
56 6
97 100
43 95
78 24
40 62
44 92
100 84
19 94
81 72
38 4
81 32
98 50
26 52
63 35
66 4
52 55
75 2
94 70
41 44
97 47
5 93
36 10
20 87
75 34
93 95
79 6
73 70
18 7
58 21
66 30
65 48
29 79
38 98
92 38
60 1
45 8
54 44
90 37
44 44
83 99
28 58
6 89
57 86
98 90
49 57
20 89
65 34
53 69
56 9
84 25
75 41
86 87
63 58
57 75
42 84
10 74
63 87
22 9
12 38
6 38
33 95
65 21
92 33
50 44
99 22
83 28
38 85
33 55
66 64
65 16
83 33
15 1
1 10
100 60
97 64
17 45
93 1
51 75
7 68
55 62
88 51
69 91
90 39
98 77
94 66
74 43
44 36
83 21
59 28
60 86
92 73
71 54
92 100
11 45
6 3
31 43
49 2
64 87
18 54
46 9
8 38
79 27
66 37
34 84
76 20
98 5
92 31
19 43
71 18
6 55
41 80
29 82
32 75
88 18
19 28
9 50
1 94
30 11
9 96
92 96
18 90
14 83
77 68
99 82
24 23
35 89
22 64
2 16
2 81
34 79
71 98
3 67
28 39
55 16
54 86
38 60
82 100
97 86
79 15
94 20
70 62
15 12
24 48
69 83
43 98
27 70
4 3
61 48
38 43
58 65
54 84
66 39
44 73
57 94
78 5
3 89
18 1
22 88
6 22
62 68
19 77
90 30
74 52
52 64
42 58
73 17
32 40
15 63
22 52
17 80
79 89
46 8
2 92
29 65
94 54
47 25
95 43
59 14
44 51
46 46
66 33
41 40
45 50
38 81
9 74
19 4
74 44
35 63
76 67
60 93
43 99
16 35
20 79
20 92
15 46
89 58
21 5
75 93
17 54
91 95
10 17
96 10
27 95
18 81
87 35
70 9
19 6
41 74
56 75
99 75
25 40
70 87
69 37
46 52
49 89
95 80
67 21
73 35
42 95
98 82
99 1
57 20
91 11
81 41
64 52
22 15
37 94
87 49
47 61
36 17
80 28
39 82
5 52
65 90
19 73
81 92
93 3
22 88
96 37
26 13
10 36
97 39
92 42
30 36
12 4
59 36
70 28
90 84
97 99
24 100
87 40
62 2
73 49
55 36
8 27
50 66
30 10
84 28
63 29
15 20
57 86
34 26
35 2
2 71
83 100
82 96
44 64
12 70
79 90
48 39
39 68
17 44
27 15
14 93
51 88
93 50
42 15
50 85
11 23
65 67
86 17
96 54
8 22
65 17
15 41
93 11
36 60
77 98
43 3
20 71
29 17
95 95
35 21
19 59
75 49
48 84
6 25
99 20
86 5
96 50
32 95
82 19
41 48
32 60
57 7
30 1
55 61
80 44
79 46
7 41
75 49
55 44
29 40
58 46
85 52
68 96
41 86
27 8
52 41
91 83
77 62
37 97
66 36
78 92
24 65
16 7
96 39
95 38
41 61
26 89
43 76
70 4
44 91
84 34
91 40
84 94
86 29
42 4
96 79
35 9
48 8
49 6
56 40
5 69
53 98
58 52
91 97
46 96
73 9
88 3
26 16
90 56
18 15
43 20
40 58
100 49
84 62
36 21
81 15
64 99
5 45
67 44
93 13
19 8
42 93
34 66
71 85
90 2
53 15
100 31
50 4
67 54
1 91
70 11
69 53
46 3
4 3
17 4
58 56
42 6
37 39
51 56
48 63
3 40
15 25
50 13
39 82
64 85
22 89
64 37
9 73
70 2
88 7
2 79
2 62
28 40
5 31
10 100
28 44
49 47
70 75
37 7
15 55
89 36
84 17
60 57
64 2
13 2
17 53
60 62
15 19
61 40
64 20
73 26
10 41
56 96
92 69
68 56
12 4
33 59
72 26
96 97
2 2
72 87
97 84
6 19
17 80
15 6
16 28
38 98
99 18
8 58
94 87
51 36
55 79
65 22
37 79
99 26
60 79
71 94
67 69
15 74
36 87
37 76
75 26
4 47
77 4
90 21
66 46
41 38
22 86
41 83
96 30
55 17
41 3
40 11
74 27
45 37
2 59
27 95
21 67
77 25
71 36
17 44
54 70
92 77
33 68
49 76
10 94
26 73
58 42
74 4
86 30
93 14
42 60
63 42
26 81
31 66
99 62
31 40
75 62
86 21
82 61
69 31
87 77
86 12
52 16
95 99
42 35
65 52
82 95
56 22
64 34
16 5
79 99
78 83
14 3
29 29
68 63
16 42
30 57
23 43
27 20
47 88
57 29
81 52
85 48
32 41
37 93
72 45
56 73
99 70
95 27
47 99
55 85
75 8
46 91
41 65
69 73
81 10
11 51
98 77
70 41
54 75
73 72
73 91
21 94
27 59
80 73
34 42
12 89
91 93
4 66
88 18
58 7
82 20
48 30
7 58
91 2
13 55
8 43
45 31
67 18
87 49
8 39
90 4
21 84
66 100
73 83
88 57
54 92
99 92
34 47
79 85
43 82
61 38
83 55
26 33
50 82
47 91
4 2
54 1
38 19
11 9
69 82
100 3
34 49
83 76
72 42
31 66
93 2
70 73
41 66
55 84
46 48
78 45
16 89
61 44
23 27
2 5
3 92
47 75
51 93
27 54
77 81
93 9
37 85
99 19
88 33
47 64
25 92
56 61
46 3
