1000 1000
54 56
80 39
24 5
77 43
68 57
19 61
79 6
93 38
44 59
55 25
93 71
89 40
96 58
41 88
49 23
64 95
73 15
53 1
95 47
50 20
37 81
44 44
20 2
85 97
1 80
87 9
41 89
61 17
60 31
35 80
64 42
77 48
42 40
44 45
61 25
56 46
83 26
79 32
10 70
71 72
33 7
43 68
92 45
17 59
9 100
50 33
4 32
48 29
94 63
1 21
73 28
32 31
34 77
81 28
35 55
6 18
15 37
13 97
32 66
75 92
53 19
63 78
23 21
39 14
81 42
67 75
56 78
60 91
20 11
54 76
83 88
15 98
43 58
86 30
52 75
47 43
49 57
53 4
57 84
86 88
77 21
14 67
47 4
66 40
23 63
90 63
82 63
80 6
46 68
12 45
9 92
64 36
57 6
32 30
33 71
77 55
28 73
32 99
77 59
73 38
41 12
10 6
58 14
63 45
39 55
52 21
91 2
37 64
94 30
42 92
76 34
41 4
2 44
39 27
18 30
40 42
18 35
92 45
95 60
31 85
2 30
39 90
90 69
94 17
81 15
23 66
83 14
80 60
20 59
82 61
59 4
57 23
20 74
70 79
71 21
48 50
81 19
27 19
13 34
74 19
53 92
96 1
87 91
62 49
84 47
92 46
60 5
10 47
12 63
53 2
70 11
21 1
80 89
97 23
79 38
85 44
30 35
18 11
69 9
82 34
55 73
23 57
1 95
10 4
68 99
91 69
42 72
96 62
83 33
44 53
59 11
36 4
3 90
13 73
37 57
13 8
74 100
34 73
92 27
88 24
26 43
51 31
19 23
20 31
3 96
71 30
67 92
1 68
4 94
27 17
69 13
55 83
74 55
66 77
57 7
11 68
60 39
51 36
38 1
43 87
92 78
53 59
95 27
84 60
19 94
15 50
28 54
5 48
37 50
95 34
85 56
13 90
87 49
100 93
18 86
53 9
55 21
98 74
95 73
29 48
95 24
88 83
7 36
48 45
54 18
35 45
87 45
41 88
5 99
15 90
55 23
69 19
31 59
53 78
94 68
16 60
20 62
9 90
50 88
61 20
5 69
96 99
54 48
97 82
48 57
53 40
66 7
8 75
13 74
65 61
56 15
36 62
85 42
6 66
85 66
95 64
10 32
15 61
30 48
59 66
42 96
91 21
55 61
41 36
50 94
8 93
2 48
38 89
65 52
56 17
25 92
81 44
48 49
40 41
77 74
21 31
32 10
56 71
59 45
76 55
36 27
39 59
56 90
31 43
88 12
5 81
86 52
73 82
44 49
92 51
51 17
63 2
100 66
94 26
98 89
82 36
94 35
98 72
78 71
13 4
59 52
21 5
43 48
95 44
87 65
77 50
20 72
78 10
45 55
71 79
36 81
19 53
70 64
46 71
82 24
3 42
91 60
12 23
23 99
86 64
41 44
96 84
60 25
30 40
52 22
88 32
10 84
76 23
78 94
54 95
96 8
83 95
42 53
85 2
56 28
81 39
71 22
28 22
44 38
36 43
92 45
59 99
3 3
95 15
78 94
50 20
97 32
30 72
16 67
77 95
36 83
93 93
24 67
77 69
1 12
74 8
83 86
72 32
50 71
77 68
85 78
89 70
92 86
16 14
27 14
33 89
55 49
3 24
92 24
40 22
97 67
48 68
16 89
2 69
17 82
14 45
73 97
39 15
11 81
98 19
11 63
98 7
92 25
90 99
13 15
36 23
98 99
79 4
88 79
37 23
78 74
37 89
16 79
29 70
22 39
24 90
10 3
93 66
56 30
22 94
33 71
61 76
36 57
5 20
28 67
31 88
11 82
65 71
62 45
71 80
49 71
6 24
52 7
23 17
82 25
3 95
68 28
45 7
41 58
58 64
40 23
31 23
80 48
27 14
23 36
70 63
6 15
64 79
69 34
68 12
2 79
61 48
3 27
66 16
74 92
51 56
52 54
72 62
27 55
49 58
37 50
87 24
88 96
3 68
8 57
32 71
66 19
85 10
8 45
66 47
27 17
25 39
98 14
14 76
36 61
30 55
13 13
84 18
75 74
83 53
24 34
33 41
95 72
29 4
19 3
23 81
71 53
50 32
24 2
38 39
39 72
18 9
97 99
59 63
63 28
73 9
39 6
40 34
41 72
43 14
58 45
63 59
84 18
44 73
47 83
77 95
16 33
26 38
27 74
81 36
34 16
80 2
24 24
47 24
37 58
22 76
56 100
15 21
5 29
46 50
24 84
79 70
17 57
72 57
41 93
90 23
42 1
26 67
48 42
1 25
20 35
67 69
5 39
25 66
90 17
71 23
67 2
15 33
75 72
52 17
95 15
79 9
88 6
42 93
21 61
16 74
68 99
48 14
47 64
39 65
29 73
9 86
75 25
74 1
42 79
75 7
7 41
44 26
10 87
40 44
88 71
83 41
85 72
96 84
68 49
55 58
82 91
76 49
71 78
79 66
71 50
47 4
42 13
41 61
21 47
72 19
30 48
53 53
39 78
35 20
94 75
98 33
67 72
58 17
84 10
8 88
70 43
61 85
57 40
66 92
49 19
59 83
95 52
30 9
19 35
75 35
2 90
51 93
16 44
100 4
66 21
67 76
41 92
7 37
59 82
96 12
51 22
1 50
9 60
88 78
88 35
55 80
88 100
82 46
94 15
71 66
65 41
70 5
76 90
25 50
21 91
70 19
100 20
90 6
95 4
10 61
27 60
61 43
75 35
34 21
3 41
2 61
2 21
95 91
34 26
15 43
50 100
100 38
64 69
90 76
32 70
73 65
98 12
4 65
47 49
55 14
80 74
92 30
19 37
57 19
15 49
28 45
39 70
28 29
78 87
72 33
25 14
20 28
90 72
53 88
30 68
11 64
13 94
88 72
60 55
66 83
73 74
9 65
96 73
77 57
99 33
24 92
15 27
82 56
99 48
21 98
57 35
55 41
17 21
25 68
23 91
66 34
15 16
62 7
52 44
24 11
1 17
2 21
2 47
27 23
27 40
15 18
99 78
17 65
100 89
52 89
34 42
36 94
47 100
76 98
55 42
66 46
22 36
3 70
86 79
17 23
28 63
39 54
85 66
18 34
9 42
40 73
18 48
17 48
84 56
83 82
81 34
95 62
39 81
98 95
44 74
2 61
2 10
70 7
8 2
94 5
23 73
83 48
35 95
52 68
83 86
94 83
2 43
19 16
93 53
72 69
5 47
22 83
48 22
3 1
96 31
57 45
24 5
25 54
59 32
27 70
4 26
40 41
51 62
71 100
63 28
77 35
57 28
38 24
90 10
57 32
21 90
54 55
21 10
93 59
30 6
48 45
78 3
38 38
8 94
63 77
15 43
47 90
22 26
27 51
51 86
42 90
64 18
41 18
17 22
54 62
73 68
10 42
15 91
58 84
71 46
71 32
62 11
88 80
23 25
69 24
45 65
11 1
58 38
96 27
14 67
87 39
100 82
18 71
52 92
93 76
80 87
50 90
81 59
100 22
58 58
65 84
68 9
32 55
100 50
12 89
5 85
73 18
24 74
58 20
40 42
97 46
3 2
95 79
51 31
49 36
78 33
75 34
81 54
35 40
59 87
80 17
94 92
83 74
94 97
45 92
35 60
13 52
79 37
69 63
81 49
15 33
31 11
46 68
65 75
16 82
8 15
93 78
66 86
54 91
25 19
30 80
33 79
99 42
68 6
14 43
80 55
89 65
73 61
48 19
64 33
35 44
6 47
18 35
56 42
31 92
23 94
52 25
92 71
92 56
55 39
86 47
91 36
54 85
45 42
90 15
3 70
67 33
25 38
59 97
38 83
59 60
2 14
85 47
2 15
81 77
63 25
46 22
18 43
71 17
44 18
68 61
5 80
97 11
46 24
98 66
67 93
46 86
86 23
40 86
35 43
83 27
59 70
78 98
47 1
41 23
16 65
59 20
52 41
86 72
74 67
78 22
13 17
96 27
98 100
1 33
29 97
8 49
33 38
5 55
40 44
66 87
47 32
82 69
91 89
19 84
53 86
36 64
54 14
45 26
55 12
48 21
85 63
23 53
19 39
85 86
100 64
69 98
17 41
87 95
6 13
89 9
97 91
15 97
89 22
29 18
20 72
26 69
44 66
7 24
27 52
18 4
72 83
84 67
54 40
50 38
35 62
1 86
19 56
20 28
90 22
61 90
29 46
35 88
64 77
23 37
67 13
14 91
100 39
16 19
79 39
55 12
71 48
43 78
32 87
96 28
84 36
34 95
33 76
92 85
40 42
11 22
9 25
75 3
39 97
43 7
60 63
40 54
1 28
41 6
52 62
84 30
66 74
28 35
93 92
59 52
69 64
49 88
26 31
45 65
9 25
60 61
69 82
66 14
45 62
99 54
53 98
34 39
98 9
95 72
89 67
66 39
97 36
9 95
87 90
27 52
44 97
75 27
66 85
32 51
11 98
100 95
70 65
59 54
49 9
74 61
87 62
83 26
93 68
17 61
