1000 1000
6 77
67 76
17 27
100 80
27 28
85 3
61 100
22 20
49 21
37 13
98 76
89 40
29 78
71 37
90 94
83 49
51 43
96 56
37 31
73 53
83 52
41 59
60 83
51 53
11 84
42 46
88 5
32 30
36 86
100 6
80 24
21 22
30 68
29 99
89 92
72 58
13 9
77 79
97 7
40 95
21 32
34 65
28 81
90 74
41 56
48 11
72 17
54 92
65 19
51 56
95 87
4 34
65 21
40 66
97 56
77 7
99 36
78 52
65 80
53 72
65 52
26 51
58 57
65 20
96 49
65 17
18 27
25 89
27 96
37 71
32 5
73 82
12 77
34 28
82 86
35 13
61 1
9 54
65 88
17 22
33 60
90 95
6 45
70 37
13 30
63 75
80 99
16 24
61 68
56 61
5 83
92 7
19 39
8 76
39 29
23 52
80 100
56 95
56 26
74 91
6 7
57 17
90 92
80 78
15 99
17 30
10 88
53 97
49 16
12 67
65 35
97 99
71 45
40 36
32 75
47 78
27 69
91 59
93 78
79 59
63 5
58 51
69 11
91 22
49 44
2 26
44 46
5 15
4 2
91 17
14 50
91 50
77 11
52 64
69 49
1 72
21 9
75 67
93 44
94 87
51 61
11 13
70 48
19 57
97 47
44 79
14 47
91 35
73 76
76 50
69 49
65 54
6 38
72 43
15 97
68 99
16 39
42 75
86 26
27 12
79 15
73 75
91 33
81 41
4 27
58 15
55 88
76 6
41 55
45 9
94 94
14 61
46 42
39 9
67 61
74 22
81 55
86 38
59 39
62 69
44 18
45 11
5 48
70 83
55 50
5 10
89 39
18 60
12 37
14 41
56 44
91 3
32 98
43 64
100 93
77 48
74 54
7 37
40 2
38 32
82 83
73 52
30 35
30 65
75 15
57 29
85 52
54 32
93 84
55 7
68 76
43 84
79 32
75 60
76 22
87 72
50 71
62 23
58 54
13 10
55 66
1 43
35 17
57 72
62 83
39 65
7 91
55 64
73 78
92 48
17 28
95 86
96 74
4 99
79 17
48 39
66 91
43 61
96 72
100 56
51 28
61 100
100 6
71 61
45 41
21 99
27 2
79 99
15 20
92 20
20 29
30 32
35 85
90 59
68 87
91 31
43 16
84 60
5 58
40 93
22 71
83 94
43 8
67 98
87 45
29 75
57 7
21 78
45 21
53 21
20 89
34 63
17 44
18 38
93 82
76 44
46 50
80 22
72 57
58 16
50 2
77 51
41 21
73 28
48 46
4 84
71 14
77 55
26 44
13 97
38 75
44 97
71 23
55 88
3 80
24 38
34 7
97 20
16 53
73 73
10 70
38 59
71 80
31 4
78 85
35 15
83 73
86 6
9 85
5 92
31 21
63 75
18 42
35 82
30 75
87 63
69 97
2 69
32 27
93 17
70 34
32 97
17 58
10 52
94 58
35 40
71 40
95 55
24 3
84 7
57 97
93 98
15 41
59 22
48 76
10 44
32 4
89 12
7 74
92 11
29 52
93 39
49 72
30 50
7 17
46 92
83 99
59 12
8 48
22 5
77 64
57 29
36 26
96 19
86 71
93 8
83 82
72 36
79 55
34 78
97 58
71 41
42 15
35 20
2 82
31 15
38 73
83 55
12 29
88 32
86 57
99 57
34 63
36 64
45 59
99 64
59 79
82 2
96 12
56 15
36 65
36 26
73 75
67 75
75 52
91 55
80 95
83 94
98 67
61 65
84 15
57 24
18 28
9 96
14 49
2 13
54 37
88 72
9 6
30 10
23 93
58 60
29 42
54 51
65 55
40 30
44 60
59 38
40 16
26 17
19 43
17 68
68 92
91 12
49 29
27 41
8 94
89 4
50 30
11 40
9 58
60 6
79 40
65 1
68 60
45 70
37 37
47 33
81 78
48 35
19 17
20 88
41 72
64 4
1 8
99 75
3 12
8 74
71 7
28 18
96 100
24 75
82 88
75 22
67 46
69 52
64 21
58 23
61 93
67 49
10 11
85 99
42 86
81 24
18 50
99 23
85 84
54 72
35 17
60 20
97 64
80 10
13 29
52 96
39 26
17 99
12 76
73 23
86 72
81 57
59 59
82 76
4 75
9 49
38 41
16 11
16 35
55 46
65 29
63 88
40 73
61 8
36 21
13 52
25 76
5 77
6 97
71 12
87 60
37 60
40 39
11 3
73 36
22 12
28 47
87 11
18 84
70 12
13 26
2 36
81 24
90 62
62 64
18 11
18 14
29 9
64 57
63 76
8 13
45 22
98 27
21 31
8 90
43 18
78 78
47 46
11 34
33 39
23 43
91 47
50 97
14 51
83 94
59 82
60 39
46 75
78 6
1 41
74 46
50 19
45 27
64 56
51 29
15 49
37 21
13 31
63 43
12 21
62 64
66 81
55 86
11 92
74 43
39 66
14 17
72 92
22 45
46 32
83 85
29 62
18 97
91 12
48 17
98 42
53 20
47 9
95 8
68 86
36 5
54 43
3 92
43 77
19 23
57 85
27 16
59 27
8 98
77 72
72 16
24 3
52 46
96 46
67 90
67 30
89 44
87 85
86 86
81 22
77 75
32 38
55 99
84 97
10 34
6 16
22 40
64 90
70 48
98 62
57 35
92 94
48 65
41 50
4 83
3 32
74 55
22 59
64 2
28 32
41 58
7 52
97 43
21 61
72 75
38 62
29 22
4 38
7 35
85 68
34 92
25 11
42 97
25 66
18 90
1 24
13 53
88 49
31 30
79 38
72 64
47 81
87 93
69 7
2 16
39 19
89 1
9 59
25 67
76 16
35 87
21 24
96 21
98 2
18 73
25 44
97 41
48 55
88 100
27 6
52 64
49 52
98 7
32 3
60 52
77 89
53 70
40 90
70 69
80 97
100 76
81 8
22 29
21 76
61 81
45 14
80 58
75 36
50 75
68 63
11 43
64 97
23 55
54 68
51 72
62 36
82 48
77 29
11 27
1 81
28 63
87 34
98 13
31 88
42 73
63 15
38 26
14 2
33 10
72 47
32 54
83 43
39 32
31 70
6 89
47 25
96 37
66 6
35 59
7 70
50 25
76 53
35 52
48 33
78 26
24 35
51 73
47 6
97 34
42 61
71 12
88 68
32 51
11 21
80 44
47 25
35 61
26 18
40 60
100 62
14 18
91 78
4 88
79 98
21 63
80 10
79 77
5 32
56 63
91 62
10 43
88 81
71 80
23 8
14 49
94 87
71 59
52 89
94 98
91 11
68 39
17 24
37 89
45 63
13 68
83 76
55 67
74 75
54 33
60 45
63 12
76 64
33 46
85 73
5 30
58 1
18 21
43 93
49 16
52 49
98 34
27 30
14 65
93 25
8 5
32 19
91 83
43 12
27 65
67 46
77 29
16 86
53 53
47 34
11 71
84 22
7 53
55 24
76 78
80 87
92 84
83 74
21 93
94 25
35 94
4 88
16 19
82 37
59 28
21 16
98 62
58 80
72 53
26 65
34 8
69 23
85 31
1 40
76 34
42 65
30 99
89 99
46 96
57 17
30 31
21 75
69 81
83 24
87 35
12 56
90 72
50 14
49 5
32 44
61 37
59 85
32 31
21 83
85 82
72 90
48 75
13 97
69 32
63 50
49 7
96 90
43 17
41 9
60 81
89 26
86 30
1 84
88 31
90 92
45 85
49 73
35 39
30 78
88 3
61 17
65 94
52 66
44 23
35 36
3 51
75 44
76 49
80 10
30 35
93 23
22 56
18 1
7 69
93 36
13 91
64 81
72 43
65 51
52 27
52 62
11 1
8 84
71 92
86 62
74 54
42 76
36 43
60 82
26 68
17 47
37 75
63 31
85 54
62 82
70 77
74 64
62 69
80 18
3 29
52 52
51 8
65 90
84 68
72 57
98 93
48 68
95 86
39 27
25 32
23 74
76 44
66 82
71 88
32 5
92 55
73 96
18 86
4 65
2 80
25 70
72 63
37 55
41 60
39 46
100 48
88 51
29 83
10 22
76 67
64 11
92 70
9 27
62 55
96 78
69 2
83 48
58 85
100 19
95 84
24 29
73 28
11 72
59 70
36 65
17 12
13 2
58 19
69 87
45 40
48 77
34 11
29 21
17 12
83 58
66 54
19 20
21 74
44 25
34 19
41 94
87 91
6 90
83 69
66 58
84 32
17 75
5 40
53 35
69 97
87 26
19 29
87 76
44 40
79 67
76 22
85 64
49 76
59 2
66 34
80 26
16 95
29 53
38 7
4 55
58 13
2 71
59 41
84 70
75 25
49 2
60 67
89 25
31 39
96 70
51 63
72 37
2 33
25 100
86 69
63 46
86 81
6 88
75 77
92 79
41 49
77 61
28 30
28 89
5 92
91 43
26 25
2 15
21 26
10 88
70 78
92 38
8 36
42 65
43 27
14 33
60 63
49 82
8 59
73 45
92 62
44 31
85 56
6 91
39 6
34 75
42 39
31 70
