1000 1000
48 40
43 34
48 63
72 57
11 94
88 81
53 17
18 45
60 50
25 48
85 57
65 44
43 19
12 99
27 94
42 20
65 24
34 74
57 11
58 8
11 57
14 13
32 71
13 82
14 33
35 35
100 21
60 45
95 42
21 88
61 30
76 33
50 64
64 95
83 99
58 38
1 69
18 52
25 57
75 29
37 26
76 88
7 51
21 88
50 42
27 26
44 42
18 18
9 34
58 73
22 36
8 90
11 57
27 4
62 80
50 21
48 85
66 55
82 41
26 73
20 67
60 84
85 34
38 28
39 52
58 73
62 89
89 26
40 86
77 12
2 91
86 2
9 34
23 73
78 16
62 7
70 2
12 20
90 7
12 23
18 28
40 64
83 51
5 59
42 21
31 16
81 77
70 7
47 10
90 97
49 21
19 88
56 90
10 3
64 16
28 16
80 74
63 37
6 54
13 76
42 26
54 29
59 97
47 76
79 68
97 95
67 97
80 32
25 43
66 66
62 86
54 1
78 50
3 86
76 8
36 5
80 60
41 61
5 72
21 27
75 35
78 39
93 46
15 49
21 11
77 1
95 6
51 6
60 4
80 16
9 66
71 74
37 57
86 100
92 63
60 4
11 76
38 37
59 57
49 2
44 27
6 81
95 67
94 12
56 35
43 34
70 98
79 46
98 22
93 63
32 43
17 84
79 54
59 12
89 72
13 50
11 21
23 6
81 1
59 32
1 27
86 100
86 74
73 2
46 39
68 65
30 35
77 67
42 58
41 16
12 63
5 28
59 36
63 4
85 93
55 3
48 84
8 72
77 80
12 84
59 86
40 90
46 33
99 66
90 54
100 72
62 35
96 7
85 10
25 94
71 92
64 4
13 97
89 17
16 43
51 5
29 4
51 72
43 37
1 8
24 89
90 81
95 86
93 89
3 65
72 75
2 40
50 59
83 6
21 14
96 51
47 80
36 30
22 46
100 56
73 80
51 9
2 79
93 30
89 12
88 80
63 22
25 3
7 56
5 97
96 82
6 5
74 72
43 13
33 27
96 76
34 22
30 59
18 72
23 47
17 84
18 64
53 34
8 98
81 32
81 68
46 76
19 23
75 56
22 45
52 18
17 2
62 20
51 8
55 41
5 73
86 3
46 21
50 11
79 35
7 86
85 58
59 55
59 51
48 80
68 92
12 62
67 76
34 46
18 67
28 59
52 35
18 55
2 91
69 44
85 33
7 55
33 19
36 100
95 20
24 54
44 52
53 62
82 3
36 34
67 54
59 26
44 100
19 90
66 40
49 36
9 94
50 22
46 19
66 27
77 58
7 99
88 16
48 79
32 96
61 5
76 75
69 22
47 37
21 43
14 62
46 93
20 5
78 94
27 99
86 23
35 29
99 88
79 72
27 21
71 59
97 57
1 40
41 14
71 74
10 81
80 53
84 86
32 73
1 37
24 68
36 43
57 32
56 52
64 84
99 94
61 5
32 87
46 46
60 64
31 92
99 70
94 89
61 1
4 45
94 89
8 54
42 5
44 17
94 51
62 36
18 27
38 85
80 59
7 29
8 12
29 83
16 12
47 14
78 9
66 78
25 71
81 83
17 11
56 75
50 33
93 31
56 13
90 97
8 32
31 24
5 27
93 48
68 1
57 100
10 3
81 87
73 36
6 56
49 85
69 20
67 57
72 65
88 61
10 4
84 90
29 38
6 40
71 15
52 93
97 19
39 61
87 92
6 2
46 54
96 99
99 28
68 81
59 48
14 1
43 64
86 64
93 30
45 6
80 48
17 32
80 32
93 77
78 73
46 44
31 38
4 98
57 31
86 56
72 39
17 63
91 48
48 41
87 14
32 43
60 72
38 24
11 31
13 46
79 1
15 20
75 47
90 10
87 1
100 46
42 85
99 85
27 27
34 79
61 32
87 85
76 28
48 61
70 7
95 78
95 61
27 46
94 86
68 35
75 5
39 33
40 40
24 44
40 88
35 2
27 99
61 54
19 88
83 4
61 15
70 92
55 14
46 25
81 28
55 36
75 95
81 26
63 73
4 16
38 42
62 28
50 46
18 15
48 60
77 40
79 58
10 68
33 32
87 100
43 70
94 32
88 17
56 62
48 53
82 24
17 3
62 65
1 8
35 58
60 42
65 8
92 35
36 23
81 44
46 60
55 87
94 92
19 96
52 37
34 41
29 77
51 72
52 3
41 87
9 26
24 50
59 33
24 32
58 19
4 18
39 6
24 23
1 3
92 14
31 15
55 13
44 36
96 79
72 77
40 10
100 43
2 52
13 89
42 93
44 1
35 64
10 21
22 1
80 97
38 36
80 40
15 76
62 80
39 42
61 88
92 55
90 90
10 75
1 46
91 77
69 53
1 54
100 90
34 25
99 71
50 56
39 91
10 38
57 84
47 36
44 54
87 73
15 42
77 49
4 45
37 9
17 20
22 13
65 32
75 29
75 74
39 40
48 17
5 95
84 9
9 11
68 72
37 95
14 92
43 88
69 33
68 61
93 17
66 1
58 75
28 91
67 97
64 94
96 50
2 63
1 72
7 17
90 80
46 85
24 64
1 6
1 62
37 49
68 2
91 41
85 24
89 10
60 36
86 61
23 26
70 5
32 68
36 11
82 10
27 90
3 16
65 80
36 66
10 12
87 43
67 61
69 10
76 47
30 64
63 5
66 32
35 32
34 47
66 34
28 23
82 29
6 77
93 67
96 29
97 90
77 40
96 87
52 35
43 44
74 47
63 21
12 7
25 67
7 66
59 35
63 44
87 70
84 77
19 12
24 5
87 82
93 78
32 100
70 8
37 3
27 23
45 84
22 64
93 77
52 10
21 39
78 30
56 87
23 68
73 47
13 54
7 6
22 61
62 70
19 40
16 96
92 12
33 3
86 15
17 5
20 88
57 2
65 65
18 91
64 83
90 87
73 52
6 24
41 68
92 85
55 91
97 27
44 33
74 18
27 50
76 43
79 38
70 67
26 73
25 42
15 5
58 16
2 74
3 60
1 44
93 24
11 82
97 96
87 14
15 60
84 61
84 54
32 20
20 39
57 54
36 96
95 65
66 87
92 31
58 72
87 48
15 35
19 63
23 15
88 50
94 2
66 67
86 22
33 52
33 8
56 62
69 91
62 19
34 81
58 5
5 60
47 94
45 61
44 72
58 36
25 34
23 72
78 24
45 58
51 71
43 20
95 26
35 98
43 52
74 14
19 93
17 62
96 51
19 100
71 84
7 86
18 27
47 59
53 75
80 87
66 24
33 93
64 40
18 33
78 66
11 3
98 40
56 80
28 75
35 37
32 3
1 11
6 75
48 48
26 74
88 71
71 70
46 65
79 61
52 82
98 66
95 19
35 45
80 65
69 93
70 16
19 41
70 93
39 81
55 87
28 79
50 92
17 69
80 80
80 69
43 54
20 53
1 74
8 58
95 26
60 74
60 94
65 41
16 10
70 66
33 95
67 78
32 30
90 96
76 7
70 29
28 12
22 75
53 54
74 7
99 5
63 17
94 83
19 17
61 3
98 24
57 63
30 6
86 95
48 5
21 10
39 63
19 99
73 52
73 17
31 87
75 91
40 21
6 37
50 71
94 60
57 9
19 57
5 51
97 67
83 88
8 82
85 10
63 58
4 6
2 87
50 24
42 33
52 6
61 62
78 38
76 80
62 65
64 76
51 74
23 81
24 38
22 30
72 18
48 92
63 14
1 63
26 28
43 90
19 85
90 98
10 52
26 32
46 34
89 58
45 20
8 8
55 65
20 92
21 12
33 45
23 90
52 9
41 53
5 76
35 94
25 73
76 47
44 4
85 80
30 59
42 66
54 97
80 46
70 15
8 96
89 66
49 76
42 38
41 5
42 43
86 62
2 81
64 59
67 67
94 25
57 95
63 82
40 79
100 92
69 74
56 55
59 32
95 25
22 32
54 58
67 49
34 23
38 68
75 1
42 44
39 38
72 52
17 53
89 28
94 55
8 96
93 80
84 98
6 15
62 36
33 47
9 16
59 50
66 15
55 97
37 8
72 58
82 50
48 20
75 53
46 44
17 83
18 72
17 26
54 98
39 12
8 69
29 9
43 24
11 83
2 3
52 15
86 61
53 9
18 53
30 6
4 8
48 68
14 76
64 80
45 17
63 31
91 20
12 91
25 1
73 15
24 43
50 93
1 69
86 59
57 18
76 9
37 14
34 77
37 41
33 37
51 85
90 3
73 16
51 47
12 73
69 12
25 87
57 40
20 75
68 49
87 19
55 31
90 19
72 42
75 51
55 12
3 25
51 8
79 5
88 64
41 58
29 21
21 22
29 17
26 52
55 92
89 42
50 99
47 83
20 5
54 49
64 100
5 14
8 93
58 38
61 44
44 29
36 80
97 17
19 4
35 88
90 57
41 13
69 95
49 16
63 73
89 94
76 84
9 82
28 15
88 73
33 1
17 76
97 2
63 14
98 43
66 7
75 13
47 76
7 74
20 7
42 24
34 62
