100 100
25 92
50 58
49 73
5 99
1 88
29 32
79 75
9 86
64 49
78 92
94 3
91 54
44 80
48 45
28 60
95 14
69 26
6 22
62 59
57 84
7 21
4 9
67 39
86 17
3 19
3 78
34 49
10 69
32 63
64 98
4 24
48 88
11 9
73 81
49 68
9 17
39 31
93 16
8 5
94 7
74 17
94 16
61 87
22 90
41 92
3 71
4 24
32 49
2 95
73 55
24 27
74 59
29 15
36 42
28 42
43 44
67 12
82 74
6 39
93 52
18 35
46 62
26 82
40 84
82 7
79 10
4 84
61 4
72 3
57 16
8 87
24 67
90 42
23 6
28 21
23 62
1 27
11 70
44 64
81 46
13 26
8 37
51 69
51 49
65 29
46 76
28 89
19 56
80 59
54 58
9 16
85 50
71 47
89 89
27 27
6 6
89 13
50 3
54 51
30 17
