100 100
76 41
59 95
63 46
9 7
80 76
95 42
1 92
76 85
60 73
5 4
65 77
8 20
23 91
26 37
16 26
94 9
97 91
56 23
48 70
99 92
53 20
53 1
50 58
94 35
27 48
54 66
49 34
25 64
60 50
38 83
46 21
85 100
63 9
52 67
52 11
32 24
16 61
23 30
100 11
70 85
71 66
51 8
6 44
86 3
49 24
71 22
67 68
85 54
77 35
57 8
17 89
98 60
45 67
97 36
44 25
30 20
11 42
63 44
67 55
3 79
46 65
73 66
51 51
58 88
40 22
49 2
9 45
17 81
21 20
3 99
49 26
77 100
53 27
71 14
40 82
52 44
63 99
12 51
70 61
46 86
53 98
57 65
72 79
17 29
46 33
11 63
53 81
89 50
96 65
86 68
65 16
49 77
79 87
63 97
56 5
16 92
68 84
52 39
96 37
49 27
