1000 1000
64 2
31 5
73 81
52 95
27 48
24 53
48 85
9 43
36 69
74 93
86 13
79 81
64 43
8 40
79 74
18 71
67 83
75 17
59 79
47 61
30 11
94 21
5 80
4 83
18 31
37 22
93 64
38 22
91 12
20 55
67 4
31 45
47 72
68 84
67 57
23 36
67 87
99 47
61 11
17 14
27 70
75 100
38 23
57 26
60 32
59 55
21 73
17 99
25 38
11 99
15 11
22 97
94 21
31 66
27 51
66 5
25 33
60 4
32 92
88 64
52 21
18 52
23 69
94 46
4 38
2 69
69 29
34 84
49 82
51 47
58 27
57 43
19 14
70 47
6 18
77 14
93 40
6 48
58 84
79 14
77 75
57 46
56 49
80 25
93 44
47 47
94 90
32 25
62 86
31 6
39 98
46 31
38 9
99 86
30 87
64 79
58 33
70 13
13 26
61 32
20 1
76 6
79 78
5 67
73 33
16 17
94 64
94 48
77 69
47 51
31 39
84 29
59 62
20 3
80 80
15 8
37 50
75 61
67 8
97 19
75 78
32 74
55 7
95 28
4 40
9 22
14 18
31 38
73 11
44 79
65 3
45 53
47 45
9 48
41 47
92 56
45 2
17 77
99 32
48 97
45 90
43 22
40 80
73 63
2 27
20 11
71 50
13 44
84 19
36 99
44 74
57 27
8 36
76 2
3 95
11 48
59 16
37 70
38 68
24 53
1 91
89 69
68 97
16 94
6 12
63 23
29 14
3 52
1 55
72 20
18 9
95 70
28 74
17 14
54 35
16 68
18 99
56 57
71 60
68 11
53 69
16 92
3 57
94 55
17 14
3 34
58 67
70 5
9 91
4 66
91 62
25 6
90 79
45 36
23 63
29 6
64 67
32 42
99 63
17 7
73 84
42 90
31 86
64 15
74 50
6 82
99 40
37 59
4 35
98 90
54 60
37 64
27 48
2 89
23 53
9 70
4 44
89 70
12 67
33 75
84 70
46 95
46 14
61 22
47 32
85 38
19 42
79 24
27 55
58 31
38 42
83 49
69 62
55 98
44 62
75 93
88 3
77 40
100 23
19 32
50 72
46 56
58 92
98 48
94 17
52 48
22 8
67 58
68 30
2 83
34 17
69 31
55 5
9 68
43 42
85 77
16 87
73 26
95 54
84 76
34 80
4 3
74 48
55 97
8 23
71 93
40 14
58 74
86 34
20 50
85 51
33 59
54 46
84 3
25 1
24 35
71 6
11 66
91 47
35 52
50 9
10 88
18 92
1 31
20 2
65 40
20 35
10 93
67 9
67 13
29 51
47 46
72 24
3 72
28 33
3 41
77 66
89 28
86 70
29 66
93 99
15 59
36 77
58 87
32 71
5 94
59 54
19 66
51 70
15 29
11 67
74 27
22 62
80 31
87 93
44 5
36 73
53 93
5 30
17 52
80 76
81 54
63 63
62 3
21 86
69 17
82 61
6 75
51 67
70 19
44 53
80 90
65 7
45 58
90 70
9 54
2 28
73 30
60 53
27 30
38 33
86 19
29 94
64 56
33 53
69 61
34 67
97 8
89 6
84 61
32 18
30 69
79 56
88 35
55 86
19 81
17 85
9 50
2 12
91 15
10 84
84 68
32 94
40 73
62 81
70 10
23 62
82 93
87 38
46 18
93 87
5 76
70 22
56 96
74 64
8 66
51 67
49 91
8 79
99 57
100 81
17 24
45 54
38 90
100 22
45 19
96 60
46 70
75 11
25 13
24 42
15 23
64 37
28 40
14 97
48 85
96 73
26 60
49 40
4 91
44 56
38 44
66 65
8 80
89 19
35 41
24 61
45 69
40 67
61 18
66 28
21 76
42 13
62 23
99 29
56 63
66 95
6 52
78 23
58 6
92 29
56 16
88 78
53 57
75 82
57 8
88 52
35 26
25 36
61 52
19 56
13 83
99 32
11 67
81 45
76 69
53 66
17 82
20 47
79 64
5 29
29 41
64 53
87 18
50 94
62 23
99 29
73 8
89 57
48 1
41 61
66 39
74 63
44 95
12 75
68 1
63 11
97 49
75 13
83 52
91 83
64 35
96 14
45 9
41 1
85 38
90 70
37 1
97 23
75 61
66 72
75 61
15 54
41 41
80 59
91 64
12 37
84 78
90 57
28 88
23 1
55 63
11 29
35 79
73 46
17 17
51 37
65 37
57 54
32 96
46 52
6 66
57 67
57 61
55 13
38 62
93 94
61 84
62 99
98 62
71 63
57 22
88 2
93 67
5 62
25 3
12 54
98 41
94 13
52 43
99 19
9 6
85 22
85 95
68 59
29 77
72 75
77 93
49 83
58 91
82 52
41 13
81 35
26 24
29 1
14 81
66 95
35 11
77 95
75 61
38 73
27 76
66 6
41 25
71 1
69 77
62 69
66 43
55 91
34 90
58 89
56 80
78 42
12 53
74 49
45 77
2 71
98 3
81 62
56 96
25 22
8 78
60 36
67 31
52 20
75 40
84 61
11 37
12 80
91 49
18 22
55 93
93 30
25 64
20 69
54 85
99 14
41 70
96 90
92 27
68 30
97 8
58 50
74 2
15 80
1 37
52 99
2 97
91 88
55 88
17 40
21 49
40 86
26 70
75 85
27 45
63 26
83 79
16 59
30 16
84 38
33 37
72 75
67 92
13 24
17 72
72 32
11 35
70 71
53 19
65 43
58 95
34 95
30 32
89 12
54 54
51 13
23 57
30 25
34 15
89 20
23 1
69 7
7 31
37 44
55 11
92 88
80 16
2 79
98 7
14 60
22 68
24 9
52 36
94 18
86 55
18 95
42 2
40 73
36 50
82 41
80 14
66 73
10 73
45 47
32 48
5 45
23 2
69 9
60 66
49 4
25 62
83 85
75 65
53 75
98 97
90 44
33 80
42 93
67 5
37 9
75 44
88 15
45 99
7 19
18 62
97 90
73 34
3 100
43 35
67 64
37 44
7 86
81 56
17 36
93 71
67 85
79 87
93 74
46 42
92 22
62 57
84 22
96 58
38 44
19 61
28 35
31 90
19 82
80 42
94 15
14 91
86 25
5 1
54 70
72 9
3 84
62 10
58 56
51 8
1 75
4 44
12 61
46 91
51 52
85 92
62 84
16 1
100 72
48 80
76 78
38 95
53 59
23 24
89 83
52 4
8 7
69 69
61 27
97 31
18 64
41 27
55 98
57 63
31 63
33 52
55 98
54 3
69 57
22 64
22 85
74 58
76 37
80 61
82 62
72 78
1 24
91 33
36 69
75 23
16 82
28 20
98 20
40 77
64 2
16 98
37 95
51 35
29 39
10 36
14 45
31 84
98 57
92 27
31 61
24 40
27 56
28 36
59 98
98 55
89 43
33 74
28 11
64 30
53 27
37 54
30 40
83 82
13 10
76 92
98 73
34 96
2 56
19 34
50 79
19 19
63 52
68 45
77 42
1 60
100 12
33 29
25 54
32 76
66 50
91 89
2 20
17 68
6 52
72 39
69 4
68 17
68 42
2 81
71 82
67 62
18 31
21 72
61 54
96 72
46 91
81 38
70 77
81 73
21 78
16 6
32 64
16 67
65 48
8 89
11 63
34 59
29 58
83 88
78 90
97 76
55 59
16 97
20 94
73 4
64 51
21 49
89 23
2 46
46 86
26 49
39 91
23 95
33 36
72 89
52 31
15 24
30 53
88 18
54 53
50 45
50 85
68 62
35 5
9 35
25 37
33 55
16 91
85 27
30 25
52 22
71 10
40 55
73 14
58 94
90 33
14 50
71 11
71 99
66 92
58 35
2 28
71 25
65 28
28 68
95 8
6 5
29 95
32 47
2 55
26 37
12 13
89 16
1 30
49 34
6 44
38 46
64 46
7 71
68 99
65 63
96 17
63 73
10 43
43 8
4 95
49 72
15 41
25 1
7 47
2 70
15 56
94 93
78 90
8 31
55 23
9 38
92 49
63 7
10 81
76 47
66 80
40 75
26 80
79 76
47 77
86 19
32 86
72 18
65 83
46 98
33 13
78 70
78 97
8 59
36 43
90 87
91 6
33 82
16 84
24 95
89 56
84 46
9 26
7 65
5 43
42 17
82 9
37 90
89 12
33 28
58 76
62 39
20 52
56 66
96 92
59 87
53 37
86 81
79 34
83 88
16 76
98 17
72 35
41 8
3 67
68 91
51 99
98 43
62 17
66 18
98 26
9 89
17 37
65 83
69 15
46 90
79 77
73 47
33 68
3 93
65 11
38 60
4 51
1 39
11 2
44 48
7 52
60 99
56 30
37 14
47 80
96 92
76 89
41 77
68 69
38 93
28 58
53 94
10 89
66 16
91 74
49 82
53 2
7 99
75 91
30 7
38 100
9 3
45 86
83 4
21 9
42 47
79 14
83 20
38 12
3 67
93 62
90 55
67 64
69 56
41 15
9 59
76 68
97 62
77 25
49 33
43 87
7 66
50 10
84 87
82 19
1 32
87 53
11 97
