1000 1000
49 27
30 23
91 75
56 30
13 37
54 95
4 1
7 55
52 56
67 62
47 65
14 51
41 40
75 97
61 37
80 9
78 81
46 19
29 59
94 64
12 94
52 63
28 10
8 10
58 64
31 23
60 36
64 1
86 72
43 1
9 94
3 25
58 13
88 24
18 40
54 7
30 92
43 54
77 65
46 43
62 66
11 90
42 9
13 9
82 17
83 15
13 46
18 64
49 68
1 55
61 69
88 43
82 89
70 86
68 79
76 47
59 85
10 13
62 49
61 7
35 51
97 82
65 51
34 10
87 87
24 28
22 56
13 61
49 81
45 35
98 38
61 22
51 88
78 36
7 36
2 91
57 83
7 85
54 30
27 10
85 25
43 64
59 57
70 45
67 61
59 43
37 23
31 56
22 91
62 64
49 52
50 36
55 68
96 77
9 93
27 35
64 43
71 39
1 3
93 60
29 1
20 87
61 96
17 78
26 55
86 32
98 27
23 78
88 96
29 42
9 77
47 76
58 97
69 84
61 68
4 18
44 93
57 5
60 7
15 3
75 2
84 38
31 14
90 70
5 13
30 70
80 33
47 80
84 11
6 68
23 86
100 78
29 82
81 58
16 57
6 75
55 63
57 37
51 38
10 39
14 49
78 44
15 40
80 14
13 20
22 70
25 64
56 38
87 62
6 51
99 41
97 37
92 9
18 88
89 73
4 66
72 84
51 61
5 81
81 10
10 24
37 89
61 52
27 55
45 91
11 23
17 6
31 73
25 64
67 75
39 43
30 26
38 89
97 80
80 83
56 16
100 78
70 20
96 14
40 39
75 14
96 82
72 89
21 54
66 78
54 30
31 3
96 7
63 75
78 77
51 84
37 78
98 24
60 5
68 84
53 25
50 61
45 43
84 100
54 100
42 44
39 62
39 54
89 50
79 95
54 89
75 14
73 24
47 97
58 69
64 46
18 39
24 58
88 53
51 80
52 29
1 29
18 84
23 13
14 77
9 14
59 72
95 47
36 83
98 55
83 99
47 80
25 31
78 7
20 22
78 14
65 27
26 32
78 100
19 73
39 72
80 81
8 27
10 40
61 26
58 11
94 98
56 21
76 54
81 86
91 54
18 38
14 7
91 66
29 17
86 17
60 48
89 18
40 6
73 80
91 23
31 22
43 5
12 37
53 49
92 25
67 90
57 60
48 95
2 56
53 31
40 23
97 78
10 59
26 53
60 50
59 37
76 94
68 23
27 86
50 71
74 64
93 44
68 88
65 11
21 30
7 26
71 72
73 61
91 43
50 73
50 14
52 96
1 79
7 55
36 64
27 55
91 39
100 78
74 25
80 28
36 26
74 66
89 80
65 21
23 33
71 72
48 76
29 49
46 35
27 75
30 94
1 72
82 82
57 18
92 59
56 74
55 37
40 79
83 64
81 71
69 34
46 35
65 12
53 35
41 65
74 58
82 90
65 52
33 88
55 42
14 68
70 59
10 17
80 8
9 60
95 30
78 32
88 2
30 71
11 40
27 13
90 71
39 44
5 71
78 80
17 94
75 91
41 61
10 53
1 27
9 16
15 1
87 88
2 28
100 8
55 51
46 50
85 13
40 3
88 10
14 12
89 45
40 5
11 34
13 86
86 58
49 86
19 53
1 49
1 46
84 8
47 71
35 99
8 81
53 45
50 50
57 37
53 89
93 89
89 68
85 52
81 59
33 89
43 34
23 99
68 94
42 13
93 53
13 87
90 53
33 97
72 90
93 49
73 57
82 1
51 42
40 3
94 62
34 47
57 8
94 22
45 11
46 43
7 27
28 40
82 41
2 78
78 90
38 2
74 100
59 51
82 36
38 67
87 42
81 86
56 49
99 33
24 93
43 4
17 66
11 5
87 3
12 51
62 86
15 24
1 81
96 48
15 38
85 5
4 76
73 65
89 57
91 5
63 100
58 63
64 74
11 72
76 58
1 27
42 79
65 43
45 93
83 75
84 79
43 74
52 24
23 44
59 50
65 41
45 22
83 47
37 50
27 98
58 67
39 21
98 16
72 46
42 80
68 5
15 58
79 8
35 2
55 66
35 46
19 86
78 72
70 14
80 85
67 89
16 37
16 86
84 51
5 47
81 37
15 66
82 14
95 35
5 27
54 31
32 46
88 70
6 26
13 66
7 37
2 56
76 76
73 65
37 77
41 86
48 84
62 61
81 34
56 14
69 22
33 65
49 85
5 29
19 17
7 36
40 46
99 57
60 97
18 1
80 85
33 38
100 91
9 89
8 85
26 82
53 56
32 83
98 56
77 83
90 4
21 40
38 13
4 54
57 80
36 33
37 48
60 75
42 22
26 18
13 5
58 37
27 6
86 78
80 90
78 3
35 81
17 11
45 4
58 17
74 77
67 13
30 37
73 87
28 2
84 78
35 23
23 81
57 65
79 8
98 32
37 30
9 88
46 11
46 85
14 21
48 85
86 5
20 52
89 60
26 71
81 74
85 6
39 78
57 64
15 23
99 58
24 70
31 8
39 97
97 3
90 11
99 89
88 17
80 29
93 98
51 45
9 76
43 77
4 70
66 35
28 72
1 30
74 91
29 14
72 48
85 6
87 61
55 28
40 18
33 48
25 31
9 91
46 95
15 89
4 60
52 82
100 19
50 99
36 51
57 19
85 83
6 54
64 70
47 1
78 66
1 4
18 54
97 32
3 66
96 28
31 58
20 44
57 55
19 15
28 33
97 52
65 42
76 62
28 19
43 30
5 68
18 21
14 80
58 68
88 27
74 34
89 12
53 67
86 11
30 75
67 66
99 60
98 33
35 29
3 87
91 78
41 14
58 86
70 88
68 73
50 97
38 5
14 16
22 34
89 45
63 84
29 95
11 74
43 62
68 4
35 51
92 38
47 91
56 28
77 42
59 36
56 46
82 69
68 88
24 94
30 80
2 29
23 77
72 77
18 91
59 9
27 97
9 76
53 94
99 26
54 65
67 66
10 1
44 88
37 60
18 81
90 60
61 69
7 81
70 35
46 100
40 32
19 38
95 89
75 52
78 42
24 68
35 90
84 89
24 38
93 96
59 13
44 36
97 93
8 25
97 75
99 84
57 56
31 37
42 64
62 23
11 3
11 96
2 70
11 12
1 67
18 32
12 14
60 25
98 5
100 28
29 40
81 33
98 12
71 29
46 59
84 52
75 11
6 92
77 9
23 10
9 29
93 72
28 25
56 22
57 24
94 41
84 24
6 37
4 81
99 8
85 80
89 43
46 14
1 27
40 16
52 8
52 63
65 30
83 75
37 11
32 100
22 79
100 6
37 75
29 30
85 75
80 23
43 75
30 27
89 25
80 70
82 63
7 17
92 36
17 27
76 53
75 76
88 81
95 56
21 61
39 46
34 33
7 67
2 46
36 51
77 53
10 68
90 26
23 69
87 23
18 66
80 100
51 54
65 57
11 27
98 47
99 7
9 55
90 62
98 44
1 55
33 7
81 90
87 64
45 81
40 23
53 32
65 84
46 54
35 69
2 13
45 81
14 80
88 100
68 37
13 66
86 7
13 98
95 96
83 24
48 24
94 10
24 66
23 34
13 22
12 29
13 97
43 70
95 24
100 14
20 13
1 13
12 41
20 38
58 91
47 94
28 34
11 42
42 94
63 30
2 21
90 36
48 8
90 92
77 85
60 24
77 65
100 51
43 95
25 2
8 18
35 83
79 73
32 67
55 58
100 66
75 93
59 2
80 94
57 85
15 63
35 50
81 77
71 74
21 88
78 7
24 26
63 20
70 20
100 29
89 36
47 65
50 97
9 24
47 27
70 92
17 24
86 76
67 58
51 92
10 12
70 36
23 56
35 87
38 6
29 6
84 3
46 99
66 4
73 52
83 17
40 80
30 90
20 35
20 44
5 9
18 98
82 43
31 84
12 53
63 4
28 11
41 94
10 6
28 82
52 12
7 36
11 3
18 4
72 28
46 34
78 79
36 31
25 80
57 57
77 11
7 44
69 27
71 25
81 55
71 44
10 83
53 98
9 83
41 23
48 19
24 90
96 39
57 81
45 98
44 39
79 63
74 28
69 45
82 41
45 66
81 28
72 80
100 67
32 43
61 98
42 92
16 76
53 90
88 75
55 28
18 67
52 65
11 72
3 70
6 21
84 58
44 5
42 33
92 14
17 52
31 70
83 80
96 54
2 44
67 6
4 18
37 76
9 46
46 92
3 87
22 41
32 91
48 98
30 17
71 87
54 31
9 80
44 29
4 53
10 93
41 59
76 40
75 43
32 2
44 63
94 38
72 32
50 10
80 94
82 86
10 91
92 2
19 30
28 96
26 84
87 75
37 38
73 90
10 57
52 25
94 54
90 43
2 95
70 50
47 50
73 3
99 81
66 95
22 6
44 14
62 29
38 88
20 39
80 35
18 73
34 32
31 1
2 63
15 93
23 57
21 98
87 24
23 39
25 84
76 22
66 80
58 80
55 43
15 1
50 14
89 64
81 91
52 18
