1000 1000
95 26
4 35
56 59
9 13
91 49
21 90
52 2
40 35
38 86
53 49
1 68
100 24
41 30
76 16
63 37
69 61
17 67
9 77
44 10
27 96
30 61
11 44
68 65
82 29
37 64
26 19
23 10
81 100
61 34
43 45
12 58
45 80
38 73
8 70
56 86
87 8
29 26
41 72
100 74
79 54
21 64
7 98
29 20
61 28
78 75
67 20
84 94
6 29
63 13
86 13
36 77
57 41
24 38
66 55
59 46
75 2
74 11
77 88
100 68
13 61
38 77
34 36
92 56
28 81
50 71
59 94
12 82
29 33
42 8
93 30
100 98
69 93
24 70
30 83
47 66
6 71
97 48
65 32
79 34
52 65
73 60
43 80
85 82
12 24
94 6
1 81
60 8
68 45
69 100
17 40
27 79
83 37
48 33
42 47
88 28
29 92
16 37
9 27
34 28
66 67
59 20
43 3
10 65
99 4
41 31
64 63
7 85
83 38
81 46
31 57
58 73
49 2
17 39
13 83
70 73
82 63
6 97
73 13
18 53
93 41
73 95
51 97
4 85
54 5
21 31
85 50
50 34
67 46
93 96
23 49
96 98
10 93
4 66
41 13
12 57
55 60
93 83
61 60
92 17
48 80
13 82
87 20
89 43
99 65
46 72
84 78
21 81
31 72
54 75
89 71
87 85
3 90
97 31
25 79
33 85
82 61
10 29
38 74
62 25
85 28
70 16
9 52
76 38
29 64
77 58
40 4
65 56
10 25
58 40
25 42
6 93
28 31
92 71
20 4
99 85
14 53
90 11
25 62
80 16
49 63
32 46
74 71
71 85
98 88
35 98
71 36
32 2
6 16
15 6
69 53
65 37
26 87
48 93
90 11
95 73
36 78
22 2
10 27
100 31
41 42
27 2
37 28
4 91
64 48
48 84
59 49
49 76
13 79
40 33
99 26
42 16
42 72
31 68
77 54
18 36
79 22
68 56
51 18
84 55
49 73
80 41
98 9
53 29
81 36
12 84
73 10
80 28
82 51
92 84
85 97
38 89
69 38
93 6
12 32
41 4
35 50
94 81
88 24
95 20
10 19
23 59
32 26
23 50
99 61
25 37
35 72
50 54
55 27
23 17
72 81
93 72
81 28
54 48
13 39
38 43
80 58
73 37
10 25
84 84
60 28
81 73
14 51
98 97
4 54
51 27
50 47
18 85
23 56
40 60
90 3
14 1
35 58
84 17
73 91
39 77
34 99
24 61
95 42
26 15
14 97
36 34
34 15
73 62
96 42
12 9
44 80
34 3
25 29
68 63
32 28
81 9
30 35
44 31
74 84
90 13
78 21
18 29
12 86
17 20
27 96
26 46
73 54
72 84
57 33
76 26
4 62
62 88
49 25
83 35
63 78
43 81
39 63
26 4
100 59
40 58
83 41
79 68
79 65
18 6
98 41
8 95
60 54
81 79
14 51
18 54
12 5
87 70
47 79
98 21
68 41
47 3
61 3
72 21
83 22
64 33
4 95
40 60
46 52
28 52
50 69
21 96
3 100
88 1
19 95
68 49
28 20
64 79
35 91
78 58
27 57
71 73
42 60
39 28
100 26
99 60
54 75
76 86
39 92
79 2
25 83
26 82
29 56
85 77
98 30
66 11
19 34
50 62
72 70
16 55
79 17
6 37
93 58
73 42
51 82
14 43
40 88
31 47
100 63
22 49
11 31
64 45
4 77
1 25
70 65
49 45
13 42
72 90
63 75
49 54
86 86
11 93
46 8
55 51
43 10
77 74
34 91
4 33
26 25
74 82
78 76
11 69
20 68
31 93
16 2
77 16
66 26
63 24
34 82
2 28
98 95
28 68
45 26
34 87
77 12
88 29
75 79
9 62
39 12
73 10
96 90
62 41
59 92
1 30
17 94
97 28
30 59
10 7
41 4
67 8
68 37
80 77
23 64
5 52
100 84
6 20
29 100
35 100
18 71
56 18
36 45
3 73
75 22
98 97
42 42
49 18
36 1
100 46
69 45
72 19
72 74
54 13
7 62
40 39
39 47
81 17
65 50
52 16
91 75
35 94
55 49
92 17
91 86
86 33
78 80
4 47
1 27
34 17
91 71
15 77
60 44
17 82
19 3
67 19
7 61
88 86
94 79
86 57
78 85
59 98
16 99
72 92
72 3
59 56
2 22
85 13
66 23
90 24
53 74
69 11
55 76
68 32
98 57
14 51
22 1
20 7
93 6
62 13
83 83
71 6
52 17
38 16
38 47
51 26
86 68
55 18
72 58
27 2
62 36
79 58
86 41
87 51
30 60
49 4
99 50
84 4
23 88
74 23
99 85
26 58
8 67
6 80
66 91
93 41
74 14
100 35
22 51
55 31
78 9
43 56
7 84
42 48
20 70
93 82
27 5
4 37
56 65
81 1
61 13
63 10
85 75
30 86
59 70
16 87
40 54
18 30
10 3
82 72
66 59
48 95
40 77
13 40
40 74
100 73
48 44
65 100
8 46
98 6
45 10
45 23
55 49
28 38
92 41
80 67
18 79
60 38
38 76
96 50
64 85
3 96
18 14
28 12
29 85
70 92
25 51
14 49
18 30
37 97
48 92
97 7
20 7
88 62
55 26
92 81
56 97
64 91
9 49
29 47
11 92
4 50
89 95
87 46
59 80
24 56
30 31
85 13
1 66
56 67
90 32
65 73
25 66
6 31
35 4
45 58
12 50
90 12
21 97
85 48
11 79
83 42
59 76
51 34
10 98
32 7
10 32
98 11
87 95
88 57
66 3
72 15
41 46
64 55
47 1
85 53
86 59
22 98
89 52
49 6
22 51
33 92
86 2
64 95
84 41
55 83
75 2
35 48
40 53
59 1
98 16
63 24
21 20
34 89
70 43
6 59
78 78
11 27
73 48
38 68
46 12
5 54
59 27
100 38
27 32
29 1
22 74
39 36
44 13
65 22
7 75
69 40
74 52
24 85
15 57
5 59
47 50
64 50
41 82
75 86
24 12
91 39
65 60
85 73
81 61
91 73
95 8
41 75
93 11
16 91
27 75
22 3
100 87
50 8
67 77
46 56
69 34
67 12
31 23
88 22
23 29
71 74
14 45
7 24
48 51
6 27
41 85
100 67
33 74
25 57
60 93
74 40
61 100
6 35
82 53
90 21
90 66
90 35
84 26
39 47
95 86
30 11
18 3
76 97
76 61
83 11
13 93
70 71
7 19
5 43
57 54
27 66
1 76
74 98
36 100
94 65
55 10
16 7
60 32
46 66
62 69
69 70
51 27
86 30
46 80
90 75
61 39
85 97
27 38
96 50
57 96
90 39
77 75
81 46
93 79
28 29
2 93
68 40
90 12
46 94
100 26
22 49
71 45
87 29
37 84
36 35
27 61
62 23
87 27
86 70
11 45
83 86
69 57
32 42
42 62
47 19
16 87
36 55
28 73
78 60
2 80
96 47
19 53
79 69
56 38
33 61
79 14
65 19
25 74
47 17
77 82
16 3
93 37
55 87
23 9
6 65
70 61
67 58
20 11
39 90
13 17
27 87
93 30
24 96
66 52
10 98
17 36
82 39
2 92
49 21
95 97
38 83
46 31
44 30
44 98
46 59
47 63
56 57
61 42
100 88
59 83
17 31
87 97
4 80
72 12
78 28
81 32
72 98
68 61
87 86
52 64
28 69
43 36
93 21
13 94
62 63
37 36
38 31
20 56
92 39
43 93
95 12
18 76
7 13
75 9
14 86
24 84
2 14
44 21
95 48
32 17
48 90
15 40
32 90
33 83
88 86
79 93
13 74
59 40
6 29
12 82
57 20
56 90
24 71
92 2
44 25
65 95
39 82
43 95
37 76
47 92
73 40
38 3
11 43
9 4
70 19
86 41
92 38
40 87
58 56
89 87
52 56
22 24
53 66
82 60
40 1
27 61
9 27
92 3
58 1
94 69
84 91
47 43
99 91
51 89
52 11
89 42
7 50
20 78
30 81
35 51
43 24
39 38
18 48
77 97
61 74
94 88
84 60
3 9
19 20
13 64
17 32
8 36
89 47
54 45
54 79
85 25
5 18
31 27
99 10
12 35
72 10
72 36
73 18
79 56
75 35
55 9
34 99
57 39
25 68
5 12
26 12
57 23
23 1
93 53
81 53
56 21
70 30
63 7
16 17
86 84
61 58
94 90
71 46
21 44
26 92
30 69
25 30
88 1
59 36
72 65
16 86
77 74
15 38
67 81
34 60
8 98
37 18
24 89
76 57
99 56
80 9
78 60
76 28
85 14
94 34
80 93
15 63
42 14
66 60
94 93
63 59
76 31
49 42
96 45
12 26
24 48
36 32
60 51
20 12
91 33
68 26
33 77
93 37
24 62
32 70
25 5
94 50
73 8
32 66
3 84
70 18
6 63
20 5
24 70
13 77
6 49
54 17
85 15
72 74
48 24
47 39
84 50
52 31
89 33
83 25
60 73
91 80
57 67
93 74
3 83
37 54
6 23
