100 20
8
90
11
45
80
92
55
69
42
85
60
60
16
99
70
46
81
86
68
51
41113
61445
109452
152967
154420
251472
274935
307838
401055
488243
579077
626840
714872
754510
790777
875662
963516
983410
1034195
1099472
1169776
1235782
1291521
1352002
1451041
1524816
1620377
1699949
1702395
1757795
1843549
1863379
1881458
1941795
1976995
2051574
2085787
2091482
2165209
2248917
2338093
2362079
2392790
2486049
2502612
2538819
2568143
2625978
2658338
2723453
2731368
2765211
2786299
2849212
2934819
2993098
3079467
3177667
3222975
3297319
3391156
3463380
3548711
3629772
3691237
3731404
3754584
3851256
3903502
3922358
3952050
4038783
4095411
4121859
4202770
4222659
4283103
4325827
4400679
4444385
4503048
4511704
4556232
4649382
4653265
4696369
4711268
4790276
4871791
4875165
4957550
4967099
4974959
4977278
5034365
5097499
5137824
5164713
5181470
5243697
