65 20
58
22
36
50
18
1
46
17
35
32
60
28
50
16
41
60
56
2
22
24
25820
55868
66716
96264
121983
134834
155355
167353
176325
184163
209148
225765
239669
272133
301717
323234
327700
350701
373447
395109
396516
414242
433852
465676
476864
499877
509659
541722
567695
587460
602163
625733
628736
658694
670005
683805
688167
703629
707146
718631
737976
749625
757633
783729
808250
836032
857189
882815
897389
909209
912673
923202
927664
954789
972232
975631
978395
1001436
1010597
1020032
1029859
1032477
1038547
1049380
1069403
