1000 1000 2
198 203
919 926
507 514
352 356
233 241
838 840
83 88
928 936
648 652
701 707
35 44
339 349
325 334
995 998
157 163
772 781
434 435
427 432
630 633
676 686
501 502
968 969
942 943
637 640
430 439
7 8
636 640
948 958
368 376
676 685
874 883
434 443
22 23
521 522
404 405
987 989
352 354
188 192
966 968
440 444
206 213
944 947
197 202
82 86
3 6
214 218
558 564
368 375
717 719
805 814
758 762
435 437
483 485
551 552
298 300
903 912
952 961
566 568
496 503
252 254
455 457
86 87
684 690
269 275
590 599
476 485
78 81
776 785
904 911
431 439
796 800
350 360
941 946
141 142
820 822
421 424
612 614
497 502
636 641
60 67
292 298
803 808
925 934
999 1006
639 648
785 791
53 60
43 53
143 144
867 870
604 607
883 887
821 826
308 310
432 438
308 311
215 216
608 612
972 975
125 132
681 688
312 319
958 961
123 132
711 720
349 358
823 833
43 50
49 58
300 303
888 896
769 775
751 754
438 440
27 33
296 304
695 700
28 31
935 945
162 167
221 226
776 778
256 258
130 140
450 453
262 269
646 651
31 36
463 469
52 59
204 208
412 421
115 123
39 40
131 136
38 45
626 631
936 938
879 884
373 376
152 157
471 479
106 114
301 311
407 414
430 438
711 719
455 462
92 99
32 37
346 348
251 253
192 195
395 403
965 966
552 562
734 738
564 565
917 927
575 583
695 701
953 963
414 421
821 829
46 52
212 217
596 599
31 34
56 62
278 285
876 878
106 109
403 404
857 862
681 684
586 588
898 900
883 888
538 542
643 650
607 613
15 18
979 986
654 662
322 332
910 912
227 231
446 454
241 244
989 994
206 216
123 128
296 303
72 78
155 157
966 970
490 496
127 131
464 472
854 863
928 933
599 607
149 155
138 142
920 928
932 941
374 382
904 912
586 592
445 453
587 597
228 230
654 658
352 354
597 605
836 842
434 441
815 823
217 227
843 849
411 412
474 476
768 774
52 54
136 146
943 950
963 965
737 743
335 342
239 244
448 449
452 458
657 662
434 436
250 254
869 875
233 236
630 639
240 248
885 895
389 397
771 773
83 86
850 857
363 371
114 122
93 103
916 918
304 308
918 925
632 640
47 50
92 93
419 429
228 238
321 327
649 650
878 888
53 60
989 995
341 346
701 706
92 102
816 820
221 231
328 330
180 182
740 742
740 747
48 50
167 176
819 825
717 720
366 367
770 780
350 354
197 203
766 770
662 666
294 296
803 810
37 44
543 545
562 569
772 781
152 156
274 282
474 478
754 763
39 40
394 396
851 859
980 982
361 371
3 4
827 833
83 91
673 680
923 927
854 868
19 30
209 228
413 425
578 590
304 323
278 291
71 90
375 388
795 815
4 17
862 878
331 343
293 313
603 616
543 554
397 416
347 366
393 409
425 440
479 491
698 710
128 139
633 653
185 205
828 846
459 474
158 172
252 266
499 510
405 417
910 929
124 135
53 71
603 616
296 314
920 934
376 390
867 878
627 642
238 258
207 222
916 928
317 337
202 214
157 174
823 838
672 692
831 845
121 132
325 336
338 350
889 900
219 233
627 644
171 182
826 842
870 881
467 483
596 615
979 992
749 761
236 255
22 34
660 673
930 948
340 357
968 987
959 973
412 431
269 282
293 306
58 78
352 369
285 299
716 728
971 990
571 588
682 694
185 202
344 364
271 290
829 848
196 214
375 394
308 328
630 644
552 564
875 894
728 742
712 728
190 202
712 727
369 389
494 509
122 134
848 868
450 461
997 1013
950 967
694 711
452 464
467 479
373 388
923 936
326 342
825 837
651 665
287 304
200 217
780 799
787 804
921 940
379 397
177 192
784 799
498 513
749 761
474 487
607 622
406 425
435 453
523 540
180 194
580 599
455 475
978 996
523 539
40 56
981 992
78 98
58 75
710 723
792 809
454 466
157 171
657 675
329 342
174 193
473 489
453 469
34 49
725 740
629 642
817 836
439 453
569 589
717 730
168 181
886 903
574 586
312 325
994 1007
432 449
621 641
100 118
294 311
360 380
873 888
985 1005
322 333
371 382
15 27
475 487
478 492
752 768
302 313
611 626
589 603
41 59
133 146
671 682
893 909
786 801
204 221
616 631
488 500
849 860
901 917
748 759
651 669
15 28
660 674
397 410
719 737
30 45
651 671
857 868
454 472
922 941
139 159
787 801
592 609
804 818
168 185
449 462
358 376
908 920
395 408
687 701
14 33
942 957
966 977
796 812
847 860
960 976
682 695
99 110
431 444
115 126
533 551
388 400
867 886
528 542
770 788
35 53
630 644
484 503
728 742
417 436
245 264
542 561
744 758
585 602
641 653
408 426
592 612
830 847
526 545
164 176
429 447
554 565
732 751
224 241
96 111
1 17
212 231
853 873
472 490
343 363
573 590
452 467
680 698
54 73
550 565
769 784
953 968
621 633
510 521
388 401
587 604
581 596
274 291
413 433
39 59
556 574
70 87
183 202
968 980
527 541
583 602
144 158
339 358
828 845
584 596
720 738
645 658
501 512
771 787
247 260
892 904
899 918
882 896
643 655
791 802
690 701
94 105
410 424
641 656
224 235
951 968
45 64
963 976
284 299
965 984
445 460
386 401
324 337
446 462
769 786
976 988
55 69
712 724
264 284
215 230
572 587
305 325
900 913
891 907
649 662
357 371
488 508
574 592
232 243
294 311
722 733
474 485
607 627
242 253
379 398
738 750
439 451
442 460
862 882
449 468
223 235
863 876
880 900
687 699
960 975
73 86
751 768
688 707
292 308
450 468
964 980
615 627
834 854
975 994
877 893
43 56
557 570
760 775
174 187
768 788
22 35
250 266
520 539
33 46
950 970
627 639
629 644
995 1015
768 788
46 59
657 669
637 654
229 242
167 185
676 693
695 710
521 541
295 307
279 295
104 123
878 889
219 237
709 726
716 727
112 131
339 352
940 953
5 21
472 490
54 72
931 944
424 441
164 179
925 936
349 364
931 949
694 708
464 478
366 386
478 493
699 711
259 273
653 665
975 990
967 987
661 673
123 136
938 949
743 756
121 132
755 774
919 932
126 145
101 121
217 229
934 946
884 902
179 192
479 494
608 621
475 492
735 752
637 657
648 668
771 786
768 784
857 873
330 349
416 429
857 875
359 371
793 805
169 181
617 631
714 730
911 925
165 179
17 32
228 244
487 498
345 356
366 380
145 156
991 1010
876 895
456 472
770 789
68 81
542 555
250 261
64 82
846 861
477 493
649 662
502 518
782 795
170 190
890 909
868 887
548 561
755 766
31 43
865 877
325 340
330 349
89 100
344 358
284 297
918 933
492 503
326 340
496 514
495 509
815 826
363 382
638 652
567 581
834 854
134 154
392 407
999 1012
37 52
437 449
173 191
455 471
230 241
685 705
482 499
370 383
747 764
382 399
370 390
952 965
792 805
931 947
306 325
549 567
218 232
992 1009
95 115
618 632
229 247
475 491
427 438
578 593
987 1003
191 205
573 591
240 256
141 153
871 888
792 807
846 859
302 319
448 460
438 455
520 532
334 350
906 918
254 274
898 910
691 711
735 753
972 985
79 93
375 393
396 415
743 763
411 422
445 460
440 453
576 593
794 806
493 509
290 306
753 764
962 979
906 918
591 604
203 222
998 1014
97 111
564 579
933 944
356 367
772 787
352 365
185 200
81 99
399 412
677 697
609 628
659 671
651 664
440 460
225 241
39 53
593 612
54 71
726 746
179 199
553 567
417 431
119 132
502 515
434 449
643 662
794 811
926 943
332 349
626 643
866 877
546 559
612 624
820 836
559 575
89 107
680 693
813 828
654 669
378 397
219 233
998 1011
138 150
613 625
986 1005
951 965
931 946
568 579
616 631
560 576
885 899
870 888
222 236
755 772
276 290
933 951
791 804
198 213
414 434
271 290
762 780
72 90
824 841
419 432
416 429
505 525
421 433
748 767
992 1005
134 154
245 261
18 37
9 21
893 910
210 228
95 113
328 346
61 73
584 601
772 792
499 513
289 304
629 642
180 200
172 191
999 1019
526 539
576 596
649 663
875 891
20 31
940 955
427 447
41 61
271 284
986 1002
125 142
274 288
889 902
22 34
414 431
29 43
53 70
905 921
34 53
714 726
41 53
961 976
46 65
971 985
73 92
280 294
418 431
643 657
982 1001
788 805
628 644
795 810
814 828
55 66
522 541
618 631
333 345
398 416
599 613
821 835
93 106
215 234
473 488
39 53
569 583
814 831
922 934
849 862
567 582
81 92
213 225
765 778
623 634
749 763
475 492
55 72
518 538
631 651
902 914
813 827
439 455
822 839
549 566
665 680
244 257
753 769
737 757
395 413
385 403
789 800
983 1002
108 128
338 349
905 924
550 569
504 523
686 704
245 260
691 709
122 140
739 751
111 125
354 371
678 692
491 511
208 221
759 774
331 348
895 910
887 902
134 154
15 34
882 897
860 878
863 876
607 624
80 99
494 508
510 521
