10000 2000 7
3918 3921
4007 4008
8724 8733
5757 5760
4249 4251
3896 3903
2041 2047
3073 3076
1867 1872
2843 2851
5912 5919
6406 6415
1584 1585
6615 6617
700 709
4535 4541
4636 4639
3910 3918
1349 1352
3178 3188
3718 3723
2330 2332
3758 3768
2653 2660
3474 3484
3940 3943
6042 6051
1663 1672
9422 9423
727 737
751 757
2931 2937
6753 6763
7114 7117
1880 1889
8355 8363
4912 4922
7708 7709
4245 4254
945 951
5587 5591
2797 2806
6950 6952
3987 3988
5351 5358
6538 6539
6343 6344
5920 5930
3540 3547
8232 8238
9405 9409
7365 7372
4913 4922
4837 4839
2690 2694
2653 2658
7046 7051
3402 3408
4812 4815
288 290
2643 2648
6693 6695
6548 6554
3290 3298
7775 7776
5750 5756
3749 3757
4030 4037
7938 7946
5703 5712
8227 8230
9580 9581
5702 5711
6625 6626
5198 5204
8001 8007
139 145
2957 2962
3511 3521
9630 9631
2442 2445
6968 6975
6178 6182
2715 2718
3900 3904
1658 1659
2348 2354
2188 2194
2507 2511
1320 1326
3325 3328
36 42
2505 2512
7767 7769
8241 8251
2665 2670
2063 2067
4019 4025
2420 2429
5416 5420
6968 6970
3889 3890
8523 8530
6234 6237
79 84
6945 6955
3690 3691
8022 8029
933 936
8104 8106
243 250
5880 5885
183 186
7741 7751
9532 9537
1170 1180
735 739
2209 2211
6932 6937
4322 4327
5097 5099
1908 1913
6934 6942
1716 1718
2329 2337
1509 1514
8846 8854
2393 2401
1146 1153
1994 2000
1691 1692
9303 9307
1241 1242
625 635
694 695
2546 2556
5796 5798
7877 7883
97 106
7787 7789
1085 1094
9332 9338
67 73
5431 5436
6514 6516
8607 8612
3667 3673
4371 4376
1073 1081
8259 8266
6130 6135
967 972
967 977
6424 6433
93 101
4760 4769
2730 2737
600 608
7939 7949
9889 9892
1304 1313
6786 6793
4 8
2180 2186
4526 4530
9391 9396
6858 6865
9629 9632
3613 3617
2275 2280
3963 3968
728 736
1242 1248
9112 9116
5839 5847
5123 5127
5940 5942
1895 1898
8495 8500
3654 3656
7867 7873
4999 5008
6190 6200
3506 3515
5486 5488
9323 9333
5740 5747
3832 3840
9925 9932
7303 7312
3352 3353
5883 5890
9728 9729
3171 3172
7669 7675
4695 4702
1727 1736
3251 3255
7392 7399
211 213
6275 6278
4501 4503
5008 5018
9972 9981
420 428
5036 5040
367 374
9572 9575
3877 3879
8668 8676
264 274
4515 4523
2436 2444
4438 4446
8848 8852
7708 7711
1541 1551
9334 9339
7610 7615
7755 7757
2961 2967
1770 1780
1173 1182
1645 1651
8363 8372
2966 2973
5176 5180
7192 7194
579 584
5926 5933
8160 8164
4796 4804
2974 2979
2115 2125
7593 7597
7273 7283
469 471
7048 7056
8555 8556
6706 6715
3260 3263
8726 8736
8166 8168
9378 9385
6165 6173
3703 3713
5169 5172
1582 1590
4629 4630
1152 1153
5150 5155
2282 2289
951 959
3738 3743
6818 6822
4528 4532
2832 2842
2258 2260
4884 4892
6942 6945
1651 1660
6255 6263
4355 4359
7199 7203
4885 4887
9715 9720
716 717
2381 2391
6066 6075
2981 2989
5259 5262
4997 5001
7937 7940
606 611
3265 3270
4826 4832
6037 6044
578 583
6167 6173
1982 1992
6070 6076
3745 3755
2450 2455
94 104
6911 6917
9134 9144
5655 5662
6892 6898
3512 3517
2031 2040
2096 2100
8147 8157
2806 2810
9894 9903
6655 6660
1782 1789
4097 4107
5103 5113
8018 8021
6441 6461
1958 1973
3018 3037
4663 4676
1764 1780
3741 3754
9883 9898
6802 6816
5444 5464
4637 4653
9663 9679
4956 4974
6308 6322
9791 9811
2050 2063
8237 8250
796 811
2848 2867
5166 5178
2380 2395
9945 9956
8922 8934
1382 1401
5686 5703
9165 9179
5813 5829
8691 8702
6766 6786
6215 6231
217 236
5886 5901
3315 3328
7525 7544
1255 1268
5231 5242
1976 1994
3800 3814
8488 8502
2565 2582
1887 1898
8904 8924
1845 1862
3447 3466
7366 7386
9738 9758
8 26
2506 2524
5879 5898
6463 6481
7443 7462
5235 5249
9946 9962
2670 2681
7871 7889
4302 4314
5773 5786
821 840
9735 9752
8543 8562
2950 2968
1483 1498
3766 3783
7337 7357
7832 7852
3401 3412
7133 7153
7277 7291
2356 2376
5049 5069
8137 8153
8933 8945
9041 9059
878 893
3140 3155
5073 5090
3023 3036
9062 9073
4618 4632
289 302
8920 8939
7790 7804
1135 1148
6788 6806
2327 2341
133 153
7311 7327
1823 1836
6045 6064
8098 8116
3701 3717
6002 6019
8961 8974
9114 9131
15 35
1767 1786
9127 9144
3228 3247
1137 1148
4699 4718
8596 8613
1695 1706
6169 6180
8002 8016
3425 3443
1198 1209
2371 2382
1733 1748
2574 2591
546 564
7965 7979
2079 2093
8 28
7936 7954
1037 1057
697 716
8989 9007
5172 5189
8945 8961
946 960
3134 3145
2910 2926
742 758
9970 9988
6806 6817
6715 6728
685 697
7456 7474
474 487
4167 4179
2107 2127
8162 8174
673 685
6001 6017
2511 2524
7524 7538
373 386
3856 3871
681 700
4044 4057
458 476
7604 7619
3608 3621
525 542
1967 1986
6990 7004
3252 3268
7418 7437
1490 1510
6708 6728
925 938
2942 2960
8312 8323
4095 4113
8419 8435
7241 7253
588 604
6904 6920
1176 1193
6956 6971
7015 7034
9234 9247
1714 1729
680 693
5121 5134
777 791
6308 6328
6755 6767
4327 4338
2539 2558
7583 7595
2205 2220
3837 3855
3124 3143
9860 9878
9778 9789
7797 7810
9200 9216
557 571
5296 5308
4112 4126
4205 4217
7853 7866
5051 5064
4723 4737
191 208
9892 9910
6958 6969
1597 1617
8375 8395
1639 1653
8788 8805
8536 8556
3909 3924
5535 5547
3159 3177
9502 9520
2141 2157
7616 7634
3688 3704
2670 2685
7864 7878
2652 2668
4304 4319
1966 1978
6076 6090
5945 5958
8263 8277
6834 6852
1278 1293
7488 7505
2258 2274
4925 4945
7670 7683
9078 9093
3249 3264
5687 5701
6660 6680
1152 1164
617 632
448 463
5905 5918
5906 5922
207 219
4996 5007
600 615
905 922
8855 8868
2399 2413
6758 6776
6778 6795
5050 5066
1889 1903
143 157
8297 8309
782 793
4053 4068
1507 1526
302 319
7602 7615
1358 1376
1328 1347
2484 2503
9657 9674
259 276
3193 3212
7635 7653
553 569
1933 1944
358 370
6560 6574
371 384
1549 1560
9278 9289
9795 9808
5509 5522
8227 8242
1411 1429
3529 3545
6142 6153
651 663
4604 4623
2282 2295
1842 1860
1418 1434
8312 8328
2526 2543
4430 4444
8634 8645
5008 5020
6123 6138
925 936
1058 1074
7149 7164
8513 8530
5660 5678
233 249
4636 4647
234 252
410 423
3291 3303
3375 3386
7771 7791
5187 5198
9260 9280
7126 7140
5568 5588
6655 6672
7468 7480
9837 9854
1942 1960
5750 5767
7660 7674
8966 8985
138 152
8263 8283
5328 5341
2074 2087
3410 3423
1464 1481
9733 9751
7180 7194
7513 7526
96 112
1956 1976
6239 6257
6913 6925
6323 6334
5991 6006
1944 1956
3875 3889
7773 7791
2538 2555
1958 1976
2042 2060
4690 4708
37 49
3088 3101
7473 7489
5412 5426
6601 6621
1839 1856
7513 7525
1830 1845
9545 9559
910 927
4495 4515
2785 2804
6795 6806
4223 4240
157 176
2149 2169
7934 7949
3007 3021
7792 7804
1249 1269
8557 8577
252 263
4617 4631
54 65
9700 9714
5605 5619
6471 6485
4632 4649
4323 4337
6514 6528
2228 2246
3622 3640
3056 3071
9653 9665
671 686
9516 9536
2449 2464
4769 4783
9978 9991
9815 9831
1754 1774
3114 3133
9796 9813
2616 2633
1939 1955
2781 2794
9273 9291
172 188
6541 6559
9713 9732
5031 5047
9258 9271
1702 1713
7772 7789
3092 3105
3150 3169
1786 1799
6650 6661
2382 2401
3413 3424
3468 3486
9916 9936
1250 1264
6313 6331
4054 4074
7085 7099
7841 7859
5440 5453
5404 5422
1211 1228
832 851
1328 1340
2455 2467
499 515
5855 5872
933 950
8752 8771
5469 5484
91 107
6037 6050
8186 8197
601 621
983 999
9427 9440
9638 9651
7081 7098
472 492
7026 7039
3696 3711
2193 2207
7951 7969
3580 3598
3903 3922
6428 6443
4860 4878
7747 7767
7021 7035
8960 8973
2576 2587
1159 1174
1570 1586
2372 2387
1012 1032
7577 7588
1912 1927
4065 4076
2776 2795
5183 5199
5402 5415
8630 8646
7550 7569
3672 3691
990 1006
9520 9539
6615 6632
9634 9653
788 801
618 632
3885 3905
2682 2699
671 691
7120 7135
8739 8756
7795 7813
9731 9743
2778 2798
9945 9962
2490 2508
6974 6987
4934 4945
3220 3237
3385 3402
8924 8935
4694 4707
445 460
2122 2137
7573 7585
5356 5376
1576 1590
1550 1570
1929 1945
3842 3862
2183 2199
6590 6602
6863 6881
9167 9184
9344 9355
961 975
8218 8235
7750 7764
4364 4382
1775 1790
8973 8989
2400 2419
6753 6764
2996 3009
2463 2475
9853 9869
5154 5166
232 247
9954 9973
2439 2451
9028 9045
335 350
5616 5633
6007 6027
196 209
1948 1968
6214 6229
4763 4777
5255 5274
4955 4972
8550 8566
1304 1316
9057 9077
654 674
8743 8755
1708 1728
5801 5814
3223 3239
6863 6880
310 322
237 257
5544 5563
3123 3141
9545 9560
3218 3237
4855 4874
8253 8269
5470 5481
270 290
1317 1329
5791 5806
9450 9468
4009 4026
6192 6210
8903 8915
3840 3853
1392 1405
854 868
8403 8417
4920 4933
3260 3276
1821 1833
7351 7366
9215 9228
9906 9926
2385 2402
7820 7834
6463 6476
7371 7389
7741 7753
4602 4620
4290 4305
967 985
3117 3131
1433 1452
7843 7859
8573 8592
7778 7792
7892 7910
7142 7160
678 689
5671 5690
9807 9826
24 44
8618 8632
9412 9426
6217 6232
2649 2664
3530 3543
4993 5005
7429 7444
7305 7321
4255 4270
4540 4554
7829 7845
4400 4416
8226 8239
7885 7905
6312 6328
2226 2242
3582 3602
7338 7350
5653 5667
9842 9858
546 560
8742 8757
471 482
8198 8211
9707 9721
7679 7691
6812 6825
6539 6552
6289 6304
5576 5591
1112 1131
1529 1542
2528 2547
1651 1669
9631 9642
1050 1070
6169 6186
6707 6719
3138 3149
1175 1186
6122 6133
9777 9790
4121 4137
3379 3397
8651 8668
8381 8392
225 245
6635 6651
1481 1495
806 826
2711 2728
6813 6825
1336 1353
1788 1806
7830 7850
6521 6540
2724 2737
3669 3689
621 635
5029 5048
8152 8167
3967 3987
2612 2628
6341 6353
1858 1876
4374 4388
1391 1406
7354 7373
8934 8947
2390 2407
3636 3655
7401 7414
5954 5973
163 179
7769 7788
2367 2384
5874 5892
5750 5765
9361 9372
644 660
1797 1812
8441 8461
9272 9288
1981 1997
8527 8544
8439 8457
4892 4908
4805 4820
2943 2955
7437 7449
9567 9584
910 924
7378 7396
6133 6153
2698 2714
1220 1235
1945 1960
6708 6724
2851 2865
2338 2358
9817 9830
6322 6334
8049 8067
3561 3572
4530 4545
9834 9853
495 510
8974 8994
7426 7445
8690 8703
3471 3490
211 227
1705 1720
9276 9296
80 98
1816 1831
143 163
1069 1086
1299 1319
50 65
4900 4920
5566 5578
8538 8558
9404 9416
7913 7931
9713 9726
3553 3568
9629 9644
109 128
7590 7609
5537 5548
2634 2647
6873 6888
669 686
2067 2080
4381 4393
7376 7396
1662 1680
353 365
3270 3287
6432 6445
6552 6567
1634 1650
144 155
366 385
6614 6627
3447 3459
6951 6965
4273 4289
1640 1657
7713 7730
3640 3654
9581 9599
4448 4466
4294 4310
2664 2677
2066 2078
7467 7480
8387 8403
2185 2252
4581 4647
9154 9217
5619 5680
2874 2935
9295 9360
4417 4481
1328 1393
9599 9662
3700 3767
24 89
8345 8410
2256 2317
6087 6149
8272 8335
6724 6789
3029 3094
6155 6216
6960 7025
3398 3463
4946 5012
2908 2974
4463 4531
5824 5890
9198 9259
7183 7253
9211 9279
2075 2138
4235 4299
9447 9514
2811 2875
4199 4260
1744 1814
8346 8414
5042 5103
3904 3971
9082 9151
8034 8103
2742 2809
802 867
9493 9555
4695 4763
8031 8095
110 180
4324 4390
7949 8014
3443 3507
4332 4395
297 364
3897 3967
1088 1155
3059 3125
3056 3123
9802 9866
1738 1800
3879 3943
3662 3723
4357 4425
8184 8252
7921 7986
8426 8489
8032 8093
5978 6040
709 772
4474 4541
835 900
398 468
4144 4208
4210 4279
5179 5244
4866 4928
9248 9314
423 489
5233 5297
7532 7601
5927 5994
5866 5931
3642 3703
8471 8540
3842 3904
1155 1222
7632 7693
2976 3040
2967 3033
2699 2761
7072 7138
8018 8088
77 146
46 115
2501 2566
6734 6802
3585 3648
2640 2706
3092 3161
7855 7924
6965 7033
5391 5453
697 759
1869 1933
3658 3720
905 966
2882 2952
671 733
2609 2676
9295 9364
4937 4999
9109 9171
3486 3553
9129 9196
7623 7691
3191 3255
8430 8492
2588 2650
7847 7917
9176 9240
1067 1131
4985 5051
9672 9738
5742 5808
4716 4777
1911 1975
1159 1227
6198 6266
2689 2753
2275 2342
8268 8338
8915 8982
271 341
1751 1815
5795 5862
6535 6602
8248 8315
8744 8808
1662 1723
5156 5225
4463 4527
6324 6386
7112 7174
7621 7684
5114 5179
1595 1663
9948 10009
7016 7082
2296 2366
428 495
7014 7083
1134 1197
9941 10008
7955 8023
922 989
6935 7004
811 875
3361 3422
164 230
9415 9479
1803 1866
1357 1418
2800 2870
7516 7585
6187 6255
5193 5258
4906 4975
1284 1353
2817 2882
1463 1529
2103 2170
138 205
8337 8402
2269 2338
1509 1570
1121 1182
547 616
2134 2204
3504 3571
1716 1785
2361 2425
3819 3880
4055 4116
7340 7403
2350 2415
3809 3878
5902 5972
7043 7111
5170 5236
4580 4643
7492 7555
5193 5258
1061 1126
9140 9206
455 525
7140 7201
1297 1365
6830 6898
7093 7158
8973 9039
6909 6970
5262 5332
4854 4918
3624 3689
8783 8852
8435 8502
5401 5471
4707 4771
4161 4224
9315 9377
6780 6846
2482 2543
7639 7705
4144 4207
4335 4403
7786 7854
7391 7457
4443 4505
6362 6430
5564 5631
5625 5691
759 826
8638 8705
6612 6677
3545 3612
3505 3569
1673 1738
851 916
1514 1576
6622 6687
2333 2397
1192 1254
244 310
7733 7803
8931 8993
7670 7733
9681 9743
4974 5037
6971 7038
6674 6735
7740 7802
1402 1470
2791 2852
8555 8617
2635 2705
7172 7241
7977 8039
8430 8492
9871 9933
1448 1516
1353 1418
2650 2720
3800 3865
1475 1538
7243 7305
2721 2791
2509 2571
7563 7628
3119 3186
7903 7970
2700 2767
7841 7906
9818 9888
8272 8335
7183 7251
6163 6229
3413 3483
7756 7821
7631 7699
9813 9877
3620 3682
9590 9659
7709 7771
818 879
1226 1291
9830 9894
2878 2941
3680 3744
3243 3312
6738 6803
6469 6535
578 641
7217 7286
3571 3632
9575 9643
3009 3077
4466 4536
6839 6901
315 380
3052 3122
3665 3728
6066 6133
4513 4579
1534 1597
723 790
2042 2106
9492 9557
7537 7598
5749 5818
8947 9008
257 325
1426 1491
1964 2030
1992 2057
5130 5195
6917 6987
6300 6364
4091 4154
2150 2212
7754 7824
8685 8747
6141 6211
1275 1338
4511 4581
6970 7031
8721 8783
1086 1151
6023 6090
5148 5215
8254 8319
9498 9559
9706 9771
1174 1237
2068 2137
3167 3230
7599 7664
7137 7200
8608 8673
8044 8109
2999 3061
682 746
1426 1492
4512 4574
1595 1657
7834 7904
6687 6757
1244 1311
5977 6047
5062 5128
5938 6005
3564 3625
6794 6863
1000 1068
7112 7177
248 310
88 150
5390 5460
8076 8144
262 326
6189 6258
6112 6173
4991 5052
1698 1768
5886 5951
1879 1946
2219 2288
367 429
938 1003
8667 8733
1737 1807
9423 9486
621 682
4093 4162
3266 3336
66 129
5417 5481
6279 6342
9683 9747
6395 6462
3975 4045
2928 2998
7860 7926
2953 3021
8746 8816
1636 1701
3322 3392
9524 9586
2148 2212
8386 8456
2266 2332
2821 2891
8029 8098
7863 7929
9344 9406
4267 4337
9648 9716
7611 7676
2417 2479
1610 1677
9768 9834
8602 8668
7774 7841
6550 6616
8171 8241
3622 3692
2122 2185
384 445
1300 1362
6026 6094
4028 4092
3872 3940
3815 3876
8145 8206
232 293
9940 10007
4864 4934
1256 1319
2715 2776
9879 9943
8621 8684
1937 2003
1509 1577
9972 10038
3837 3902
2889 2959
6812 6881
3660 3729
5976 6039
267 333
1981 2051
647 709
8385 8451
6678 6742
3494 3564
8055 8123
7576 7642
3580 3643
3538 3606
7187 7253
5428 5493
3324 3385
5971 6036
1601 1670
5329 5397
9026 9096
5782 5848
2404 2465
9718 9784
1436 1504
6435 6501
6729 6798
5433 5497
2080 2147
3908 3971
3948 4017
6454 6516
125 191
9928 9994
6511 6577
9550 9611
111 173
7048 7115
2253 2321
1628 1694
7382 7451
2713 2778
1676 1737
461 530
2807 2869
946 1015
8753 8814
2833 2895
2564 2626
3264 3333
9384 9445
9740 9810
9482 9543
2359 2420
7555 7618
5650 5713
1274 1337
2667 2728
5666 5734
2674 2740
8762 8823
2688 2757
6307 6370
2032 2102
7723 7788
4430 4497
8556 8617
6441 6502
4702 4765
7177 7242
4998 5068
7651 7720
6114 6176
2447 2517
2555 2616
2611 2675
5745 5808
1827 1895
1620 1690
3554 3624
2891 2957
697 764
7196 7257
6274 6339
6258 6324
7394 7456
5320 5390
6620 6681
776 838
2794 2856
1386 1452
1822 1887
917 984
3424 3486
8563 8629
5571 5641
5821 5883
3093 3161
8473 8539
7954 8024
7200 7262
5976 6040
8473 8535
2380 2450
3027 3092
3985 4048
3246 3314
2271 2333
9663 9729
2620 2687
7810 7873
6480 6542
9897 9959
7960 8025
6884 6954
9 79
1697 1760
8975 9040
9419 9480
6062 6130
4702 4767
5241 5303
1529 1596
2357 2423
4153 4215
9580 9650
1555 1619
4311 4375
5464 5527
9126 9189
9583 9647
4017 4078
6366 6434
477 539
7758 7820
7824 7890
4721 4791
4582 4645
8172 8235
1852 1914
204 265
1045 1111
8677 8738
5507 5576
8389 8453
84 149
474 539
4026 4088
5440 5502
311 381
1828 1897
9023 9084
1493 1560
1630 1695
5607 5668
2385 2452
1375 1443
4204 4271
1610 1679
4339 4404
2455 2523
2776 2846
9846 9912
9790 9853
3792 3859
65 134
4493 4563
6535 6601
1475 1541
2998 3066
4701 4762
7921 7990
302 364
8246 8314
3828 3898
3379 3449
2391 2454
9765 9834
4629 4694
28 90
1031 1092
9729 9796
1083 1150
1094 1156
1572 1637
7859 7929
541 608
9704 9765
5551 5615
1001 1069
6082 6147
9520 9590
6272 6338
259 320
1863 1933
1825 1887
1133 1199
6475 6538
1342 1403
4376 4441
1090 1156
9498 9567
9304 9366
6741 6804
5725 5795
488 552
1126 1190
616 683
9608 9676
6740 6802
653 723
9417 9480
1005 1075
2373 2436
1208 1272
5644 5706
9045 9110
3024 3088
5121 5182
9044 9114
784 853
6026 6091
8882 8948
9798 9862
1147 1209
9295 9357
5640 5702
6369 6438
5646 5716
6564 6627
9225 9295
7757 7827
5045 5108
3081 3148
8631 8701
4273 4334
3378 3446
851 913
2229 2295
3817 3878
2496 2561
9480 9542
7257 7327
3287 3353
7338 7407
4044 4114
19 80
2121 2185
2765 2830
6027 6088
1084 1151
2059 2124
1243 1306
7687 7748
9410 9471
5661 5727
2225 2294
6341 6407
8594 8659
3832 3897
187 248
5074 5135
7318 7387
9164 9233
8501 8571
8715 8779
3969 4037
637 704
7460 7521
3069 3130
9816 9881
127 194
9959 10022
9658 9726
5027 5095
9663 9729
3768 3830
8429 8499
3588 3650
3285 3346
5270 5334
3438 3505
2039 2107
102 167
1159 1227
9513 9582
858 919
8141 8209
2170 2231
9356 9419
14 77
9852 9915
7675 7741
9103 9169
1357 1427
8862 8931
1370 1437
5641 5703
1246 1308
5649 5715
7773 7842
6000 6063
2055 2116
1699 1767
7347 7409
5984 6047
7491 7556
7961 8030
2396 2460
8800 8863
7315 7376
2439 2507
8312 8381
1633 1700
9001 9067
1452 1516
3133 3196
2919 2988
1906 1968
4349 4418
1789 1851
2268 2332
2130 2194
5926 5994
6630 6692
867 936
8103 8170
427 490
2779 2849
1834 1896
3798 3868
517 587
1410 1476
851 919
6442 6510
7834 7901
9231 9294
5908 5977
47 115
2829 2895
8161 8223
781 848
3785 3852
664 725
2858 2927
2954 3022
4857 4921
8551 8620
2597 2660
1673 1734
3330 3392
9175 9236
6643 6713
510 578
6280 6344
1549 1614
8405 8474
4932 4996
2570 2637
3515 3585
8304 8366
1238 1299
2370 2437
1680 1748
2141 2208
1183 1247
8729 8791
7311 7378
9393 9456
5614 5680
2736 2805
307 369
8829 8890
6189 6257
7676 7740
657 724
1861 1930
5715 5783
2673 2735
765 827
5046 5111
7432 7493
5858 5924
3585 3647
1507 1570
1017 1084
1207 1275
4843 4908
7184 7249
3756 3819
5263 5329
22 89
7202 7266
4838 4899
9576 9637
6971 7038
2726 2793
3978 4039
156 217
4985 5050
8065 8129
7252 7320
3006 3076
6130 6200
5000 5069
5351 5417
1925 1991
7351 7421
9185 9248
5267 5329
2920 2982
7159 7221
1576 1637
1435 1504
6778 6842
6324 6389
2070 2133
9461 9526
295 358
3622 3683
9982 10051
4915 4984
1551 1621
8995 9062
3481 3545
6817 6886
8209 8275
3918 3985
9829 9898
3039 3104
8524 8589
9023 9088
233 300
7248 7313
5713 5774
2963 3024
107 172
7556 7619
4957 5027
4533 4597
677 744
2931 2997
7941 8004
3725 3792
8884 8952
42 106
1634 1700
4983 5044
4307 4369
251 314
2639 2702
8167 8228
2184 2248
8335 8404
3984 4054
6187 6248
7596 7661
2863 2924
2933 3000
6977 7046
7409 7476
7283 7346
9887 9949
906 974
1790 1851
762 827
354 420
399 461
5950 6019
8906 8973
4522 4586
6530 6598
1401 1463
5994 6056
4722 4789
3383 3449
962 1025
270 335
6995 7058
2164 2231
5107 5175
9298 9362
8137 8201
150 212
3701 3768
9066 9133
4444 4506
8966 9027
9220 9282
168 229
8589 8650
7532 7595
5026 5093
3520 3589
6862 6930
9890 9953
7850 7916
1688 1752
3831 3898
4955 5021
1624 1691
3395 3458
3862 3928
8213 8276
8406 8473
8784 8848
3190 3252
5981 6049
169 239
5950 6016
3219 3284
6545 6611
7806 7869
5714 5780
5164 5230
8171 8241
8350 8419
7275 7343
3066 3129
5244 5308
4473 4542
1893 1960
1887 1949
1126 1194
7841 7906
3677 3747
2018 2083
1311 1372
8277 8343
2660 2725
4922 4990
2850 2912
4593 4656
4599 4668
8 75
535 603
9652 9717
8829 8893
2377 2444
8294 8362
4466 4530
1570 1634
1692 1760
120 188
7723 7784
1188 1256
1200 1266
526 587
4475 4545
8251 8321
8241 8303
3477 3541
1458 1528
5469 5532
9717 9787
8537 8603
1078 1143
9266 9335
2785 2848
1048 1114
3847 3910
581 649
2577 2641
1691 1758
9619 9687
9516 9586
5479 5549
9457 9523
2314 2376
5162 5232
1491 1560
4027 4096
1877 1944
6738 6803
2052 2119
2655 2722
9394 9464
2302 2372
1133 1198
2438 2500
6019 6083
2401 2462
4923 4985
8200 8262
9191 9255
4297 4358
837 898
9163 9231
5560 5627
9688 9756
3781 3850
5527 5591
