10000
98 8736
67 3112
65 7047
195 1974
96 2633
10 6099
137 2033
2 6897
183 5500
83 6078
70 944
85 1942
32 2972
146 1054
90 5862
198 3556
19 3388
34 816
189 1235
67 9229
79 3636
20 6628
77 1768
67 1374
51 1259
2 5302
195 9673
196 4238
44 2978
39 3893
200 133
120 9788
3 6818
52 3954
134 9743
131 8270
50 7564
131 1750
123 1126
184 2950
3 6926
150 937
174 8197
174 1945
189 6817
150 6364
152 5989
158 6821
126 3106
49 7210
31 3011
175 8931
80 3080
5 9905
54 3803
80 2940
76 7456
4 29
125 5402
18 9529
93 513
53 5519
92 2044
101 2011
172 2169
180 701
31 7402
82 5754
10 311
65 1038
178 1216
23 7544
124 4205
6 3379
107 2248
112 8176
46 8799
194 8317
127 8737
106 8695
195 5898
51 2437
142 5378
88 6484
122 6551
118 2504
47 7851
55 5493
71 3970
169 1661
36 1777
128 8032
148 6233
170 473
119 6674
123 2227
15 1266
43 4926
9 5556
58 2330
33 5282
132 2576
20 1231
152 5187
47 3290
18 4120
151 3034
66 8345
170 8499
124 587
165 688
153 6799
124 179
86 8595
76 9484
166 544
71 2108
90 7897
83 3890
131 1241
112 6281
66 4948
45 215
65 1284
22 4814
101 6588
138 3739
69 3806
200 1461
145 2355
98 9676
135 2062
158 8720
161 4177
17 9393
73 2491
190 3481
95 7691
126 9786
199 8759
98 3547
85 6452
57 1436
48 7554
60 9008
35 6544
5 5509
28 9522
98 8563
155 3188
30 9114
146 9979
21 2171
157 2640
150 9346
93 2907
158 9448
35 6529
34 5966
174 6482
178 6693
1 6360
81 7982
96 2780
119 9578
44 7202
133 700
71 3989
181 7553
51 4827
133 730
177 6143
23 3443
8 7411
45 5809
101 733
45 9622
155 1054
185 9325
55 3203
156 2504
155 6650
38 288
193 2425
3 9970
100 7443
137 1336
130 7228
191 5311
119 6889
174 1235
8 9972
25 7418
94 7514
116 7561
16 8348
197 7472
111 5971
195 1987
108 8303
97 1998
85 9007
187 2033
144 7166
54 3577
163 8462
185 8027
196 8370
35 2161
122 4890
189 2951
174 6137
107 938
76 884
139 6854
3 7583
142 7635
20 4887
4 5528
104 9715
128 2457
36 266
187 9313
73 4983
72 7221
123 1194
83 5813
150 9648
84 2141
194 2377
159 8774
8 4196
34 9252
179 8779
93 3837
46 234
51 3021
133 5833
15 8189
162 3805
151 7039
51 4636
84 5033
173 5952
80 7519
92 6167
114 4638
42 9051
30 8500
88 1372
6 6322
142 7685
117 4808
197 1674
31 4332
122 4758
145 3181
13 6924
75 28
98 5385
103 7554
143 189
40 969
68 5136
108 7069
190 4507
192 4465
72 2732
157 5708
191 2268
177 2587
167 4112
35 9122
101 331
68 261
166 9399
139 6322
90 9061
196 5178
198 3109
16 703
167 8340
23 9807
66 4439
58 8179
118 8257
120 2787
60 9236
167 6107
167 112
62 1634
155 6885
145 1801
130 5245
105 140
195 8280
19 2320
78 2361
151 4041
171 344
152 2561
147 5688
124 23
129 9958
69 842
75 8848
132 2283
35 429
25 8028
119 116
195 3082
1 1713
74 1365
5 231
126 3576
136 328
167 8229
51 7834
191 7290
131 4380
179 4212
46 6957
138 1662
89 3280
195 5762
43 4207
72 8142
106 596
178 6345
120 1263
190 4103
131 2408
41 3956
198 6933
64 4384
147 2080
37 7242
55 7792
23 2774
87 1295
54 817
158 82
77 4125
21 4816
78 4206
108 6740
99 7667
22 6990
122 5740
75 5571
51 1586
179 1421
164 6687
12 434
128 2986
154 698
179 9933
57 5464
79 7807
12 877
169 6356
174 6671
12 9467
158 1995
118 286
23 8032
4 1568
6 3401
186 7719
56 417
66 8266
198 7210
73 4597
155 2255
131 9303
58 7119
189 3451
118 6031
177 153
38 4475
59 8294
13 8660
12 1014
85 818
186 8598
15 2140
149 1404
152 1412
18 8373
75 1106
24 9501
151 9684
66 2013
117 5868
95 2795
88 8954
13 1905
70 3653
22 2376
173 4354
94 4760
163 539
151 2194
119 8514
19 8320
20 4593
29 4195
159 771
190 2694
88 1075
28 6036
92 2928
132 3992
167 3562
67 3753
112 3692
182 7112
106 1026
139 2532
4 2576
120 5510
56 5023
145 4148
194 8614
88 5135
122 5033
160 6067
10 1814
175 891
196 2776
19 5993
105 9507
133 3401
84 8762
137 6423
84 9487
62 4856
156 691
104 3006
92 8549
181 5343
9 2014
179 7893
135 7818
146 1905
97 6130
37 9764
116 1001
114 2521
95 8152
38 7450
58 9931
21 8499
57 4013
161 6277
19 8700
113 6141
185 3028
197 891
195 5520
49 4142
58 7044
44 3637
109 6125
76 4158
159 7804
86 8266
116 6616
28 4706
134 972
72 9540
33 8953
132 6736
179 2417
136 5528
22 3125
168 9585
173 2631
107 4564
73 2082
37 9383
200 3031
199 322
179 7115
39 2978
70 8713
65 4110
197 902
118 2348
75 7527
52 7606
142 248
30 7171
134 3114
195 4337
71 6806
189 1431
104 4070
184 8539
68 9483
147 5622
83 6737
38 8563
110 9632
158 7308
113 5136
184 4161
132 4806
119 965
53 3065
23 9466
48 1723
144 8763
101 5352
186 9680
101 5168
105 5732
94 7736
119 5894
1 5203
90 7228
189 4465
70 8425
190 2720
184 3541
6 1042
117 8358
120 253
4 1260
139 4420
140 3141
72 2592
79 4196
41 9517
71 397
24 9642
58 7761
185 9012
83 6080
20 5574
168 219
176 2625
29 2084
143 5696
67 1185
125 4282
73 8758
153 3197
65 9903
99 9394
187 136
96 4274
38 2196
75 4080
6 7720
138 7894
70 8973
56 6514
161 2451
35 4398
31 1379
137 7959
107 8255
157 9441
34 6572
107 8455
81 572
168 4602
33 8718
37 7394
40 1038
10 4375
40 4861
111 7417
15 2152
130 945
104 3197
52 3666
107 2762
133 9608
15 8292
64 6039
192 3495
164 7983
128 8377
14 5000
126 3367
28 5776
192 9317
68 5538
35 1358
155 4998
15 8090
51 6006
165 8121
165 184
174 2731
25 7980
162 5918
94 4788
140 4041
8 59
34 8217
134 1987
76 5378
135 9001
150 6710
199 1289
46 5365
37 5650
185 1963
93 2601
180 1110
179 7270
57 2893
134 7672
83 4548
165 693
79 9916
93 6650
2 6554
16 8380
68 2352
68 766
167 9666
28 256
9 4951
13 6320
189 6140
185 5791
15 1998
145 2318
162 3897
164 5661
110 8392
145 1809
188 4312
15 912
78 6207
72 3434
89 4444
147 3851
171 2897
189 8159
101 111
108 773
90 115
163 5005
17 8803
194 527
87 9327
190 8490
2 5226
32 9356
189 1079
74 3656
106 2829
126 7620
130 4028
139 7466
38 2431
145 2598
2 7679
81 9260
138 4619
97 3674
163 4824
1 6638
193 7916
146 7832
39 8781
9 7220
191 1697
124 3686
151 3321
151 6214
12 9388
18 4647
106 2765
135 9898
123 43
18 383
20 2086
153 7618
2 9364
144 1699
70 5992
88 6105
142 6460
180 9764
129 3645
184 1882
129 7492
57 2802
99 6786
181 343
78 2622
59 750
168 4097
61 7411
61 6521
112 7956
12 730
142 6552
115 6554
198 3321
155 8643
135 5933
134 8083
20 2743
37 1433
6 4400
150 6514
163 7816
26 9869
141 423
130 7039
168 5252
3 5142
47 7661
134 4469
64 4596
128 8888
122 1950
92 9262
46 4541
93 480
194 7451
66 442
62 3956
130 6843
81 9402
5 5459
152 8001
61 9160
28 4998
193 2994
33 9443
192 121
134 1554
95 2435
115 2779
29 1387
180 9908
63 1846
40 4841
194 944
2 5273
73 1598
157 9706
55 5285
31 737
179 648
120 2863
169 1571
5 2853
31 3215
1 6919
178 2211
8 9132
124 3392
135 5447
71 917
114 7089
194 6695
180 9623
159 7848
47 2962
176 6889
59 1966
170 2944
110 8816
86 3152
162 7110
193 5264
55 2121
168 2916
32 9342
30 990
85 6346
168 9575
174 9664
177 2678
166 8621
138 7504
200 4377
144 4460
11 9309
171 1629
44 2973
45 5363
79 8251
192 5364
154 2110
7 373
147 4038
53 7126
3 3720
92 9029
132 5721
97 5630
41 9683
192 9640
20 4051
175 1762
124 7216
66 4820
183 5402
64 9409
181 6536
125 8670
196 6079
198 6977
5 1950
70 4842
71 8889
171 4118
109 3263
113 3914
75 7729
96 688
59 9151
104 6761
169 2041
129 4767
37 2301
179 1853
30 5584
85 4528
169 1186
26 1555
24 6191
53 1349
62 2133
13 6766
5 7289
191 3860
20 5663
103 3694
61 3140
40 8983
36 8249
184 170
97 6017
2 4068
174 4066
56 3628
176 350
34 9709
74 6589
29 1398
57 278
140 3019
113 5876
167 9994
177 1525
125 7158
127 6164
180 2660
127 2023
88 5733
112 5053
154 2696
4 7039
28 587
184 5229
58 3856
75 3592
67 4149
94 9939
15 1185
142 5822
185 3939
198 5668
42 516
49 9676
80 6482
177 1960
199 2833
171 7932
112 8978
33 1754
145 7721
21 6059
149 1163
99 8714
136 163
101 7040
59 2872
188 7050
78 9453
134 9636
147 4157
142 1462
145 6945
122 3112
18 1608
128 5107
117 2914
77 7548
13 9866
28 2775
167 7148
20 481
82 5225
29 9759
194 6959
68 6962
175 7340
37 7161
24 519
78 2910
16 7841
155 7805
104 5533
150 1183
109 4317
16 8129
9 2827
4 7835
193 8843
1 5432
194 3338
30 9620
132 3520
191 4018
127 9756
148 8868
73 1295
179 4702
36 8376
44 4928
56 8897
123 6860
46 8017
59 6126
158 4991
128 9011
183 303
22 1709
126 8114
69 4212
80 2653
147 1817
70 6104
31 7125
4 1458
154 6227
86 1459
27 2076
154 4131
73 2685
96 6111
165 3801
61 3030
143 2938
102 7587
191 5364
132 2933
36 537
13 6401
10 6218
44 8768
178 4563
191 5529
12 2405
41 7544
54 1484
36 3136
117 2770
107 3497
35 3660
23 9208
140 4025
113 8906
106 7527
145 1277
44 5868
30 6188
69 6621
25 3420
163 432
115 466
153 968
89 9903
151 2470
81 5796
155 7185
161 7855
160 3495
173 8473
149 8417
84 1117
57 9792
164 4714
85 1725
108 8141
158 1800
167 6774
76 1262
83 2856
3 2778
114 2563
169 6357
3 3874
146 3528
97 3576
44 2094
37 2580
45 4700
176 1001
141 4482
81 1283
9 4098
111 5399
54 1084
14 1794
156 9608
165 6527
1 1125
4 8519
94 2746
192 9300
80 9490
189 5780
180 1876
157 3317
151 2272
121 2637
188 5359
43 4432
25 2641
1 3008
134 6932
8 917
35 9934
32 5412
63 7881
170 6575
154 9294
170 7910
26 5486
109 3878
67 2177
135 6830
13 7254
46 329
136 189
72 4846
114 2870
155 7880
43 1549
181 4538
112 705
199 3150
11 3466
103 7520
197 8637
165 9411
40 615
68 4699
180 204
192 466
111 4715
136 216
95 7425
125 9443
180 4089
193 1105
6 5092
109 1143
62 4368
4 211
21 6411
25 6520
19 2213
16 1245
110 8950
64 9160
175 3372
148 3952
146 3821
109 2472
128 3725
168 9053
196 6885
53 6428
38 8857
19 608
128 2611
23 8644
88 4698
47 3590
101 1597
120 3662
165 4827
199 8468
139 3710
35 2907
112 7219
55 8954
182 8507
115 1707
67 2019
181 5334
129 2146
43 2155
145 6568
116 6841
102 1197
24 5835
102 819
128 7374
33 1593
163 8314
68 4944
2 5617
76 2649
19 9868
153 8694
39 2000
154 1881
200 7681
73 6250
47 9315
102 7726
144 9822
195 5803
147 3072
185 179
122 5261
78 5004
4 4923
191 905
198 5023
174 6343
176 6788
68 7527
129 9375
42 1692
17 3927
148 6543
97 7961
184 7294
73 2444
104 5120
124 8946
21 4933
189 4127
101 1363
105 1786
173 8874
153 8632
159 9392
83 2881
7 9400
142 6852
12 6906
151 4638
81 2195
114 4375
121 1137
21 3789
116 9893
55 4610
195 3416
42 5311
143 1320
63 1394
74 8301
100 4498
149 7432
89 9993
30 2512
106 1239
166 8063
199 8371
160 1638
130 1619
180 75
42 2784
94 8975
46 8483
76 8388
40 60
157 501
84 739
131 2257
168 4972
163 1713
175 5825
196 880
117 5325
95 6355
181 398
181 5875
1 8974
57 7626
166 7846
57 3684
137 5405
96 5166
22 1172
144 9578
90 8542
166 5058
137 1064
188 8561
67 4805
2 6035
109 4047
21 4734
111 3109
106 6829
64 1076
81 1562
127 3752
124 5328
105 501
42 7419
76 6195
58 3407
120 4764
120 9998
32 9586
185 1121
54 4292
200 9357
185 4564
192 4705
18 9400
152 4824
151 5697
197 8075
93 5055
49 5238
44 4320
83 4859
8 6963
101 1354
74 7239
130 2885
41 4679
194 5281
137 4777
176 7585
8 8954
50 3679
105 2558
13 846
35 3597
68 5213
71 7431
193 9702
55 1278
68 3645
129 3528
6 2749
29 5121
97 3800
136 4365
71 425
55 144
101 4320
118 8560
156 6665
78 3952
182 2776
77 8300
178 2127
171 3532
11 4445
146 8652
172 1617
168 1574
91 21
45 9503
198 1961
80 899
10 5051
67 4149
101 7966
93 9944
196 9482
160 9569
100 4173
169 83
134 6511
79 8514
40 8857
77 2598
52 8730
90 5673
124 4450
52 6969
118 8733
50 3918
14 5570
3 142
111 4809
181 9363
197 2810
72 301
15 4530
186 6502
99 5254
183 8615
87 7551
152 1024
144 7210
143 4203
120 1813
182 8992
86 8333
141 8785
99 5196
157 8473
174 295
176 6381
82 3940
145 913
127 1981
83 5879
102 3814
175 4234
188 1245
58 9669
13 2907
192 6791
127 498
93 7084
157 6425
71 6401
181 682
173 4246
159 5663
195 6517
147 1037
2 9877
62 5648
44 8577
45 5249
107 2653
196 3257
154 2098
182 7722
99 5798
199 1090
123 9921
167 4979
41 9095
163 5677
65 4635
63 709
108 4267
43 1324
172 2303
108 7439
48 1079
128 7103
24 7153
151 5061
102 5322
43 1501
79 624
70 5761
189 3472
58 8032
92 7205
71 1673
196 7799
54 665
104 5920
150 7761
63 5151
103 2877
138 6038
160 1605
105 439
15 2954
66 5936
159 3484
116 9206
162 6568
40 2959
158 4233
97 7588
59 3563
123 9352
102 3208
84 6185
22 3157
161 373
164 9933
38 4218
105 4578
61 655
12 2263
182 5928
87 8974
158 9774
161 5996
158 806
158 7219
26 880
16 1011
167 2861
34 1989
122 5280
49 397
126 7511
118 2353
167 9386
114 729
54 6148
73 4200
195 5611
169 9633
3 6104
183 2926
136 9980
193 6750
138 4455
86 2426
174 7011
122 8286
190 499
36 5391
71 7956
55 7901
100 8525
87 2728
112 8646
149 3255
132 8267
46 8083
32 2820
26 3790
167 3570
180 9711
148 1740
190 1453
195 1337
44 1178
78 5666
190 2450
177 7530
175 1028
35 241
107 7276
110 3166
185 3104
94 2894
63 5962
24 9460
152 3394
199 6371
59 2493
70 4393
10 9702
152 9100
29 6951
179 3680
72 9155
182 4965
130 5130
34 4492
185 467
28 1479
90 199
144 8452
174 1193
38 7494
39 5233
86 59
158 4648
199 3437
69 5786
141 5929
93 3740
70 7722
165 5374
40 3455
85 2301
99 8620
23 4926
119 8795
88 948
180 2508
166 878
126 7466
54 1724
109 7124
52 722
14 8801
75 3944
117 9683
89 1439
140 1509
80 773
98 2590
136 6254
1 8168
75 376
53 9733
150 3241
164 6778
53 803
77 8824
25 9656
151 8690
172 6851
89 9268
128 7860
184 8380
122 9959
12 7033
1 5057
32 3412
96 2227
19 6685
14 3045
48 3134
158 6419
74 1724
165 5934
184 6025
44 1488
99 7424
4 5123
81 682
114 3125
133 1292
55 9266
93 9965
1 6903
147 3311
197 9166
184 146
21 4754
39 8010
34 4985
72 9822
197 2029
151 2170
3 9400
76 2231
74 6917
134 3409
125 7280
182 378
41 9077
42 4129
26 2837
190 178
187 8847
31 980
153 8572
200 6655
24 749
101 4102
132 8027
95 5376
136 2557
36 180
158 1212
88 370
50 598
34 4882
59 1475
121 7375
154 9597
120 504
110 5506
6 1471
172 2333
111 9106
34 8255
11 4357
137 5969
181 6998
119 5094
43 7468
101 4568
195 5476
2 111
59 9067
170 7555
12 578
48 9431
164 2017
75 7619
73 4826
135 8308
76 3035
185 71
116 7808
28 103
71 3558
33 328
191 7065
83 4586
140 2849
27 2053
83 7903
71 1826
197 9598
176 3745
52 8021
56 6310
132 2680
39 7440
94 4247
4 8466
146 8564
180 3188
173 1936
184 4463
67 6264
166 4562
140 701
51 436
133 8536
156 3778
87 8936
15 3963
154 2818
16 4806
23 1648
163 1219
158 4768
55 4895
109 8530
145 4191
104 8575
27 5310
97 7843
178 8629
6 8981
117 9286
200 8844
13 5883
88 7354
153 1428
198 311
30 8267
161 9755
36 4485
27 8869
195 2132
193 130
173 5774
2 5890
22 702
139 3160
3 9138
21 5939
44 16
195 2060
122 1348
14 3145
51 152
188 9127
147 3887
170 6014
143 4494
19 6163
4 467
121 1020
131 9625
115 3859
149 2534
101 135
146 5792
91 3047
191 7268
171 3105
183 5442
80 4758
123 9281
174 8049
11 9617
84 392
164 8966
191 7604
14 8294
179 3705
191 3963
106 2431
78 5088
155 9597
53 8020
61 2477
34 3987
67 5492
93 4356
173 7041
184 455
21 408
163 1547
193 4363
67 8528
90 3371
2 4609
96 4948
96 7631
50 8403
79 6300
86 5463
106 8113
20 9904
144 7198
53 9144
103 7080
26 3425
187 265
193 4818
141 5853
13 7634
133 6694
124 6508
110 6180
79 6325
139 2141
5 9116
20 5445
194 5424
120 2315
194 2998
22 6822
39 8020
189 4208
12 8583
168 3729
174 9576
84 1501
32 1097
174 7345
85 6511
26 8264
60 6089
65 997
112 9054
3 5136
109 2705
76 4825
184 1747
81 2617
97 8148
123 9249
101 9471
119 158
55 1132
194 7044
108 9691
132 5972
168 5367
172 6348
83 6631
88 9175
151 9791
90 9115
131 2086
33 922
122 780
2 4308
17 9974
58 3520
116 4671
162 1451
174 2223
141 6493
40 7094
124 4713
87 674
64 9411
78 4237
74 4705
179 2960
139 2907
166 8500
74 6692
12 4382
53 5931
133 3479
101 9766
58 7507
200 9641
105 5449
122 8323
86 4591
179 2937
194 5315
74 7853
111 5972
71 2013
104 676
9 9296
26 5267
97 6813
178 5311
17 797
190 9187
35 3768
90 7494
37 7108
45 2527
41 9967
171 4038
161 6115
79 7633
108 7183
79 9534
153 6069
81 8056
166 6249
198 9459
197 2534
101 6539
32 9632
139 4743
21 8820
139 3135
124 7814
80 9309
142 9884
19 4758
43 1601
21 9897
104 1795
196 6902
112 4022
107 7793
131 7708
91 9208
102 4714
86 430
116 3922
135 5024
84 3440
75 2014
123 3977
130 3093
141 118
112 5950
51 9997
18 2659
51 5562
22 6924
83 1133
47 3312
93 2784
58 2084
107 9
200 4792
158 4142
119 9474
119 2632
149 48
197 4611
7 1013
71 8848
161 4976
100 474
6 382
46 734
118 3804
87 138
146 6575
118 9345
87 6297
171 875
59 1605
4 1041
51 2607
19 4000
199 6610
185 3642
115 6312
45 3484
18 5720
124 3090
28 4087
13 1762
107 9725
22 4730
157 945
149 8144
184 1815
173 552
103 1186
195 4392
185 6454
165 5732
167 8499
18 5809
99 6136
22 93
7 8478
2 7234
116 5665
9 4223
118 272
38 5509
60 4253
39 5562
105 3314
167 9585
116 689
187 2531
92 883
18 9757
1 3590
67 3592
177 4407
71 6620
195 5492
115 6679
187 5912
165 6904
66 4598
64 1955
139 8770
59 4030
113 3207
41 4997
153 7604
145 3810
153 954
112 5963
182 930
173 1783
13 9776
40 1240
143 7000
149 2204
158 6960
130 2212
194 2048
6 1540
136 5506
61 8398
160 7641
194 7005
167 2312
41 305
39 1900
28 2366
5 3252
3 67
70 1747
107 903
67 2779
178 788
79 2060
117 9136
133 1566
6 3377
181 2444
156 4151
8 9699
198 4348
113 5598
49 9625
43 317
16 1803
58 8312
42 7122
61 8524
183 4972
59 9291
56 4499
27 7991
35 6414
116 959
57 1542
89 7723
73 8606
183 2602
118 4873
76 625
89 1333
6 5733
56 9082
53 5418
108 1190
40 4511
54 1916
129 6266
176 5640
133 5244
119 4232
189 9421
22 8991
15 3771
148 1292
176 6890
174 6036
117 3782
151 9581
122 5522
184 259
174 9161
178 1589
180 6854
49 5353
136 7112
133 4119
61 1477
47 4906
197 9676
117 2346
181 5173
106 8243
23 9850
123 856
66 4945
57 8106
47 5991
196 2235
139 9626
138 3997
115 9875
103 3270
127 3928
3 2949
47 7076
48 2871
113 27
28 3905
112 5288
32 4302
8 4930
72 7040
26 8454
31 6468
64 9565
191 1168
189 4930
57 3493
193 5316
191 2459
82 4439
18 990
46 2794
81 3397
99 8709
38 4664
104 6458
63 910
129 7329
45 5693
61 4192
121 5387
79 4001
68 7978
188 8024
62 8058
199 8469
15 9631
28 2996
105 5695
111 726
135 5342
3 8414
94 4797
89 6331
74 1691
77 3701
54 5995
124 5956
131 9721
131 3463
132 2792
175 5881
77 5898
192 1802
79 581
74 4654
67 2413
161 1229
159 1513
3 401
102 785
179 279
186 4507
27 3454
116 2916
60 4709
190 5199
96 834
187 9466
198 9040
45 4217
181 8671
99 9464
176 6541
141 3810
146 530
160 7394
100 7724
129 6098
165 6127
35 796
195 7424
9 7776
41 3442
33 9947
163 3638
61 8878
141 7143
83 4911
72 5668
197 6976
169 6017
92 9708
5 6269
147 7620
16 1170
145 5933
109 762
3 5906
52 7301
139 9388
65 15
109 5951
61 2957
24 7192
119 5933
101 4820
127 4887
107 8393
12 6684
5 2605
138 779
140 9149
54 8598
50 2095
82 906
72 3188
90 9746
102 780
123 6351
35 7677
96 4841
128 6935
127 3374
9 3586
191 7691
69 613
162 1080
29 9
55 1167
72 8278
18 9936
33 5695
75 3307
9 5086
162 797
38 995
130 1609
182 1717
54 9608
50 7743
155 7844
75 2119
79 4468
35 1303
133 6933
20 4058
153 3750
8 9252
137 6227
175 5769
163 7098
106 5364
32 1044
52 39
181 5086
81 4301
171 2488
155 908
162 7601
85 2589
47 4494
195 4104
155 6399
177 8003
171 4043
92 2351
67 6885
129 6197
188 7498
183 8580
32 6720
7 8216
123 8355
155 6162
150 7684
178 3192
95 5396
146 6772
126 7002
196 3474
177 1248
133 4888
36 6243
140 2413
192 23
143 2675
90 6575
81 5949
110 12
95 3588
179 7212
159 6224
148 425
178 7105
130 473
73 1174
61 9106
148 2557
169 3496
71 9088
114 2312
38 6613
113 9003
14 6519
106 1023
186 3060
84 6884
108 3544
200 8631
55 7438
11 3930
35 3527
35 1023
118 4735
174 3755
66 740
152 8287
89 1304
174 2617
191 2654
113 4279
114 4576
119 4996
26 1173
10 5119
48 5433
111 7220
42 8434
168 7746
100 9112
51 3341
27 3918
173 3555
171 5267
120 5746
176 2513
88 3633
180 3889
13 1558
76 4958
190 23
194 2075
61 5700
45 8188
99 28
121 1297
166 3501
7 1347
166 3138
35 5929
41 885
69 7962
50 1880
38 5849
6 9614
36 113
140 1195
94 9582
169 5400
27 6691
139 1419
71 5147
46 2256
145 4678
158 5811
47 6979
140 5399
78 3916
164 3141
154 715
180 6921
115 8742
123 5719
118 1360
2 6091
109 2896
195 8740
147 8779
8 3592
154 9091
69 6766
116 8800
67 7360
100 5793
60 5182
102 9606
147 39
109 216
128 6669
111 9578
25 2329
21 2971
101 3219
10 4767
58 7909
74 8915
115 6278
38 3189
133 6781
163 489
46 4544
182 416
184 4792
12 3042
19 4911
191 3274
44 1444
14 1011
130 4345
53 4176
90 5987
16 3278
18 7156
89 8605
94 4502
46 2251
18 1891
35 9979
21 6001
111 846
120 1991
34 4502
64 6715
59 800
175 3993
131 9663
92 8064
172 1299
103 2109
163 1860
62 5348
39 2008
138 9479
80 273
70 1358
101 2742
43 7941
56 9486
85 5459
3 2066
129 5259
75 8486
184 1020
81 1246
105 6038
186 2443
2 3566
44 4976
200 9139
49 4875
17 5421
162 6549
34 1211
69 4369
34 6319
129 8824
109 8162
134 7603
200 3444
81 5014
8 4656
21 7218
145 4609
99 7617
91 144
165 3299
47 107
118 5278
46 2233
103 4338
161 6079
193 2831
186 6821
64 2478
43 1985
41 6097
66 4002
162 1213
181 8211
106 5060
159 7672
130 270
99 4557
189 1799
89 1544
175 1691
74 5649
70 919
196 7659
195 9085
133 3590
191 8987
200 1199
9 2552
163 5380
3 4114
136 2321
30 9885
83 2634
178 18
61 4171
172 4504
22 8934
192 4993
29 5169
110 8938
125 1962
160 2700
3 8124
55 2568
33 5565
86 5610
94 120
154 1115
84 3528
51 3283
186 5544
29 222
166 9559
79 3772
110 1994
155 2540
39 634
109 7114
33 6841
157 4963
124 5418
137 6642
108 2417
145 4642
124 7944
39 6347
168 2061
171 668
191 4485
78 5401
140 3500
133 6785
50 9530
170 5593
108 2635
52 1479
72 3831
48 9940
182 4932
75 8544
90 2505
118 9065
84 7809
45 8888
41 6875
174 5122
58 8580
110 859
51 8508
142 831
109 3358
141 9193
132 6781
112 6140
83 65
122 938
2 5924
84 9839
78 6086
160 8728
1 5718
98 9685
143 8459
166 8759
189 3346
55 8107
51 1898
30 6595
134 9134
151 6741
78 3768
91 4472
110 4031
116 6126
53 9387
57 9427
112 1406
64 5754
64 9654
151 3181
39 452
101 2406
200 1289
174 3730
22 8086
53 2324
195 4499
130 7896
21 7456
195 4997
24 5226
31 4651
156 3535
140 6494
74 7619
70 5243
48 3664
104 3123
52 2999
84 8077
153 3674
124 9289
184 9899
155 9405
2 7556
181 549
151 5177
63 5763
56 8306
76 4602
44 8281
96 6697
19 3843
194 9599
76 3023
96 629
117 780
78 7571
176 3452
8 8032
132 1377
105 140
103 2834
139 7967
168 4510
143 9766
63 8764
158 7438
37 2633
55 2151
180 1064
43 8702
73 9048
100 8872
56 3248
176 9859
150 8187
21 3880
46 2252
114 8511
29 765
80 8608
45 1091
75 1190
140 9433
48 5730
183 2471
119 5042
114 7055
54 370
180 7169
155 7629
60 2929
181 2727
190 6057
174 4646
53 2218
60 5405
194 5649
34 9734
15 6286
156 8281
123 2598
52 6626
195 7236
4 6306
86 3574
55 6110
189 4498
154 4387
32 2778
195 79
84 2284
84 4654
187 2077
162 5717
198 2554
151 3470
95 3672
107 1154
59 3442
167 1662
171 4097
194 6221
7 2959
88 5499
178 5990
25 7082
87 1061
89 8909
25 8826
179 4203
72 4974
45 6529
82 4118
111 5903
164 1493
141 7278
50 1687
197 534
184 6809
198 3085
118 7961
173 7423
83 4605
30 4862
64 3659
185 4808
88 3087
4 3629
84 1721
13 1115
144 3447
85 5153
38 945
153 2482
118 4422
134 551
125 8435
191 4107
120 7007
17 2820
179 735
173 2001
30 8018
139 7376
42 7865
111 2951
56 5937
82 2796
29 2845
66 4634
136 3546
132 2352
58 2212
170 7723
94 8129
63 2587
187 873
42 9035
162 6568
32 4980
83 3956
44 2095
42 5090
134 3125
111 2870
167 5200
151 1998
10 1098
20 360
40 9779
117 5714
138 54
88 3304
23 8179
111 8201
108 655
149 3793
34 4752
28 3990
11 3167
118 4690
88 2329
26 8620
179 7249
179 8598
63 3818
71 2096
199 9952
130 9310
63 1621
27 3992
136 8722
25 1375
116 9369
136 4053
142 1278
6 7253
25 1781
29 3384
181 1203
173 2408
103 2643
194 1595
57 6253
25 7075
19 7471
192 2852
178 1554
75 6017
21 8646
123 6162
14 1514
95 9881
64 5638
193 2323
82 5244
38 917
63 5584
36 3183
9 2471
141 2413
64 4027
133 2485
53 5841
86 9207
168 7625
138 761
41 5133
123 2432
107 3904
99 6667
183 2188
172 6088
70 2797
68 5959
171 5878
57 1560
44 9986
179 4541
147 5248
72 6664
176 5466
150 2010
41 768
71 4072
90 1899
87 6521
8 1024
21 1858
168 1877
107 9088
47 8891
76 6715
55 1043
90 1054
70 1353
18 5514
123 7845
165 3767
191 8315
14 5987
108 1280
104 652
109 5115
144 2476
115 3028
118 3802
116 4913
155 7146
199 1770
122 8597
62 2268
65 6291
9 7984
50 1429
15 6951
31 9215
66 6274
141 6886
161 8726
106 1084
37 3627
139 23
168 1752
73 4494
42 1719
186 9346
188 9903
38 6802
182 8396
147 3239
6 8349
22 9929
14 8671
149 2362
197 2526
152 1854
28 1033
136 1042
87 1748
66 5360
105 1328
182 3803
5 6692
40 8171
162 1538
86 6786
66 6567
189 860
173 6231
108 5337
142 9370
154 7611
52 1770
117 2242
1 539
18 3334
136 8658
101 2152
122 4092
30 3140
77 8083
1 1867
78 9342
172 2590
78 8651
172 679
89 7820
141 7477
118 6941
31 5809
94 7319
128 2048
199 2629
121 4028
168 873
155 8702
120 3444
138 6308
97 5998
200 4709
140 9526
97 1723
199 6380
120 5989
197 5269
139 3502
150 7290
71 1266
93 9748
172 9343
44 2460
56 5927
186 1315
112 1393
53 7482
159 4663
185 4192
172 7056
44 1936
4 243
145 1193
34 2494
159 5646
145 7456
198 5403
15 8717
195 4841
108 6470
14 9580
13 9819
34 6666
10 6771
178 3570
105 4133
175 3222
166 9060
153 4471
116 1951
7 1663
66 8213
129 6204
197 1280
101 7923
54 9904
74 8314
131 7266
188 6907
77 4892
24 566
139 2333
193 9751
21 7256
6 9297
112 689
101 8612
168 729
8 2181
103 8564
19 2460
125 308
173 892
199 8455
147 4312
77 4627
159 8722
72 1367
22 4703
152 2693
133 4180
143 7663
191 4985
165 310
25 6750
9 3619
126 43
135 6333
139 1498
161 5085
111 4485
7 7038
156 3021
124 8030
74 3378
109 4427
89 6806
190 3051
161 479
180 5306
124 4937
180 2788
72 2849
98 5914
150 6610
47 2859
48 3412
32 7005
34 1003
132 507
133 2108
65 4640
43 7021
51 7055
160 3755
91 7430
169 7636
84 3670
135 2040
2 7534
192 3284
95 2448
52 2991
145 9479
185 837
144 1077
68 4918
90 8209
15 6110
16 8493
74 326
161 4907
176 8843
34 4797
82 863
146 2235
34 9073
15 7193
71 6837
74 8759
187 6655
124 6969
129 8255
116 2566
58 9495
173 6932
190 9683
77 485
81 6765
179 2111
97 3962
186 8125
117 8083
119 4152
111 8339
193 8944
65 9097
103 9269
186 145
192 771
102 9243
77 2164
48 5891
7 154
16 4281
194 2986
62 5664
146 332
83 9130
68 5017
112 3745
42 8812
32 2576
73 2896
66 2617
11 5064
179 7719
161 3488
41 6226
58 8968
105 8608
71 1452
135 5766
47 4369
137 2617
114 8714
77 6048
176 1907
2 8309
125 4048
63 8468
138 9136
175 9041
18 2499
66 8967
174 4828
31 6122
39 8196
116 765
133 9485
150 4652
100 2446
152 8426
86 2027
74 5506
125 4011
98 7888
80 2862
160 8472
190 1249
76 3177
98 1363
110 8706
22 3888
172 4826
77 5555
200 7921
99 6528
154 8704
9 5784
146 979
66 4533
146 1995
18 8497
146 9106
34 607
121 5821
79 7932
19 583
8 6700
54 1543
15 1236
164 6606
61 4865
1 2669
48 5869
153 9498
93 8865
162 6850
107 4662
69 3459
31 941
24 9941
123 6509
9 7042
136 2282
70 1814
171 751
167 3985
53 6431
51 8967
65 6652
117 1755
5 9957
170 9230
88 911
51 2590
131 8318
179 7074
68 9405
39 739
152 1755
57 7908
92 3675
105 824
190 4896
148 8756
62 8254
162 7064
45 5466
129 1884
73 1684
1 931
157 7003
160 7531
69 4824
130 798
57 7173
47 1787
10 6948
195 951
58 2399
5 9742
5 9272
89 7918
1 5801
84 3817
100 626
180 3837
167 5456
31 6739
88 9636
160 9560
146 8944
43 4006
108 3955
106 438
131 3718
189 6062
131 9688
88 429
46 6484
109 2972
8 1697
152 1088
179 8174
161 3782
141 8066
162 3672
77 1039
193 1956
145 5337
54 4050
63 5276
163 8394
22 6794
29 450
173 9419
115 6737
176 6580
106 8266
199 4706
172 1618
42 8092
130 2485
192 9318
6 474
124 9537
164 59
4 7338
131 6126
127 3626
196 111
47 9052
183 511
128 7375
80 9440
58 9879
170 1203
39 2699
168 3451
124 831
119 9374
184 4799
137 7882
159 588
165 2619
130 3285
136 9960
22 5928
54 671
110 8302
180 1734
88 7519
169 2501
151 9327
157 4937
62 6226
25 6875
156 6445
184 9513
131 5114
150 300
60 1212
92 3438
108 3433
134 3145
78 4217
136 6265
165 4166
44 8304
192 4715
141 10000
26 6605
2 8317
29 4333
198 2785
37 6311
75 547
136 9696
80 7366
110 795
12 7566
30 1740
57 3099
154 2595
61 2100
51 3698
102 953
21 1676
160 9703
40 9801
112 8157
55 8276
123 6338
55 5391
185 3802
119 564
55 7548
198 1549
95 911
162 1104
1 4155
60 7812
39 1454
157 7080
81 8198
154 6348
23 9344
81 1409
151 5297
98 2087
2 5687
187 6817
117 7657
119 6584
87 5211
117 633
44 8839
93 7176
56 635
184 7801
148 1136
31 1538
98 8770
66 8863
149 8800
86 9515
83 9950
6 4072
8 7399
161 8877
109 1046
85 4678
53 7952
138 6529
129 2460
147 122
11 8476
197 6777
39 3660
59 4014
80 6587
137 3296
120 8915
65 494
170 727
172 1626
103 8878
182 8008
136 4507
119 8119
192 8864
91 3265
194 2602
61 7287
52 2032
171 5071
167 7532
46 1507
152 2086
164 5462
87 7722
199 7287
95 9741
200 9780
51 9830
46 3918
134 8842
196 8736
175 9927
111 4056
79 26
109 3281
139 197
34 6706
168 9490
163 7797
83 9254
147 162
93 6729
111 5946
15 6895
89 7956
43 9748
75 9884
91 5417
195 7985
17 5769
165 5703
9 8755
196 4598
146 4576
181 8159
72 181
109 5527
24 7316
11 6171
126 4038
186 6299
182 3521
137 9812
148 2824
193 7083
186 1764
70 909
59 1546
73 7817
175 604
184 9005
84 6998
114 4045
167 8707
97 8524
174 693
165 2882
45 3707
130 9501
184 9544
59 1474
183 5721
18 4528
96 4241
196 6090
94 4671
20 8332
176 5977
36 2333
8 8942
186 132
165 4733
39 6550
3 8409
152 1321
194 5338
10 1962
89 1528
168 1027
68 1536
158 6964
95 8561
90 578
110 4022
115 1925
56 6470
2 1653
154 1420
180 5993
113 3308
45 483
44 6458
186 2406
32 5284
19 105
68 6899
12 9377
154 8714
87 2701
177 9215
36 4754
6 3032
3 3238
182 7311
19 6982
64 2894
151 9263
21 6259
142 3688
193 7804
103 4712
88 7212
78 2866
118 393
160 7716
69 2894
125 7995
184 5226
137 6727
60 3165
10 3155
169 3875
133 8113
200 6789
193 8026
89 1944
156 5647
112 9529
121 7785
100 429
74 2232
179 7969
194 5598
76 4162
79 5730
36 5087
113 6088
152 4005
193 5445
22 2352
47 1737
135 8910
38 9802
138 2246
26 4711
94 9438
6 5051
200 9872
186 6951
33 5675
113 4064
103 4268
24 2425
21 7055
158 5417
105 394
56 6404
158 7240
37 445
155 6495
84 1215
65 4801
72 6041
192 3265
91 5057
72 8376
43 2404
180 8327
133 7267
35 1753
146 3842
197 8891
130 7801
46 5506
153 8319
133 9752
152 636
77 2149
13 5576
32 6020
195 7056
59 2456
134 7037
55 6990
142 8866
59 6041
132 7240
40 5655
161 7413
131 9637
189 9513
148 1615
164 292
67 3176
195 5528
183 2851
58 3589
26 8393
183 8791
8 7632
73 476
115 3066
120 8604
168 9107
143 6232
144 8099
65 4483
175 2244
19 9828
156 6993
43 4614
2 7938
131 1500
90 5179
11 8065
140 4297
114 2835
190 2607
113 2434
65 157
55 6807
90 761
4 4320
99 2416
8 8422
35 2206
144 9251
150 7589
167 2826
42 7392
40 1929
163 2133
139 1754
139 2552
109 2803
10 5555
67 7315
186 7251
66 5670
44 4837
42 5425
75 9830
18 3537
114 1777
120 185
65 9955
40 9911
64 3228
131 9530
133 8554
61 1191
106 8294
96 3127
197 2843
79 1561
137 5592
21 1073
9 8012
140 2839
175 3675
29 8011
121 7839
18 8420
150 5937
90 9549
139 6634
79 4950
77 5596
191 3174
86 3225
16 2469
93 4422
185 4236
26 854
128 1276
86 9152
143 8156
128 7207
95 760
60 7229
62 3984
86 3751
146 1492
65 9714
90 4136
157 2102
75 8105
92 9201
54 1660
135 8470
21 4581
89 8573
179 7315
27 2016
44 5273
8 1086
188 9457
148 7245
158 534
21 1964
17 2599
103 329
130 3291
150 5747
168 9583
116 4237
9 4540
55 9604
19 4939
163 2633
118 7214
70 2170
167 1258
191 3969
84 2724
75 9163
44 2700
190 8729
75 1725
107 940
128 1394
134 8174
177 4336
26 4140
172 5747
160 2188
109 6841
98 5981
149 6475
151 6240
3 2232
131 7225
153 7598
122 7273
164 6780
173 6980
154 6091
178 458
197 2930
77 2403
190 1368
9 1636
17 5298
173 2658
98 3917
101 7323
99 652
49 7431
55 6851
30 7570
149 5618
60 8155
12 6054
184 4837
39 3209
128 4012
199 1828
78 5488
146 5967
84 1602
76 7043
94 2384
166 6174
24 2294
63 3573
190 3006
160 763
17 7250
86 9771
131 2152
163 5677
56 259
146 8161
128 7333
86 243
85 363
98 561
134 1330
175 1615
187 6110
67 9837
152 4377
178 2978
100 120
71 6415
91 8431
41 4785
145 2299
183 786
181 3424
138 1269
29 1017
99 9235
2 4915
176 8673
62 2388
116 9194
171 1813
132 7445
60 1270
52 554
138 2302
200 1092
30 4634
58 583
3 5610
26 4547
134 6383
97 5324
197 7335
122 5024
17 8858
22 9190
34 2739
9 5305
58 6845
147 60
104 7547
180 98
32 5733
142 6589
136 5234
17 4319
43 1269
3 9265
41 9991
200 4676
17 1209
148 8573
77 6851
95 4308
119 6086
32 9193
43 8222
154 2163
152 2674
60 1647
166 9887
155 2228
44 1960
102 6109
136 8484
45 9853
25 7353
3 9992
99 8653
138 4249
194 1369
191 4721
83 5436
61 9896
143 1986
72 8720
99 3860
19 9378
86 5143
178 472
124 2622
126 6022
165 8748
200 528
128 6663
184 8489
161 7273
60 3974
69 2795
181 3521
192 1763
22 6652
182 5891
185 7792
15 4219
40 7362
136 4938
37 9517
196 2100
115 7436
76 7524
148 9498
23 8188
183 208
128 43
6 2115
118 8671
113 3779
123 7499
118 8297
11 2537
75 4909
26 8098
197 7511
99 821
96 1663
160 9926
114 5844
51 7334
177 5448
114 6130
200 5534
112 9031
130 5713
161 3586
123 4599
107 8723
20 9949
59 3932
105 7017
79 5109
187 5800
43 6191
124 5852
99 4045
174 7252
185 5212
194 1326
38 8449
34 7123
121 3750
73 8156
104 7580
63 9292
108 1915
23 8967
167 1339
81 8409
60 2761
6 3756
8 1910
73 3331
56 3792
40 4067
141 8045
195 4274
29 5614
193 4267
158 6885
199 7407
174 6218
108 2173
182 7492
52 7788
95 1193
103 3409
92 8902
94 2927
145 7747
192 1285
110 886
51 3938
4 691
175 2395
1 8113
82 6373
97 6174
17 4589
128 5478
23 6621
29 6623
76 2477
3 9472
19 4569
6 8748
185 9362
99 4115
5 8835
29 7854
166 2379
103 7381
155 3000
188 10000
29 9923
143 2668
42 1203
79 2924
195 7517
38 9082
181 9613
126 643
157 165
199 8624
77 5914
44 6579
159 8795
194 9747
98 3865
188 5733
152 4278
81 330
53 393
110 9159
192 2000
12 2699
141 8772
88 3290
113 4449
114 4286
16 4742
136 1358
56 7527
191 1681
13 3553
182 1530
60 2165
109 9662
173 1464
63 3170
68 6116
88 1427
68 9208
9 175
13 2980
73 6722
79 4380
106 3960
40 5534
38 3297
26 9405
121 5972
185 3037
53 6829
199 7157
25 667
45 2218
26 4512
38 9512
44 7786
59 8202
182 2916
76 8938
23 839
135 8867
23 2613
184 5313
101 8895
124 6920
29 5553
172 2074
91 53
164 1016
80 2068
5 1953
155 5723
190 7064
153 9088
126 8217
84 9527
91 413
77 8058
153 3426
146 6777
82 9028
53 774
26 1253
20 8095
163 1741
93 5499
173 2719
182 199
38 2563
179 8486
13 5564
128 4214
72 6503
81 4404
180 5576
3 6626
199 6213
17 2055
149 8224
116 2437
87 6663
182 8
159 1860
174 5515
153 2196
111 7904
118 8365
19 6438
41 741
116 7499
76 8373
185 918
124 7874
49 4754
142 9472
87 8764
124 7828
39 1868
134 1682
77 6812
116 4086
2 7988
177 3185
125 6373
71 1618
142 6592
109 4347
172 7278
31 3184
55 7373
136 5572
152 5141
160 1259
92 5790
154 3446
131 9521
60 21
157 2685
57 4636
5 3481
72 9279
177 8946
176 3932
115 8549
121 4606
130 6121
14 8408
19 6281
22 7325
170 5310
30 7375
147 4653
89 5041
77 3303
135 2745
175 8633
179 9558
89 8352
52 6506
111 6955
28 5524
131 3992
72 7041
117 9949
11 8694
20 1487
91 2792
33 2519
21 2531
75 3861
93 5308
65 3649
152 6423
128 4706
60 1603
126 4039
182 7439
79 1057
157 4654
99 5196
34 5319
111 8470
140 1876
6 2295
155 9513
20 6032
32 8647
70 9684
141 4384
186 4349
139 8753
191 3112
120 9121
126 7022
17 4228
147 9824
45 1602
29 7657
103 1985
97 586
17 2457
55 2668
103 2648
31 8876
25 9444
196 9369
80 7963
83 4386
7 9351
178 7208
183 9975
128 3124
132 4380
164 4108
93 3434
90 4212
31 1309
109 9697
172 1933
176 3691
59 1796
111 5923
61 1890
40 9545
153 4419
146 1170
93 6487
66 5025
133 1425
10 3581
144 3825
134 3452
148 7374
107 1794
84 1719
67 7034
109 8543
184 2329
73 5969
139 8024
193 4977
64 7484
61 9837
13 8681
62 7993
17 8823
74 2757
131 3302
95 5421
91 5789
22 579
73 9709
37 8482
50 2256
31 3910
86 7541
176 2175
12 6701
182 236
28 9624
198 3995
151 45
98 7071
43 6881
21 4793
123 8686
194 1843
124 3547
2 6783
44 1126
18 8785
159 2281
182 6393
29 2970
146 715
109 1208
4 3743
166 7811
44 7302
94 2360
45 64
58 168
114 5791
173 4934
11 9515
99 9616
96 7428
172 5610
131 877
143 3152
160 3876
171 9003
14 1963
64 1136
95 7857
72 7709
76 892
82 2530
63 1589
104 9254
69 6225
52 5754
115 7116
145 3823
175 2646
73 2287
90 7686
48 6843
130 4455
63 5264
172 4177
68 2934
15 848
36 1749
154 5629
53 9891
197 2574
89 5504
79 9711
108 385
72 9005
90 1581
175 313
167 6337
200 5457
33 3429
114 924
171 1052
152 4529
157 558
49 6505
30 2010
65 8797
59 1470
55 9543
99 3567
99 4526
190 1588
77 2625
81 5956
136 2228
151 4065
68 8449
129 1273
31 619
75 9486
95 8631
27 8904
174 1711
6 2285
3 8580
105 2504
92 53
78 4294
1 4720
99 7110
175 8688
136 6450
74 2642
13 6465
102 5904
86 3087
143 3796
106 8312
149 5068
47 9463
167 5503
156 3103
148 2410
129 4585
94 348
35 427
28 2868
62 2522
138 3654
157 1474
112 7639
186 6795
106 9254
73 9644
106 8406
61 4319
173 1072
81 5816
200 7520
67 6961
140 2093
113 3253
175 3319
172 3174
199 1112
103 2881
75 1910
116 2888
131 1132
138 8188
59 1637
108 9798
165 2631
151 2541
101 8716
160 4369
174 3240
159 4824
149 6100
163 9882
162 5347
9 8665
153 2436
168 1124
63 4083
119 9457
6 4521
104 4779
119 7570
37 6
174 6819
11 9796
20 4699
198 9321
2 8968
67 4361
25 1964
151 4275
150 4577
60 4318
126 7412
85 730
108 5731
52 1788
145 2826
197 2288
36 8870
169 2407
79 9407
174 4366
126 7280
195 5392
66 8103
79 2698
167 7767
179 7690
172 3493
175 3463
2 279
57 5227
66 9746
15 5453
11 2301
107 8535
101 2289
120 6433
24 7978
80 7867
164 7842
8 5111
200 3930
174 786
200 7571
2 9349
175 8553
50 3658
62 8440
141 9617
151 6024
64 8799
31 1051
181 583
1 7055
96 1460
170 5364
46 6855
41 5722
44 9419
167 4592
145 3845
54 3341
133 7794
10 5667
90 5225
23 5561
163 6353
88 9254
60 4695
155 8088
52 3907
161 9076
149 5449
67 4753
145 793
37 3634
126 8841
186 4843
109 7810
34 6748
60 2199
103 3409
14 1622
69 8190
30 1673
131 5175
50 6081
81 9043
196 5399
143 2747
132 9492
84 3531
173 2410
19 7669
16 8882
32 9605
13 3075
49 8686
76 2026
50 3717
91 5857
89 1980
22 9492
42 6169
115 1169
12 3784
67 7999
8 1695
164 2039
72 626
30 3779
6 1055
141 9594
19 606
122 2968
24 8020
199 9564
7 7112
80 7373
93 6649
184 8546
144 1905
199 450
41 3303
129 2962
93 6112
167 510
104 2650
55 3259
178 8074
94 3928
91 1401
64 2444
168 8897
97 4495
192 1061
165 8681
82 5936
38 6563
77 4322
34 9518
180 5321
170 3952
162 2835
60 1224
151 6139
91 3353
149 4993
41 5106
200 8316
128 2138
170 8991
78 8692
7 2651
125 6868
137 7483
155 110
61 9116
102 7124
99 3974
112 5562
66 6201
145 354
59 7414
82 7785
74 5058
200 7809
53 3443
46 8030
97 4459
93 5770
79 3985
101 7447
122 6291
16 7754
115 5620
172 6727
32 8581
146 5716
100 8890
147 779
188 9774
168 698
127 7792
50 2013
134 9975
160 542
140 6364
6 3412
165 5261
32 5621
147 4480
12 5403
70 5778
19 8109
88 7321
46 1317
15 3827
18 3014
178 741
116 219
112 5512
27 1027
38 1451
63 7233
53 5602
33 6646
48 1552
81 2196
57 5869
189 4700
16 1896
122 6635
48 8030
123 3691
61 7377
40 2190
16 7372
174 7467
99 7653
6 8236
81 7551
102 6039
186 3280
148 2783
82 1242
137 8688
122 9849
79 5210
52 1321
50 3001
142 5512
83 4289
155 4757
161 8056
43 6453
156 8366
156 3875
154 5809
143 1694
135 2653
93 8776
25 2424
33 3014
87 6503
55 2885
196 5736
176 7396
104 7631
86 8131
135 7264
181 4681
155 7642
51 9089
182 2061
113 8393
169 68
91 2405
171 5793
47 6476
160 8809
96 4501
48 4107
137 7271
1 6751
166 3775
7 2688
129 8698
186 3361
21 131
124 4919
139 6486
42 2044
36 3829
56 3364
172 2834
134 2367
74 3067
90 1933
35 4562
88 8442
129 5400
97 9494
7 7810
140 8235
105 4627
64 2815
58 843
24 9058
21 9045
78 4031
198 945
163 5563
47 2871
184 7052
94 8881
80 8472
117 2974
183 4729
115 3523
102 5075
89 5171
166 1965
22 9099
143 9741
171 9795
139 6373
87 168
38 1101
105 2134
14 3174
45 9998
123 1646
174 2313
36 6458
132 2040
10 337
53 5772
70 5927
67 9675
69 9365
137 9438
5 6559
59 375
108 8995
168 2163
112 9874
119 164
76 7835
92 4244
35 4663
199 5823
194 9844
123 3652
78 2816
180 7789
26 5498
56 4268
42 6831
177 9714
29 3502
175 4344
59 6740
174 1245
88 9686
149 5217
191 8122
117 9347
150 5337
152 6439
28 9027
124 331
150 7805
35 6579
45 5591
44 3163
58 873
12 8818
62 4716
2 8538
154 1901
22 5102
200 1145
81 691
129 150
128 984
66 7708
113 6404
182 8615
157 6499
62 1978
50 6001
170 3519
187 6814
151 7584
84 5340
41 5456
152 5858
148 1240
189 5784
167 28
136 3269
72 4432
46 3248
98 9005
183 3603
155 5759
30 184
197 7124
107 216
155 8699
155 543
200 5995
34 7106
90 9299
126 4975
43 6008
40 3413
12 7914
118 9837
191 9110
20 4252
36 5745
21 6849
64 1432
131 3927
21 8970
164 637
142 7220
70 8550
124 6983
191 2196
160 8118
183 3430
66 4972
33 5652
104 9409
153 1652
53 4339
122 4373
52 8268
38 8604
40 5472
44 8553
102 6982
116 1913
60 6977
46 3306
87 2420
143 3828
80 2705
113 527
130 5735
73 3617
190 3382
50 8546
150 2641
64 8887
39 6389
122 3507
20 893
21 38
95 2231
2 5667
46 9134
38 1096
22 5325
59 302
118 152
133 7483
181 8259
99 1534
20 9530
70 5363
21 4211
55 1992
181 6992
23 5675
93 4427
160 6576
72 3539
15 1749
2 9293
44 2626
108 2320
178 9329
62 2488
169 7829
143 7634
196 639
182 4763
107 9650
76 3714
140 3681
56 5721
59 8052
200 7927
20 4473
50 4554
73 3015
143 3558
197 3802
182 9557
190 7118
108 7524
39 5385
186 3089
2 3097
177 9413
133 1293
144 7032
159 743
168 5496
1 2178
144 5017
126 3273
26 3887
43 3675
192 7760
35 6984
168 4899
139 6625
121 105
117 7492
136 6497
81 4650
144 832
127 4839
168 3311
128 2727
151 4911
149 3253
127 2128
87 4943
126 4070
120 7874
98 645
149 9658
101 4219
67 6618
19 8637
68 6947
137 9362
73 2146
24 1504
167 7352
4 9926
5 7915
58 3883
152 4644
117 1135
180 3272
81 7014
184 8880
49 9134
170 4651
149 9467
181 3589
86 6086
189 7853
156 9661
186 355
22 2159
41 4342
185 3831
165 345
168 1501
67 3096
128 9248
181 2450
52 176
195 2502
42 1401
86 1175
179 4527
187 1426
133 6934
44 124
18 2754
136 7837
181 9802
55 7900
148 8148
147 2521
122 5675
2 8480
181 4774
174 8196
122 3423
101 11
36 1100
33 4840
115 9568
73 9829
65 2132
86 1608
60 5845
144 5940
12 9559
185 442
121 2485
58 3786
134 9902
76 9783
145 4055
107 328
167 7581
100 5891
119 6482
165 8525
84 3383
179 3250
141 2343
101 5922
164 352
37 9837
23 5284
137 6446
181 8308
162 7564
92 8725
57 3868
111 3058
91 2509
185 1829
12 856
57 3868
11 790
64 5998
101 4463
52 9427
62 1889
135 4274
181 2599
114 7267
143 1294
114 4405
15 1352
12 7624
52 9705
112 7596
63 1015
5 7369
118 4025
40 4868
46 2418
107 5491
116 1707
57 8993
59 5048
141 7171
127 4953
104 4206
181 1741
46 2867
62 3985
199 4709
29 8277
101 3155
22 8146
164 3492
182 5019
126 4870
62 5097
96 3734
56 6472
176 9189
194 5183
123 432
98 7927
111 4720
181 112
188 6909
64 4209
155 688
132 4437
56 2918
139 9513
162 2533
66 4352
175 3809
197 9874
56 4950
181 2743
69 8330
2 5031
142 2579
87 1534
142 3529
168 5902
139 8096
165 7451
116 9794
78 1503
6 4277
37 4943
168 9380
82 7434
176 6223
105 2414
44 844
174 6658
191 8937
17 9260
114 284
180 9385
187 1852
197 2096
151 6502
130 6674
168 2156
88 1567
200 9136
110 8569
182 5527
122 8966
175 8426
162 2495
106 165
49 2531
67 9619
22 5180
27 1453
155 5818
43 3577
85 5084
50 3163
98 9972
140 2001
127 359
77 9521
98 248
142 7651
168 8012
142 848
18 4616
147 8808
60 4640
9 9773
102 8214
98 5652
14 1786
157 6299
100 7463
173 296
168 5826
74 9849
52 466
77 5167
14 8019
34 9018
25 9184
23 5132
104 4436
50 631
34 4605
142 2299
197 7799
13 4498
145 6896
74 5786
186 7313
178 5147
65 5837
55 2606
23 9031
14 2840
171 5799
34 2036
66 9227
183 9235
133 1652
50 2925
174 6482
177 1063
200 4919
183 2450
148 1537
174 2712
117 613
43 7580
20 3291
89 7856
91 4742
120 5674
61 8908
111 503
179 2793
74 6361
175 3552
22 9003
52 6974
62 3404
115 1752
164 2235
167 7783
73 8358
13 6586
79 6513
139 2455
114 7999
53 9799
191 4625
137 4631
134 8217
171 1111
36 9356
111 5022
125 9297
84 1578
160 5488
197 4050
187 433
145 6409
15 4665
15 5483
33 9281
105 3867
49 4224
192 1241
151 9383
90 2362
135 3138
34 552
129 6860
99 317
166 1489
73 8896
56 1352
169 1569
52 3223
103 1383
2 5036
59 2759
199 6450
184 4402
115 2701
38 3625
177 6850
61 4623
140 6305
145 5111
158 5657
161 2417
186 8366
188 2081
15 7389
24 442
200 1416
18 8035
36 7198
50 2753
178 1903
152 8439
61 554
10 5164
26 4352
161 7355
171 6984
149 9721
153 3756
144 3288
129 7967
183 9920
154 6928
77 9952
104 6741
43 6726
116 5433
186 3746
109 928
32 9196
102 5535
70 7992
64 2672
180 4218
57 2216
182 3923
194 7585
112 5916
19 8147
88 1340
17 4923
155 3530
28 5932
59 2693
40 8888
174 4842
33 1141
164 9643
12 3248
63 2943
18 4068
52 1997
112 3411
158 2515
54 131
5 2797
78 4622
153 8111
155 6305
193 3764
5 1746
38 5966
161 7790
37 9402
144 2172
40 6500
48 1913
124 4243
110 9111
193 3233
29 6963
185 6997
60 8706
163 8489
4 4966
112 2907
24 7209
150 5949
102 7184
108 2386
37 4046
110 8299
141 84
147 7633
65 5650
165 1139
88 3245
151 6901
189 5947
112 9665
171 345
105 3975
124 7794
130 5254
191 1625
22 7037
135 9228
63 684
116 4227
29 1209
100 5533
177 1545
45 3187
85 7079
143 185
129 2748
123 9313
59 4433
38 2998
174 4788
176 29
8 9348
31 9862
40 7622
183 8346
78 6668
12 3882
68 9007
85 3008
145 8904
51 2828
92 73
58 8373
170 1950
89 3247
75 2344
91 7616
77 5234
56 1721
18 7917
136 8038
119 6648
54 5500
59 5338
41 1738
165 4403
28 5891
16 9409
158 1685
83 1985
80 799
14 4558
143 8722
194 2243
111 8998
35 3212
59 3798
97 5305
194 1864
1 4156
158 1234
77 4518
126 9385
21 4092
28 1635
185 8704
13 9460
181 3551
193 5755
105 4975
138 8655
52 8139
196 748
11 1749
56 6789
175 2563
80 7165
102 7851
94 7357
144 322
177 7073
84 4128
78 1341
48 1065
191 9822
76 4552
42 3280
27 7280
28 8837
178 6637
151 7635
199 6352
154 2631
139 7700
174 8847
71 1682
10 6102
43 5155
171 9839
61 890
193 4961
192 4488
167 834
23 8618
6 7146
132 8000
151 7156
138 2283
182 4904
102 2477
110 707
9 2372
78 6319
110 603
44 6448
160 8522
9 9636
69 2351
120 1128
25 6491
42 8925
33 5757
39 5192
47 8570
198 4372
79 6548
72 7908
178 8239
193 9149
149 3087
160 3036
71 9708
11 7321
48 9491
134 5730
7 3072
28 3175
167 3439
8 3218
190 1165
113 5758
65 9020
58 2984
84 594
33 8802
37 432
92 7992
112 859
149 1254
183 3759
183 2682
9 4341
179 8362
180 575
139 6139
96 5521
140 5803
138 1912
105 8149
150 3622
5 2537
81 8786
44 3248
101 2192
103 6344
26 7836
176 5485
198 1234
160 9955
45 1777
97 6250
5 4340
51 8188
136 3542
115 5107
196 3285
22 3920
167 876
19 4417
161 8020
55 1721
157 6138
123 8030
136 3755
83 8234
35 6780
71 5532
119 9239
181 73
180 55
91 2647
166 5527
2 8113
81 85
56 5820
93 9641
178 310
91 7449
3 5852
85 5379
158 9438
169 4920
158 5981
53 8687
141 3290
137 7584
110 4784
96 8854
90 5863
83 8128
169 9745
6 1927
175 9898
150 1097
27 6930
119 6186
105 4984
164 7687
173 1615
104 3369
152 1466
49 7192
198 4062
124 5496
23 7687
184 7958
84 7743
193 189
37 5611
92 9742
79 463
199 1610
96 3384
198 9114
82 2020
37 6253
197 3434
47 6085
132 2194
32 3770
80 7907
1 15
156 4315
77 5993
86 544
159 5168
129 4365
148 9157
22 8776
148 9097
149 3456
89 6984
21 1497
90 7087
8 3704
10 6274
40 5287
154 3611
3 9195
91 2230
150 1689
53 3449
157 3230
6 152
48 9930
185 9153
88 948
197 6625
111 1908
12 2486
111 919
157 3573
135 7751
97 4862
92 9490
178 9387
187 7193
22 3582
85 4495
25 2427
131 5684
183 7809
34 419
78 1779
17 4496
166 641
166 5727
77 675
136 4100
189 6774
112 8979
171 1118
51 1699
193 6593
171 1135
170 6969
178 9654
72 6153
131 5563
10 5101
94 8547
74 8176
2 2659
158 4102
75 737
116 6699
16 3387
37 2238
30 8867
153 3981
150 4201
54 9523
75 2079
41 277
129 9957
56 402
177 3822
32 5481
182 3778
67 9590
88 6809
147 6934
171 455
121 7983
115 8001
153 2026
148 9264
142 8758
186 3574
130 5334
136 3466
88 4737
17 664
194 119
60 6151
159 8012
145 8699
154 5857
191 4115
67 8474
99 8505
121 7019
128 8398
171 1814
148 7513
131 1853
189 9235
50 4618
88 3158
108 7043
54 3500
198 8618
74 6350
65 1351
177 4664
120 8931
102 3027
25 3640
54 4429
94 9747
151 8953
139 5624
193 4540
49 788
183 4032
131 3356
125 5588
138 6081
183 2798
13 2402
84 9959
138 9684
124 9985
166 7114
60 5129
81 5411
186 4811
102 8619
158 3978
161 9750
57 9940
128 8244
124 4133
82 7465
18 8106
17 7094
177 253
190 106
19 6452
180 7355
117 430
40 2012
182 6502
31 7293
194 2740
79 1191
34 9202
134 4558
174 109
167 6615
60 943
196 5335
40 3189
40 7785
91 2658
87 7572
135 607
60 4679
123 2917
56 290
32 1717
118 8334
44 7266
126 604
18 7617
160 8292
26 3630
18 9755
91 5417
74 2809
132 1733
91 7513
143 2667
183 2150
39 6865
181 1238
123 270
87 5851
54 5166
183 3965
56 23
52 7694
48 2234
2 469
30 7690
22 2076
140 6361
27 8112
13 4482
98 4609
198 9051
72 2631
81 8121
38 5911
75 1286
108 8772
65 8482
67 1312
180 264
153 1069
96 1409
170 3726
189 5435
68 3148
157 4801
3 317
147 9954
26 2227
137 7779
64 416
187 4363
44 6724
35 2004
19 6263
131 6166
127 6572
49 6826
12 8048
195 4838
38 1231
147 8951
57 6193
19 4494
24 9682
49 2907
69 4040
163 5636
191 6464
126 5149
114 2609
132 56
33 5240
87 2181
170 1844
74 4482
184 9359
151 973
18 5040
74 321
27 441
80 7522
109 6847
111 1594
142 3499
60 2388
196 8056
47 7991
123 2028
24 9286
119 9892
51 9649
21 9902
94 1153
74 2438
31 8719
40 1052
99 3710
104 2101
151 7561
148 8397
4 4410
1 8743
123 2451
88 8923
167 3698
146 8206
59 4417
121 319
108 2104
22 9746
198 8338
48 3414
114 5048
8 3703
99 7464
74 2555
50 4903
105 626
148 1124
21 1792
149 4714
82 4518
36 7159
63 3755
52 3944
33 6436
49 649
48 680
134 1714
178 4655
162 9185
87 7403
180 1211
86 4143
86 279
145 9858
127 4986
144 3178
132 5563
58 7758
194 6784
184 4490
122 394
108 5832
38 8607
191 7637
191 399
161 8229
171 5770
48 6646
55 1008
193 3744
122 3582
96 4489
46 3853
188 1353
194 2791
185 7124
155 67
74 1644
32 9792
143 2816
45 7022
143 4503
101 9767
175 1542
86 355
88 6767
55 2207
11 5783
135 9853
43 9399
122 5681
147 2179
22 5828
171 772
188 5805
26 8513
168 4632
150 1968
62 6868
174 1524
43 5147
153 3862
44 2249
101 9763
113 3131
11 1096
74 2034
13 909
33 3448
52 6184
48 1620
3 8430
149 415
34 3352
28 6610
156 7208
69 5870
118 5460
175 7064
194 6571
66 7087
73 5356
17 7291
90 9685
20 649
20 6342
123 9620
34 7574
77 7871
81 20
27 8504
125 2588
48 4647
110 5195
117 9622
60 1904
11 5782
24 8532
169 6227
27 6514
55 3140
159 8198
171 329
199 9145
164 3048
103 2679
67 2742
188 4980
174 9666
39 9097
152 4642
23 8698
182 7315
93 9846
111 4502
193 3120
117 1917
45 6752
48 3440
87 444
122 7763
104 741
120 4740
157 4243
139 2245
86 6395
93 7043
157 3660
58 5026
127 4249
120 2568
85 3519
22 1389
28 6729
172 5221
183 7666
6 6646
137 9838
80 4126
122 8494
88 3771
13 9608
19 6332
157 1521
121 9476
44 7235
154 5841
29 2880
8 3727
148 8408
73 3132
177 8282
120 4478
155 3865
158 8551
121 7677
36 3598
81 9485
157 3254
82 7638
24 9478
70 7477
156 8329
56 5250
57 9963
94 7355
188 9729
158 9222
39 6459
10 5513
141 1796
145 3682
119 9528
133 8026
15 6875
104 8214
90 9590
119 725
174 6045
160 6326
80 9630
110 1805
179 2019
78 6268
180 6817
164 9839
120 7672
199 3061
86 9390
17 6331
97 9452
41 1672
197 6586
183 6959
84 8370
152 7694
50 3315
134 61
80 3228
44 163
1 811
82 1360
20 9872
14 5680
163 1857
108 8230
101 9259
196 6700
59 8649
19 1178
23 3294
161 7722
134 1073
100 4646
160 6814
24 696
55 1160
183 2458
89 2826
82 2996
25 2851
109 2341
40 7478
126 4305
34 9050
96 9496
17 7057
129 8008
53 7703
68 8780
75 3812
123 4843
100 7881
58 8705
53 1789
191 1739
79 5629
106 3100
156 9471
120 5584
79 1941
149 7215
22 8648
102 9829
9 4226
189 3569
11 4435
68 5711
168 2063
51 5725
16 5172
200 4841
92 7894
164 258
41 4399
92 2236
2 919
118 8040
69 1024
1 8619
139 2829
63 5990
52 6950
12 2282
7 5171
142 9214
6 1822
67 7494
151 4698
48 9783
18 3591
61 8139
179 7819
194 3131
149 399
179 3147
136 288
189 3193
75 3539
62 8952
165 9833
54 5403
48 8570
19 4072
54 6998
140 5067
5 2223
194 7801
131 5735
85 1587
133 9031
70 2063
56 220
111 5610
161 7082
114 5172
126 9077
199 4919
190 6174
171 3617
35 9196
18 6463
63 4592
78 7811
150 1545
127 9163
177 6834
6 8949
158 9184
65 3516
87 5471
99 3178
48 5612
185 4897
66 3438
33 1308
170 6252
43 402
165 8384
128 7521
35 6666
99 3206
154 611
195 6904
19 6712
134 6059
189 9105
69 9432
81 36
25 2853
112 5546
197 8809
11 8281
64 8992
112 127
192 2943
149 5898
108 290
146 8302
165 2654
113 316
173 6250
82 653
40 6841
45 2714
59 6865
73 6557
37 6407
198 1235
113 7853
195 8261
158 4504
146 3295
149 7018
71 4691
158 9313
115 4735
187 7130
170 3948
61 2427
43 6367
123 1271
77 7667
54 4111
163 9427
39 2966
70 2758
52 8197
166 4967
9 4000
65 1236
171 7366
96 7931
78 1357
135 4817
183 8538
8 2129
148 457
168 3836
62 1401
166 6530
39 3653
49 8187
105 8043
194 3414
1 5513
31 4410
140 6971
80 78
94 4217
154 1166
95 2429
37 8913
149 9442
194 3804
86 2362
14 7911
50 2324
118 4214
179 1954
67 5112
121 4980
150 6697
174 1861
77 2981
147 8019
199 5183
47 3793
186 6036
191 3195
109 6779
89 9228
152 7922
88 3490
44 8269
132 2466
45 9262
110 9253
65 5747
127 9083
53 9893
27 9225
17 6604
191 1874
68 2602
132 5181
9 3328
50 6773
62 2312
132 9737
154 5705
166 3016
20 5999
97 7275
109 6084
176 3175
200 2514
117 7403
76 1768
122 4459
191 695
23 6453
25 6751
14 1624
112 3487
143 2346
113 6265
15 509
135 332
15 3063
38 3196
109 8742
96 4989
156 1177
35 8123
18 7477
82 7977
128 9192
167 3506
144 141
38 4878
94 8887
147 550
81 6109
171 6233
28 7295
189 1760
148 1488
64 4884
7 9856
84 4650
27 8176
119 317
23 7354
46 885
114 3518
156 2684
33 9607
67 4502
135 4114
160 7590
149 6514
2 148
32 2449
56 7017
19 8038
165 8691
8 6997
102 6283
167 2830
99 4547
30 5632
190 1455
108 6815
128 9
198 9394
108 5039
187 3298
98 261
29 6570
159 753
44 1647
43 3523
5 4803
184 5696
43 3323
106 6682
88 3824
38 6895
103 6796
141 7917
156 852
102 8448
60 8142
63 2599
104 8689
87 2021
143 5499
101 1682
177 1699
21 4284
165 3971
195 326
172 1805
200 4784
101 6827
78 1140
140 5656
149 4531
130 7351
191 1211
31 3185
83 9078
111 5125
23 8983
18 839
10 8195
72 6934
138 8956
139 8443
21 3689
181 6439
46 5651
181 7120
70 8594
156 7310
94 6861
90 5738
62 5528
62 9400
190 4036
30 479
165 1399
106 7101
96 2502
191 445
35 3516
166 7371
42 1681
26 9347
8 1663
75 9134
71 9854
181 7164
115 5733
168 6243
73 9505
55 8350
50 6837
139 3961
5 3697
13 1881
3 3991
23 2730
28 6444
106 8649
182 1436
89 9333
96 9004
88 6669
63 5763
19 856
157 2336
172 8873
33 7358
55 4862
142 3589
132 4619
148 2344
139 5954
154 2128
163 9597
129 5087
91 1203
71 1776
138 5178
185 7134
21 9156
181 7941
99 4992
54 3565
154 2705
123 2947
91 7437
190 1022
149 6781
177 4344
30 6711
113 1657
33 9872
50 2136
21 7322
78 7434
127 1441
184 7210
174 3377
81 8989
136 4279
115 3403
24 3578
158 5105
48 3925
35 3087
143 5229
101 4900
35 8175
97 6502
87 9007
199 8326
135 2013
189 9582
171 6308
187 7821
23 506
83 2301
157 1999
75 792
78 9556
185 2909
160 8621
195 6237
138 7546
152 8643
120 3024
189 3350
84 8854
114 3129
150 7854
111 2100
152 8524
74 8793
184 4509
16 9148
9 9814
34 5200
188 2568
114 1580
175 525
101 3017
119 9894
148 1289
169 2002
7 261
112 1718
42 917
61 5815
75 3467
15 1996
9 7091
42 1023
190 6594
174 6430
106 55
24 4748
193 9558
198 2142
95 9740
152 7967
84 6701
169 1415
182 6277
144 29
176 256
98 8710
132 185
178 2340
121 9673
80 1303
2 4778
136 5503
196 3395
86 1533
51 842
94 5838
4 1887
115 7862
42 7185
193 4258
167 2617
153 7490
181 9050
123 2283
185 1301
79 4802
56 2339
133 6766
50 651
92 5218
7 501
139 1737
198 7363
147 3253
63 191
7 4691
133 3181
31 8312
194 4713
166 7305
106 530
68 8444
161 5113
115 8600
170 2562
62 3606
94 7576
90 8152
5 1291
81 2189
79 1619
199 639
150 5411
124 3381
85 5895
25 2489
84 9142
54 9292
44 5196
157 6368
125 4413
140 7171
122 8018
60 9630
18 3078
96 3492
131 5048
59 9495
75 9432
127 6934
174 9912
53 8103
194 9409
4 3307
26 7989
1 2360
130 2351
120 7093
122 1204
81 2380
71 4891
138 5329
175 6353
185 396
81 401
112 7463
165 9454
62 9365
23 9310
99 3465
177 5048
150 6051
143 8058
61 6822
1 6216
106 9894
174 1423
176 7396
143 2748
148 3560
174 7824
77 9812
176 9290
151 2491
107 4550
149 8601
52 835
93 6051
72 4146
114 4505
150 8424
46 7819
14 2323
70 7621
132 9357
132 4570
181 4905
194 7160
50 9908
57 5497
97 8309
143 6757
7 8748
46 8035
92 5678
101 5959
129 9641
164 299
119 1695
3 7033
2 5451
107 934
45 5982
41 7253
149 4095
155 6697
54 6845
145 7897
84 2612
90 7542
100 1175
15 8742
40 9980
74 2778
163 3311
161 5428
113 4116
50 1819
71 7158
4 8690
187 1819
16 6358
54 5192
3 6960
101 2889
63 2444
186 4352
83 4878
7 6577
87 2357
136 169
85 4999
18 6849
6 734
175 2240
11 1609
166 1161
104 5426
137 8571
60 507
150 9589
92 5522
151 487
16 974
82 7110
30 9654
53 3818
66 7914
199 7822
61 1023
31 7126
86 471
48 6948
70 990
48 984
124 3329
3 797
36 7215
189 8305
14 1051
104 7870
39 9044
109 1708
129 5056
78 4660
185 5942
164 5060
7 6422
163 5012
147 3877
157 1610
159 9271
37 5111
16 6394
44 1025
47 8829
24 4499
7 9637
93 3885
144 5735
28 7122
182 6680
101 792
155 540
168 6864
25 853
75 4325
35 3583
176 9312
88 2850
31 3771
70 8286
123 8606
90 4476
162 8967
88 7385
64 942
85 8269
161 3517
132 6591
43 5928
52 1556
91 270
181 6039
40 7818
189 2620
58 9622
180 6210
37 1532
98 7069
6 9950
91 2937
158 1221
137 8975
165 2718
45 7820
176 9360
29 5249
39 7218
35 5561
132 2878
52 2975
184 1789
120 3431
51 2572
122 169
106 7656
77 9764
91 663
180 9965
185 7007
166 8376
24 3512
129 2346
106 7614
92 5763
90 2438
178 9343
125 625
197 3898
66 5975
31 5718
33 3523
185 8859
23 6923
130 3916
92 6607
118 6647
193 2267
81 7198
113 3250
39 6724
18 4402
26 2617
66 1542
68 8222
91 3283
6 7498
156 2124
46 7342
58 1531
137 9327
174 9901
119 4607
4 4966
15 4751
26 1116
117 254
22 6595
88 6895
116 2087
121 8356
5 1759
82 8526
20 8561
43 9279
158 9829
129 4579
137 931
96 4599
150 7341
8 462
67 3527
122 6677
171 2640
78 4609
164 8686
196 2799
76 5169
81 7029
60 9895
123 2875
53 7617
147 5803
2 2990
82 794
7 6103
181 1489
165 1026
65 6102
63 1735
173 4743
93 6378
98 9920
149 1568
15 7978
4 9608
176 7537
92 4657
198 2122
67 6445
99 7031
119 3225
50 4879
181 3036
170 4267
9 4395
172 7894
14 9253
20 8670
199 1114
121 8634
123 203
11 648
169 2214
58 5208
38 8387
11 7556
186 7108
143 2213
79 6118
112 1265
110 1839
91 1284
153 9675
188 8262
96 2951
105 7860
107 5770
135 715
122 7627
13 2992
99 4511
19 3976
188 2036
154 8113
177 2666
104 8665
148 1239
113 1946
7 6252
155 1701
112 3454
23 5059
174 4419
197 3557
100 8047
110 4410
137 6150
186 6880
192 924
141 6339
3 721
159 796
141 1303
106 9223
75 2947
153 9460
71 3187
157 1975
84 6644
42 2353
114 4783
85 9951
30 7850
125 5470
160 8174
94 5065
12 9514
16 7204
26 4952
51 1074
133 3701
87 7003
129 1403
198 843
147 7212
147 1792
142 2661
62 1983
52 4924
97 1987
3 1963
76 1990
145 5615
118 8644
117 1970
70 7520
74 6601
156 8908
102 6203
166 8753
144 5649
61 4464
46 8638
161 1522
108 249
11 6657
198 6911
77 39
82 542
63 5794
114 4750
150 885
144 4187
141 5705
10 2246
46 2859
122 1353
142 8906
179 120
120 9902
110 287
149 8931
121 4259
152 2425
170 4002
151 15
99 4235
174 6452
157 7042
39 1514
124 9318
70 6236
141 4398
117 3364
65 8272
158 1236
118 6175
185 8458
34 1838
191 7937
151 8155
190 7293
145 5201
194 7163
28 2253
170 585
20 5752
149 8591
106 8313
184 1017
4 1571
97 1493
150 1474
63 881
17 3535
89 1854
98 3119
71 4078
192 5594
198 3265
49 2620
171 2119
62 7020
132 4871
39 5367
137 1915
7 842
67 7385
18 9708
42 8330
135 3434
105 1283
112 2032
178 7575
191 9304
123 8175
94 1039
11 6645
115 7355
73 9742
57 3753
146 6010
146 1415
75 9613
94 4363
149 7068
150 828
11 3405
179 62
165 3188
115 8170
160 7639
83 4360
114 9970
64 2149
53 7138
99 7720
86 3198
162 9245
7 9312
180 3455
34 4107
111 1081
142 6197
184 4842
11 6858
96 3450
9 4922
44 5130
78 5874
12 7307
178 9530
80 2510
154 6863
175 8241
48 1713
19 8906
186 5033
29 9682
123 7480
137 6965
14 3885
6 5185
66 8223
96 6401
107 3944
25 7107
17 5084
99 8904
97 7722
34 825
130 7896
128 1605
38 6067
146 4157
121 2160
196 4235
19 1534
108 1201
154 2436
179 204
110 7660
144 2556
59 3278
200 7394
18 1307
154 6785
141 7947
13 8482
190 2378
137 3911
145 6462
195 3284
85 3915
150 455
58 8438
49 9081
36 4319
149 1544
137 9446
105 4948
84 7154
52 2658
139 2825
2 1817
127 6480
141 6091
174 223
137 7288
142 210
199 6838
118 4751
69 7448
191 3905
151 3017
116 7928
33 6807
64 8752
176 2885
53 6955
34 3129
171 6779
153 6375
62 1297
106 7489
126 7755
105 2857
56 6596
100 7925
142 1998
77 202
8 1609
160 7710
146 2824
178 8287
16 7998
128 9563
137 3338
34 4480
120 5950
56 6140
148 8997
192 2560
85 2003
200 2444
197 7778
186 277
138 2357
180 6098
136 1283
32 4957
119 8503
41 6759
190 6808
109 6474
165 2261
57 9165
124 4312
66 3201
196 8560
137 6666
94 992
148 2075
124 7631
113 8527
35 5259
162 4544
54 706
65 5602
27 1595
55 2973
137 7392
55 5111
63 213
172 721
186 6658
2 1461
135 7031
61 7349
28 8058
116 9925
68 8414
119 3429
30 8473
67 2983
108 7457
200 3921
183 4444
8 9254
174 46
55 9780
40 3711
141 7056
5 1126
183 1753
77 2984
197 8850
79 6144
168 6868
2 7660
68 1034
106 8509
105 2667
73 6689
86 312
43 8246
109 6140
196 4034
159 5401
154 3952
87 693
95 8830
126 4683
102 4525
184 2293
79 4104
164 3652
70 7336
176 4620
132 942
140 3461
153 7726
112 3848
200 5500
51 9622
115 2753
183 2737
171 2561
85 9260
104 8025
80 5620
23 3934
70 7443
63 8293
34 7997
10 3346
23 4773
172 3762
61 5534
156 572
124 5063
151 1822
182 1258
69 4273
97 7818
37 4773
106 776
19 9060
104 6327
124 6633
130 2937
110 2133
46 3752
86 9033
4 1506
120 4441
14 2928
137 3422
94 3347
164 7406
178 9991
166 952
163 7235
162 5336
120 66
155 4237
169 4649
153 3416
48 8614
71 4038
30 2052
131 5742
163 7443
189 1867
24 6856
46 8304
7 4153
188 3964
51 1970
187 1301
89 3971
171 7741
156 8257
22 9723
112 3604
7 6044
185 1293
87 3337
155 7299
154 2227
130 7179
83 7352
67 6137
58 5422
122 9669
191 2844
185 8610
18 4962
36 8092
47 2791
186 7500
192 53
141 3322
20 231
57 7648
178 1126
29 2987
75 8860
82 2495
115 9932
127 7355
117 8506
19 9711
155 1886
77 854
105 2201
6 6214
136 9849
79 8346
193 6507
32 2535
73 7170
182 2460
106 7347
30 6663
17 6173
78 2757
19 2685
171 4496
101 2973
126 5599
12 6406
54 131
28 1347
6 2684
18 7173
94 1837
49 7091
189 3075
137 8306
78 4419
127 106
190 5507
2 2345
70 3712
110 8055
60 3195
77 1122
20 7065
100 856
28 9377
14 1317
159 8722
196 8214
119 5548
118 7885
142 7349
55 9844
188 3483
195 9209
63 209
3 2856
129 1722
138 9431
87 5501
77 1237
105 8314
187 2442
55 3664
163 1535
171 3526
74 1880
75 112
146 80
88 6614
23 3492
148 6550
23 225
8 6676
176 9760
148 6294
159 3405
46 2605
20 4346
32 6501
26 8182
13 8002
65 7251
130 4487
100 4410
54 6618
119 7922
99 601
28 4142
53 6858
151 2156
160 3953
157 461
158 1405
105 9176
157 3389
142 4282
84 121
159 2206
168 5214
183 2058
132 7221
173 7701
194 7182
39 7800
155 8447
199 3541
1 5514
119 8955
82 5159
99 1175
9 8190
110 2641
198 9692
57 9268
77 517
89 5791
44 4008
141 8261
61 8037
83 7931
71 2367
81 8881
187 1824
182 1151
77 8668
57 8232
24 6837
81 1518
185 4774
90 4137
80 8462
21 9379
39 6123
159 2714
44 51
18 642
74 2115
138 6650
152 6413
32 7271
54 2828
17 8289
158 9078
51 8897
185 6943
156 5492
70 5664
186 6928
193 8861
111 5945
138 6637
103 7680
81 5163
175 5392
14 4832
12 3007
47 867
96 28
124 3804
98 6498
142 8308
172 5205
85 3211
23 2109
53 4477
113 3686
165 7342
105 2567
158 2046
29 431
37 3323
142 7240
67 7435
191 6837
87 2542
50 1040
45 8028
190 1173
33 4729
157 6013
98 4038
179 6670
188 7414
11 3883
66 9898
20 9040
79 454
89 3761
150 9898
39 1831
70 2988
15 9640
164 9114
194 4956
168 6797
34 5751
172 7017
31 2212
47 4359
56 241
32 3112
117 3828
140 1911
8 7805
35 889
76 598
38 2505
170 1242
198 7401
149 8164
66 3517
134 1382
146 9037
147 1316
108 2392
55 355
182 3540
2 1771
128 8121
162 9961
158 1914
170 5589
31 795
148 5092
55 9380
96 5096
30 9872
108 9781
96 2775
118 8654
160 5356
47 9724
46 9541
14 7048
160 3773
39 9375
163 3917
64 2808
99 8145
124 1963
58 7505
176 6772
152 9887
13 2635
41 4000
107 530
53 3000
141 953
152 8099
23 2906
80 7711
179 261
69 3594
139 9042
4 7319
24 5614
185 4414
52 8551
186 5289
40 9665
146 5178
177 7698
50 6799
49 7069
174 3001
63 9471
132 2253
47 5041
35 9152
22 3937
150 1438
3 3997
148 8287
127 2855
71 85
62 5566
63 5416
166 9790
59 8264
16 9814
37 6832
37 4678
70 1720
23 7635
171 6504
142 44
193 7472
158 6496
102 2940
176 5684
1 4572
140 989
178 863
78 1257
71 3988
20 3093
122 3059
178 6256
90 192
95 8352
147 1812
83 988
84 5139
30 1393
76 3185
109 3805
145 1029
43 448
104 8275
62 3721
13 9126
136 3081
88 935
126 3313
16 5929
140 4172
160 2763
101 3375
167 2643
27 8683
87 8194
22 9935
134 9984
58 7465
137 8438
115 6871
104 4349
35 2451
115 1991
72 9112
84 131
45 2011
137 8443
85 3497
179 6503
49 3263
150 4666
1 270
86 6283
120 5610
80 1622
123 4987
37 8783
126 309
21 9551
33 1397
159 9056
98 5277
174 1496
150 4934
148 952
169 5398
20 4097
180 2969
130 6105
79 1451
37 7410
192 6401
109 225
176 9669
65 2481
136 2160
37 7176
71 9033
118 2562
113 9372
170 4866
114 1834
154 6789
45 5693
96 6084
93 3323
75 6284
109 6036
57 9136
16 2636
195 3121
48 3152
136 8583
144 5318
42 5206
71 1009
194 5811
151 1736
29 347
30 8195
70 924
159 6274
62 3944
31 67
102 718
190 1047
150 3849
31 6838
107 9085
90 9927
135 9548
158 712
48 128
26 660
55 6228
103 3256
81 3076
171 7061
128 4542
11 2802
48 6181
29 1801
38 4397
33 8812
138 7144
44 475
138 6024
151 8401
61 9985
164 2976
183 4267
94 6066
127 4816
109 7064
65 6606
138 7320
72 64
12 9167
178 461
156 645
71 3067
90 6999
152 5008
145 5240
167 7164
30 3908
174 3502
69 5123
138 9452
9 377
48 4755
18 1546
64 5871
131 5630
26 1393
59 6639
37 6448
55 3548
139 5388
103 2799
107 6058
111 332
6 3032
35 579
107 6696
50 7595
92 7707
177 6267
48 2556
148 6260
98 7225
72 4759
106 2886
26 1479
77 9797
54 3528
12 7335
118 1764
142 8369
64 1904
98 6000
106 6513
132 4990
97 3635
46 7379
156 4196
154 5495
180 979
57 3612
8 3005
85 3086
20 9261
24 3096
64 7138
41 9717
68 2880
192 4891
80 2126
160 8523
54 128
123 8357
51 9561
139 3277
40 8582
139 9348
33 6647
107 823
118 2852
141 3282
198 1733
12 1734
24 1417
142 4004
78 2855
182 5653
9 7483
195 3656
84 4211
193 3934
81 6523
169 731
153 5713
116 5427
108 1822
154 1257
142 8057
74 4518
73 5965
171 3015
68 102
185 4504
159 9028
39 979
64 7795
117 2383
113 896
160 3838
64 1017
38 7876
84 7972
28 2743
60 4825
141 1853
68 2132
34 8663
166 9887
66 6170
100 7676
70 4856
38 4764
59 6139
176 350
166 8619
46 9239
162 4203
98 4681
105 9590
42 557
41 2997
59 2661
99 1274
195 1176
51 4165
20 7294
57 673
11 6258
159 4068
38 3138
128 4325
79 8235
115 2290
31 8176
85 2419
167 9672
85 4125
150 3425
152 7583
99 5544
189 6154
26 7119
128 7598
65 9988
77 2686
10 7054
88 8205
94 8241
168 8202
172 5076
147 7852
176 8738
114 9783
118 77
172 5817
170 1816
134 1161
158 8796
135 8661
99 6774
27 4612
16 4708
100 5466
67 9661
136 2068
119 6990
79 5834
17 8247
75 6944
160 9334
101 6647
7 4729
76 6435
47 2916
89 5011
22 9145
5 9867
132 8789
1 5856
123 5350
139 9536
121 4194
40 769
112 3689
174 7114
112 471
151 6875
61 4270
185 1427
37 1107
4 3225
43 2410
198 3160
15 4774
75 2350
85 6938
131 5165
133 9957
46 9922
187 3644
66 9371
45 3499
168 2017
43 5905
164 4953
129 6231
40 6319
78 3972
97 6189
138 4844
133 1572
88 6774
130 9263
136 9021
16 6727
98 8923
21 9482
50 8694
151 6540
44 1292
74 4314
184 2373
96 2513
101 2813
56 7792
115 3590
163 5789
3 8803
23 3444
171 6939
61 6838
71 2620
113 4633
172 520
163 2263
128 9016
140 2036
100 6263
75 435
178 9600
141 6731
71 293
95 6255
99 273
11 3269
58 6221
40 9423
7 9129
200 6504
119 7931
98 515
150 4398
61 1037
23 3450
1 9735
17 2400
44 8942
196 1687
160 8138
6 1246
66 5522
97 4216
96 2657
113 1703
185 5695
9 6983
180 9282
70 5111
160 8392
79 4492
44 4312
5 7295
134 2287
177 1153
150 3645
166 8182
149 6216
24 6814
69 8444
139 7088
70 853
135 6699
9 1802
193 6804
48 6720
184 1023
70 891
129 3340
92 3
47 6305
39 3242
9 9164
130 9587
31 7384
72 7198
50 8521
171 4893
94 8184
140 9732
3 3239
13 8987
29 186
126 5282
84 5757
14 4369
162 5282
198 9252
38 6122
106 3127
124 3220
92 4329
21 8373
109 9663
194 2267
57 4248
186 2196
134 2469
151 2166
74 8611
131 9386
68 2687
138 3293
14 5465
143 7128
147 9271
199 5266
190 8439
53 9172
190 2898
97 3846
193 9646
66 3082
199 7478
88 6216
2 5873
159 1771
63 6621
37 497
24 828
51 3379
196 4322
112 49
20 4985
83 3564
9 3361
6 7731
165 6154
31 1472
39 8763
35 6071
41 5992
164 3194
42 9255
34 7400
178 4017
138 2884
133 5773
110 7450
13 8504
65 1344
74 4774
79 1222
45 6238
1 909
131 9436
27 5987
180 1171
177 4391
142 5573
189 3211
46 5272
44 7927
128 5378
34 4505
48 9092
17 8450
23 4922
111 7495
156 1420
55 8863
50 8086
9 2633
23 4029
2 2385
147 1517
188 5542
68 4393
122 4183
88 1547
191 2707
108 4535
8 7207
102 3531
102 3319
181 5809
94 2156
188 3382
11 9502
39 8163
79 3364
57 6537
129 2818
200 5077
23 3403
109 5687
174 3613
172 9969
51 2381
51 8225
33 1152
107 584
165 7926
180 4446
8 7727
42 8370
106 8638
55 2699
175 2187
189 8455
93 749
114 8049
17 3418
151 7885
109 7867
170 4201
136 141
18 8676
74 5101
179 8197
166 8433
71 6621
71 7824
10 4877
83 9797
145 5598
198 6528
145 1258
142 8015
33 2095
48 1602
142 7603
30 3783
35 6160
108 2103
136 4414
186 3626
49 3958
186 3056
52 7810
159 4869
148 9748
6 9756
122 7692
187 6499
101 2707
109 2434
168 6194
105 9290
145 7803
168 9413
190 8280
189 5953
160 838
199 126
146 4563
110 4757
112 9093
185 1667
118 4986
92 2923
108 2618
163 8000
41 4275
29 3868
32 1385
64 6996
100 9021
10 4604
82 4659
173 1208
116 2427
120 6235
101 6827
12 4656
130 2418
187 9503
54 1989
15 2902
169 7495
79 1044
191 2752
124 4895
50 3691
101 685
44 6931
158 274
108 559
137 7229
36 760
178 1901
155 8517
105 916
17 1609
55 3119
162 6937
40 685
131 4905
195 4163
199 7781
63 9647
72 9442
152 6772
200 9131
91 89
141 8587
103 9420
87 6095
55 7607
126 504
192 5861
146 1239
143 9832
194 8476
8 1089
136 1545
186 3671
42 3359
90 3690
130 794
180 2380
151 8470
116 6483
41 4837
92 4971
183 7518
157 5484
115 3728
156 1251
140 5660
4 1163
185 9427
185 4542
183 1627
20 5274
5 4712
133 8151
185 8507
144 448
170 1426
143 5035
70 8953
32 4051
102 2184
196 3939
54 3993
171 7751
92 2638
64 8907
181 6874
137 3035
186 4537
44 7469
117 2170
147 2739
125 6038
190 5242
92 995
130 374
112 945
89 77
28 5765
3 1059
166 6471
97 9018
53 498
186 7633
54 9590
111 781
71 9370
159 8058
51 3996
142 6749
74 8942
39 7223
100 7785
102 7527
138 1479
149 4656
73 1255
104 3997
30 2077
18 9489
22 3083
4 6129
138 6492
39 6914
62 188
81 8180
155 3487
24 1719
198 5406
84 7525
180 535
141 1184
181 2204
81 6244
132 3162
196 8650
178 8705
197 7751
64 1667
6 2035
167 4678
164 3687
157 8321
126 5787
111 7354
40 6961
144 1842
46 2380
23 3324
37 4678
127 707
11 5432
182 4457
75 959
194 7846
123 681
119 5912
32 7038
25 2475
181 4309
69 2487
81 420
152 9412
88 4726
155 4126
184 1924
156 5433
41 6947
105 6889
86 8716
148 7250
161 3608
198 6466
92 3744
52 9822
60 1472
92 9320
84 9340
17 7395
120 4171
46 6171
156 2704
50 6153
42 4196
63 3906
156 4127
87 5010
27 668
12 1084
57 3119
190 2463
183 5916
56 2833
27 3218
188 2024
195 8099
2 9833
186 6150
97 6803
60 5379
105 5960
121 8215
83 9943
26 5148
18 3294
108 8282
198 9207
192 242
59 5805
28 8618
68 7198
183 2374
75 3869
23 5720
98 1572
83 4083
49 6954
97 1203
102 7531
176 7922
156 7319
78 5636
77 6753
109 1269
38 9336
133 3088
62 9306
126 9915
34 336
59 6549
183 3083
37 8493
96 5631
114 6933
6 8749
68 3041
76 3761
65 8945
165 4553
88 5773
13 2802
59 6772
39 674
161 7985
85 5024
107 1972
64 7867
49 8143
27 6511
60 9362
3 2632
145 7679
175 7430
182 9609
134 9539
92 2221
145 6946
171 3503
87 8383
158 7683
6 8723
189 7864
158 6470
132 2789
151 136
120 4591
21 905
86 1864
72 1595
85 6668
40 9557
54 6177
79 584
118 6824
59 7517
39 5076
139 6864
85 9179
167 1649
184 9017
159 469
125 903
166 8580
174 2411
30 590
98 7659
187 669
53 9352
127 6217
133 6570
45 3385
1 6323
101 936
184 6285
101 3819
40 719
22 5260
39 8364
126 739
80 364
174 2555
24 4178
81 4560
176 4476
197 2407
144 860
134 5394
129 5096
180 5386
5 8912
30 3033
44 6196
159 7603
142 8482
197 1685
191 2373
102 9571
130 3814
41 2782
141 1258
69 8390
183 36
131 2003
188 111
174 2862
94 2944
139 1355
158 537
170 50
86 3651
175 6919
89 8676
42 5277
58 6970
179 9834
23 5950
185 3048
2 2005
115 7467
129 5141
37 3840
195 2574
111 9927
128 504
154 4832
150 4413
41 6528
156 4590
160 4634
67 6214
163 2490
89 2690
94 4500
166 3290
183 3161
200 2294
68 5571
97 2194
97 4330
161 1825
189 3202
82 7263
52 8381
14 4237
2 9763
53 7481
170 8965
16 4141
183 1215
127 1781
75 4917
87 7727
72 5294
23 2335
111 5321
74 5135
197 3100
80 955
144 601
115 846
126 4697
13 5319
12 4847
13 9828
9 9594
62 3140
18 5683
176 7700
34 3489
161 6950
84 6897
148 35
141 833
33 4179
24 8884
133 8147
18 3349
147 9945
173 5629
174 6960
51 1381
15 2435
134 3668
156 742
91 6519
167 2317
103 9774
158 6114
93 6043
79 8390
89 5316
17 1211
155 2706
86 9563
74 927
107 6259
93 9324
191 2073
14 5178
48 6499
167 504
30 7815
128 3869
111 3587
129 572
88 7541
151 7569
26 7256
18 9906
184 1311
169 6044
119 5843
115 2613
142 1062
160 729
184 2189
155 9078
146 565
104 283
6 9208
149 5184
104 3093
100 1851
108 2081
191 3518
113 5292
134 7311
75 7631
92 5400
80 416
4 2603
80 6416
132 8959
193 977
137 3835
170 9150
43 3285
135 4473
153 8942
11 9595
86 6295
157 1075
58 2371
170 6231
46 101
104 6602
17 5602
160 735
64 6348
135 6504
53 4600
36 8256
129 4247
141 5722
116 5633
80 4703
178 201
123 8236
67 7187
87 3045
46 7464
65 6342
77 9014
113 3976
79 1492
91 8247
103 2484
82 6678
199 5583
167 8974
77 4067
19 5846
34 5806
192 9542
186 4900
163 6630
172 8583
196 1780
155 48
91 9308
107 6234
69 333
10 6761
143 4502
76 5760
26 6261
59 7152
109 445
186 8892
143 8652
81 8923
105 8857
36 8252
51 1452
159 6391
176 2541
73 1017
177 4044
145 9882
42 6471
132 8372
123 1819
63 7542
33 1183
186 2248
122 2927
183 1467
70 5026
77 2419
161 721
13 3588
4 4136
131 2486
119 8733
3 9427
199 712
131 4286
27 9673
56 1145
193 4611
137 3393
59 7266
92 9320
90 929
1 5120
59 3250
137 7613
98 6015
147 8267
93 5169
32 6301
187 1843
116 4762
107 8765
128 8723
115 5651
116 7264
135 3326
54 1559
31 7376
177 2254
18 8089
55 713
179 6316
36 5201
102 3024
66 67
181 8440
156 2733
55 3439
89 3283
99 9922
47 8356
67 6185
113 3852
57 9297
137 6889
2 8674
141 4192
144 2932
155 9176
43 3597
188 7173
105 6775
13 1944
178 7712
185 5653
8 4828
165 7231
82 6626
74 7277
165 3538
163 6011
154 8118
50 9904
79 8649
46 3356
80 4673
47 633
128 3137
48 8011
63 6858
85 4832
14 7671
48 5401
77 5847
136 2922
84 3194
63 4298
1 1837
85 5064
20 9632
56 9082
115 1651
187 2103
113 4994
51 1986
17 128
198 9888
88 1582
28 8445
166 4317
62 9515
13 6649
37 1524
188 4365
196 1674
155 1359
9 4652
106 6821
15 7796
133 9570
97 17
104 9302
83 3846
43 5192
60 4663
177 6360
161 9721
44 4341
58 549
22 4183
93 5405
8 9329
101 4902
49 9513
35 4315
84 5181
34 1483
81 587
130 1717
131 323
82 7989
61 6907
200 2394
143 1657
191 2657
61 5164
44 4084
137 4469
133 3345
11 4385
117 2119
2 4694
33 6751
19 5282
156 3762
103 7549
7 4989
183 8515
171 4758
14 325
40 2362
45 1827
47 2684
180 1781
117 9331
50 6390
84 4785
87 1403
36 2716
29 2705
5 4991
131 7283
198 7412
169 3713
189 2320
81 5935
113 2229
64 7477
9 3111
41 3643
184 8125
62 242
196 3819
134 7148
5 7383
125 5715
197 2809
20 5056
168 5146
66 8741
27 5509
137 2146
175 5139
49 5352
146 1583
60 7041
35 1729
148 5321
20 1630
13 8433
99 5024
33 4089
144 3496
41 4404
144 4264
172 6106
4 4170
60 3860
11 6930
112 260
101 908
188 4571
43 7287
116 887
120 5063
38 4280
169 9818
65 4270
74 3864
127 4658
115 8169
91 7898
157 8070
199 4350
10 7319
178 3511
33 8262
148 3566
52 7028
42 815
47 123
93 4879
101 6167
30 2309
166 526
94 4509
6 433
102 7384
86 515
185 9853
115 2695
108 8763
128 499
126 2855
21 6779
54 2319
150 7819
185 9546
54 9050
175 367
75 5172
4 4620
4 3632
146 457
61 89
135 8331
45 6375
74 6442
48 5772
102 751
22 2020
39 2155
52 2971
172 175
141 9906
29 7946
117 1767
199 7032
40 7272
112 5896
178 501
27 2846
39 4022
145 100
3 7638
10 5047
153 6624
146 5848
22 1605
62 4317
14 2915
33 9290
73 7530
2 6431
79 2864
116 8513
111 5608
182 2943
194 9701
91 2126
124 2948
171 9700
147 3429
185 1868
184 7920
186 9246
87 4797
79 8219
1 3911
174 9832
96 6031
39 6490
184 2406
59 3972
49 5177
125 2149
48 5973
153 4047
115 3746
17 7137
182 2098
47 5203
173 7620
130 8277
108 7125
156 8303
144 2803
161 1146
117 6927
56 19
119 7565
89 6580
178 6718
15 5641
177 2892
142 4831
185 5510
129 940
16 2509
34 4658
113 7323
125 2789
134 456
135 8037
7 5402
166 2190
121 2925
194 2855
47 2098
190 2808
191 7624
133 2683
22 6727
36 2614
23 2837
111 8869
9 2935
143 2987
24 1942
143 3477
18 1782
59 6660
66 7138
35 7052
12 713
136 4224
58 6554
80 7820
185 6879
67 8867
135 408
142 8929
116 2095
36 9436
64 9291
72 7730
142 1281
18 2130
134 6607
119 7653
28 1745
98 2006
26 1486
116 7929
196 2962
169 7135
63 882
177 3063
98 7978
68 3364
46 1762
42 4692
173 8187
145 1460
64 8706
2 8464
69 3691
176 1451
180 6646
8 6244
178 6175
8 9328
190 9440
170 6384
100 1240
153 7389
80 3545
83 8746
5 5253
158 9227
90 2020
111 7112
162 4511
108 7238
81 7941
67 7115
195 6858
50 3875
10 1536
175 6419
7 2709
5 2127
25 5887
91 687
114 3781
1 7800
111 3955
65 1511
148 3473
165 5973
39 8581
38 8232
58 8585
121 8087
57 1419
80 2895
174 4664
150 3084
171 8598
178 4392
191 36
190 8178
40 7102
126 8807
131 1140
120 4690
121 569
154 1509
148 7730
149 5626
120 6804
67 9628
63 6245
194 8368
159 2833
20 3572
101 4950
3 9562
168 4141
80 5328
169 9498
18 1351
59 9290
171 1923
148 8806
10 2519
98 2420
64 7076
196 7561
145 9858
181 4554
55 5965
126 7881
173 609
88 245
142 4
154 8657
98 2511
34 4213
170 7668
139 1981
152 4979
7 5036
148 9416
25 202
155 5693
9 5405
37 6962
170 9886
130 4362
165 9858
66 6223
133 2071
35 9163
30 9518
99 2004
135 3368
156 8602
17 1741
142 3703
147 9993
149 3048
161 3755
192 1386
99 283
140 6473
47 2815
85 1357
119 7780
97 3871
75 7348
68 5147
101 5561
101 1823
125 8117
62 5594
193 1272
178 6210
147 1354
36 1370
42 6045
60 8127
83 3241
20 96
119 1
100 4668
167 6193
105 767
189 6267
135 5405
150 8114
137 5196
6 2342
47 7114
35 5352
149 1682
160 9029
69 2960
55 5642
194 3288
107 3373
117 5694
12 6825
43 4021
177 5401
66 6530
125 3126
20 5602
67 9482
186 1866
100 3902
130 8934
93 6059
53 5198
37 1299
24 46
91 9143
120 3292
65 4903
103 1762
91 5793
119 6520
121 6368
49 7090
107 1187
88 3386
71 5206
65 8017
166 6915
166 9317
114 4402
145 5589
32 7805
59 2216
177 8896
89 5713
32 8620
139 9959
200 4352
90 3539
125 8706
112 3330
98 5595
62 1528
196 7264
65 3427
15 2909
65 1561
176 598
94 6123
187 4105
124 534
44 418
121 414
152 243
148 3011
140 876
23 9211
138 389
52 1684
110 7933
194 9317
77 476
73 610
85 1005
109 6918
3 1271
89 4184
197 646
40 2809
171 8548
176 2540
150 4862
51 8598
33 8840
124 9254
170 1742
169 317
79 5799
3 5993
111 363
185 8263
46 6713
111 6025
186 3394
93 950
89 7356
170 4068
65 1591
30 172
25 5649
190 3553
22 7995
145 2310
103 7500
14 6947
161 1213
77 8550
175 358
151 4339
41 9760
67 2043
111 5129
71 8388
159 5127
176 3500
53 7984
130 4517
27 7274
125 2474
172 5129
93 1690
39 7332
89 3321
60 1165
124 7791
185 9300
180 743
130 2295
174 3851
150 4041
24 901
169 754
179 705
178 4947
75 5503
144 5301
184 9119
40 3783
147 3024
14 6451
150 2223
117 6998
45 2881
131 4798
38 5770
22 433
138 7213
117 4790
89 1917
171 7446
146 2515
34 7315
49 8081
104 425
75 8747
121 8269
67 2624
56 6637
187 7263
184 8587
171 6624
189 2405
146 2908
24 4457
103 5986
101 4947
61 1000
81 134
158 6061
7 6536
5 7432
7 2128
116 6423
85 8262
200 2902
78 9420
176 4922
30 6066
122 8073
59 9005
151 8776
128 2559
92 2563
23 5208
143 9601
184 3430
109 2899
121 9790
3 7024
126 9357
176 3955
76 5803
20 3303
176 3057
62 5093
69 5434
144 2364
127 9996
155 3387
187 9901
130 9649
148 2722
63 1590
14 8220
177 3265
171 4891
45 2704
7 2447
103 5264
156 3734
119 3916
80 576
123 9862
48 1206
106 8477
78 2586
107 788
129 3377
196 4169
185 7342
184 5524
28 7356
154 5628
91 586
119 1656
172 7599
174 9837
98 8203
8 5097
125 9297
34 6865
4 754
130 3540
60 2733
26 2078
1 4196
103 5010
189 2180
165 4056
64 7880
30 7083
119 3987
189 6355
51 2968
64 7948
12 7728
33 497
188 8816
100 8963
192 799
195 4325
86 1344
76 2897
105 2675
106 2640
75 5368
154 8735
89 9345
113 1542
89 2892
171 4576
25 652
19 1803
117 8164
163 3718
195 4508
4 3957
5 80
154 2079
70 6509
76 9659
145 7144
89 7581
122 6186
29 8801
128 4962
14 2399
1 7504
68 7784
102 7670
177 4630
138 5896
175 732
162 8142
3 5081
91 232
175 9230
11 2188
173 215
15 2284
46 3801
151 5095
198 9211
194 6751
20 8265
46 4847
142 2949
32 4183
77 3069
101 9194
25 9679
108 1943
130 3151
166 2070
154 8854
54 8732
178 1599
161 1556
107 2776
192 4154
1 9078
178 2990
172 6094
162 8410
155 5848
78 14
157 3379
129 7138
7 6086
140 6246
178 3560
110 3945
101 5155
82 8670
24 159
188 8026
15 8176
69 3966
127 4538
138 9783
196 2681
11 8615
104 1752
190 5291
89 1311
22 5481
25 9218
124 2732
153 1277
35 5006
183 6928
103 7023
140 397
86 5724
106 2418
50 8023
190 1653
157 212
102 5093
155 3946
26 3390
7 329
12 5202
79 3331
88 7164
92 4265
39 4070
18 9194
117 1330
147 2103
78 6774
27 1548
159 9467
111 4535
80 7261
2 3666
146 4257
10 5961
91 9757
120 2288
105 330
151 1011
157 543
73 7920
174 7825
151 1971
119 2851
117 5729
63 5277
137 3228
45 5094
150 5891
51 3590
146 5159
199 7493
22 6617
180 6703
197 4924
43 536
112 5469
192 9216
67 2014
142 7310
186 735
114 8004
97 1475
165 9910
99 8798
109 5567
59 3196
165 459
113 7232
107 144
31 7109
130 1349
164 8094
108 2721
30 8982
117 7849
53 8967
41 6382
92 5301
99 4157
75 6142
90 759
17 5485
68 1854
197 4729
37 7574
122 5379
72 7118
38 9486
19 3579
28 6219
186 4535
117 3632
84 1978
135 7208
101 5734
92 8561
46 5390
43 7708
188 3113
87 5591
169 625
94 9608
45 4441
19 3932
150 264
150 5798
29 5335
113 8418
177 4713
46 9799
159 1678
67 3290
197 2404
69 4310
100 6137
113 2555
114 869
61 7206
137 3959
174 9679
77 7639
173 8075
93 1257
121 6637
187 8469
146 9119
8 7498
53 7213
74 9756
92 8121
27 4125
145 9004
10 5541
51 3005
84 3698
136 2776
50 4512
120 661
97 7342
11 4441
159 6436
133 2308
72 2318
73 6537
58 97
22 4317
120 1684
176 5566
123 5881
179 9426
153 3958
69 914
174 9403
144 6940
180 5223
10 8906
14 1290
7 8294
30 3437
134 2032
148 5839
75 7755
72 6019
100 7450
28 4594
151 7830
143 1780
182 3371
111 6669
43 4278
135 8042
132 6252
145 7100
137 9290
73 5726
165 4070
176 4020
191 5439
88 7847
193 4642
71 2467
47 3695
66 7565
33 1780
9 7376
17 8827
30 1944
43 1100
142 5974
52 9579
200 4414
186 9616
54 8175
174 1176
17 4293
160 1166
12 4639
3 7358
137 8277
4 2788
14 1546
89 3773
72 3044
169 2531
62 7965
179 3420
187 8461
188 3516
43 4440
85 5361
78 6859
97 1844
1 4089
166 51
38 4689
186 721
93 804
199 2426
157 5717
81 1919
91 9770
30 2411
126 1077
69 1217
129 6968
178 6953
196 5806
47 8026
77 4348
188 4964
84 7266
21 7974
199 177
93 4619
90 1707
76 9573
136 4580
56 6058
74 4261
181 7524
28 203
160 4110
136 9623
122 8606
169 6564
181 5710
83 5605
181 4602
172 433
140 1673
197 8461
40 3615
72 2284
97 5048
123 3298
52 477
186 9751
125 2211
169 3073
188 6047
108 7089
93 6169
122 1790
22 8473
97 2693
106 713
128 446
81 545
144 351
48 1977
53 867
17 9851
62 3391
63 2693
139 5582
70 8803
171 6846
187 1715
139 2092
136 3561
73 9388
185 8641
138 4952
55 5265
42 7481
147 5302
153 9694
36 5315
8 3566
147 2251
53 6746
144 8168
82 2375
66 1282
194 6421
160 1953
194 1819
170 8344
8 6131
11 4776
78 849
95 8310
24 1582
99 6330
132 1631
129 6997
116 5984
158 1024
57 1398
170 9175
128 9851
69 6329
72 8073
155 4790
166 4631
80 4165
26 5995
128 2374
55 2450
32 1778
174 9987
170 5160
183 289
38 680
6 4840
42 8559
87 3685
157 9062
51 5910
93 2311
28 9768
114 2372
97 1653
102 2393
170 6151
137 4534
45 2943
32 8459
90 8580
171 7621
180 1695
180 812
25 7418
80 3488
199 6427
195 6572
143 8626
30 4660
53 39
141 7084
169 1222
165 5030
40 4013
144 3748
168 5329
175 8714
77 3899
117 8754
42 2101
128 996
119 4392
169 1074
133 9213
3 5998
81 2785
159 8143
172 1049
14 4523
22 3011
91 357
23 2341
40 8066
171 1299
200 3908
55 1764
155 8279
152 5173
185 5523
73 1436
21 9987
129 7305
106 4579
53 7653
15 6119
27 6426
118 1706
123 8249
100 7709
16 9293
57 5651
129 2870
194 3563
38 9632
67 8778
116 3310
166 1639
169 9597
1 1671
141 4373
198 615
72 3320
168 5916
24 4794
39 3819
69 1592
13 1495
57 3397
28 5207
136 494
155 447
85 5452
48 7121
143 4654
26 8648
14 5636
155 6176
43 4286
31 6874
93 8418
9 5869
115 161
110 822
28 5124
169 9289
135 2715
166 8476
148 8172
177 9565
164 7090
77 8202
129 178
15 8031
57 9171
189 6245
66 8301
13 3949
122 2180
103 1074
163 3501
16 5624
99 6449
172 4381
146 6046
135 148
102 8509
38 2212
194 5430
153 5852
97 4202
102 4893
41 562
93 7315
188 9963
63 2748
171 5102
103 9678
11 2469
114 8874
22 708
168 8000
163 3723
104 606
57 9509
110 6456
148 4905
18 2564
78 6541
103 911
58 4617
71 6317
195 8380
48 3973
46 2757
64 9361
112 8219
93 9031
188 275
183 3797
4 8797
101 9844
7 4304
44 1871
133 2284
53 7346
62 2790
169 5675
47 6008
164 8368
80 8844
15 2227
10 7791
65 1707
55 3597
145 4199
43 8459
114 8798
68 6449
85 9957
102 9800
141 4689
163 7315
123 6461
28 9
4 8438
17 8907
49 8618
77 4626
174 1114
112 4883
93 9671
68 5706
155 8806
162 9135
134 7239
127 6063
130 4226
86 2289
49 9404
41 1865
171 204
22 4857
34 3819
84 1850
132 6760
30 2948
53 6425
30 1249
183 807
197 3992
6 5668
93 2675
115 2487
