1000
855 2099
293 8383
622 6245
838 4562
739 5238
714 5278
672 6180
977 7509
869 7874
919 1935
284 7875
774 2513
278 3218
608 9208
752 6726
825 4915
298 3958
555 6469
30 5919
508 5744
373 4121
300 4222
82 1044
270 628
562 6950
824 2188
700 7198
415 1597
157 9329
55 5374
289 9260
570 1231
699 9938
856 6124
219 5080
200 9715
936 5591
986 9499
478 8369
318 8255
795 5392
589 141
90 7846
175 3003
729 1598
857 9581
163 1369
306 426
901 4861
292 3513
227 1119
61 5492
990 3515
883 6047
653 7820
211 7201
693 7447
293 5799
153 8134
731 8819
399 9881
601 6940
717 5561
773 8906
418 2970
88 3064
555 1997
511 3501
547 9897
716 7393
945 6551
998 926
76 4638
123 5642
460 8228
461 8854
145 9210
770 2061
319 5861
830 7894
957 6088
84 9270
770 5864
112 9946
339 8668
218 9827
104 4635
624 5567
208 179
406 4747
952 5667
228 9218
279 2096
956 5997
242 4949
36 3138
407 1199
414 9120
65 1528
195 5525
703 2755
390 1764
331 8806
336 3013
111 8538
557 3741
311 4062
157 1784
133 589
537 465
602 4374
924 2924
395 6008
887 5337
213 3812
566 4081
844 8915
720 307
672 3174
64 3055
148 134
196 8620
755 2458
398 6704
168 887
613 1286
209 7121
480 3536
225 2604
767 3366
446 2437
352 5684
991 9642
167 5423
830 2014
147 7230
201 7977
786 2694
398 5308
546 6183
820 2917
38 4158
694 8028
983 9517
883 2918
354 9749
433 6680
321 3057
480 7775
140 1840
69 3309
637 4638
332 7622
929 4422
956 6729
997 5474
984 775
154 6034
551 3677
946 2137
237 4785
464 4651
708 21
147 4137
976 6187
847 286
276 1396
369 3483
904 8607
687 4649
475 4859
985 7683
717 2458
134 7138
626 5619
755 5431
81 3863
235 8218
706 7788
326 4382
19 1033
429 6172
654 2294
252 4149
798 3909
767 8938
973 5272
729 7103
241 3041
659 214
644 9866
80 5413
982 5724
864 315
48 5040
72 189
713 8418
64 4852
1 2366
275 4315
605 7798
69 1393
496 2577
617 7149
362 9088
953 627
391 9357
80 5385
51 8724
763 1295
836 3098
867 6187
38 548
265 4930
245 6390
539 1891
636 5201
777 9959
107 4483
570 9745
371 820
176 8874
258 9113
836 1608
902 2660
109 7951
137 7089
988 9976
905 1526
916 3253
495 501
701 8454
413 1130
964 9829
573 1871
691 5533
759 6295
407 2866
473 1368
28 9595
545 3727
815 6136
111 8033
558 4803
407 7368
220 3825
631 5901
383 9921
749 3395
265 5346
231 5674
968 7955
173 7989
356 3727
321 1645
723 3383
871 7217
249 2538
340 8333
700 1158
983 1746
998 6272
192 3613
7 3732
78 2292
317 8623
930 2660
648 2637
363 102
98 6355
90 6035
603 6173
710 1960
292 4851
8 2401
498 2344
967 7342
306 4495
227 7510
801 4312
287 3656
667 470
106 8568
21 9666
20 5820
206 9470
642 2109
420 7808
10 4351
103 7064
759 1369
711 3600
447 725
234 6016
680 9025
32 4386
855 2318
885 1698
363 4312
483 5905
374 3734
195 4688
847 1016
718 2614
29 4208
577 4821
772 1787
863 639
654 9218
594 7096
834 9685
2 3625
322 9040
352 2886
142 3036
770 6186
226 516
883 8964
929 6072
632 5952
124 3958
96 2208
846 1896
465 959
406 5851
536 8411
35 2239
279 3889
127 3709
96 982
167 8268
135 9865
180 4392
816 9369
321 9461
418 3447
654 2444
691 1865
823 4851
701 8156
918 7229
819 2588
829 4952
12 7097
78 5955
574 8108
972 5245
636 2061
429 9504
964 6451
249 3101
545 8733
597 1902
104 2587
94 9772
352 3805
744 11
963 9170
619 1924
230 9974
81 696
292 1156
216 2405
260 8280
82 996
97 7223
307 7331
584 9641
579 9255
26 8688
492 5673
683 8729
899 1587
863 645
971 6869
916 4092
247 1403
159 6208
487 4814
810 8418
992 1920
250 9906
898 4298
553 4834
521 4476
148 8930
659 2364
302 5831
827 1909
777 164
608 9797
552 9044
251 2206
20 7710
480 6089
9 9181
86 4471
121 3610
443 1335
162 5025
954 8315
30 8662
844 7964
224 7332
847 22
171 1352
396 4454
660 3722
431 1998
87 31
211 3910
733 2447
56 4648
334 9853
229 851
517 4495
508 1534
850 2547
878 6703
725 2073
777 76
530 2895
968 172
169 7541
571 750
12 6607
53 3133
780 5744
948 5109
311 113
959 3176
61 7827
373 467
521 6910
983 6602
678 245
491 8759
282 7559
451 2458
208 7450
57 5373
505 4219
314 9461
569 6284
748 8261
788 3231
58 3706
524 8848
758 1430
384 4045
641 1092
850 1061
971 6484
941 1483
932 6421
793 8500
718 9340
801 297
932 5383
643 9721
952 5679
736 7782
630 361
142 2612
8 8739
830 2525
937 3648
131 6031
513 4907
679 5424
923 2796
136 9471
119 2993
375 7288
360 5402
432 8370
151 2663
23 3168
779 2780
870 1165
41 8786
785 7699
81 9978
884 5268
691 7593
741 2563
385 965
957 5228
515 4504
257 8684
53 2226
889 3689
856 3203
335 4263
779 8986
123 204
255 1820
797 9259
526 687
632 6680
594 1568
533 1372
599 3979
834 2841
524 5465
690 1090
778 8576
779 8930
193 7985
322 4113
668 4971
790 7444
703 1274
961 4938
618 7580
148 6592
315 3563
893 1680
520 913
729 8726
168 6044
619 418
700 7297
634 2749
213 5244
566 4955
751 233
506 3356
645 1805
384 3466
409 6262
177 8531
562 723
987 69
147 7434
477 715
485 7666
962 4447
548 3184
779 2947
254 6760
992 1344
51 3004
160 4850
315 5696
309 543
426 1076
150 4485
906 8339
772 6137
203 6052
717 5600
399 687
222 5030
329 9946
57 5000
344 8582
937 49
898 3746
441 5448
342 9564
991 7750
234 7767
458 5141
277 3139
542 8229
829 831
518 5610
992 227
524 8091
91 1320
253 9580
628 5786
531 541
988 877
793 8972
73 8329
448 3783
923 5306
797 4905
485 6551
382 6690
652 3313
891 5251
341 5643
314 2766
346 2783
568 5918
458 8325
554 4451
774 8797
125 2346
128 2846
151 5924
828 1403
305 9299
341 313
977 1686
288 992
986 6220
985 6629
411 6299
216 1330
7 4331
781 5025
821 1560
905 8554
399 7297
573 6384
138 5901
552 400
64 8443
480 3892
235 3393
612 9768
748 4220
870 4948
630 2158
840 9085
461 8636
547 1620
525 633
281 451
186 4275
176 3853
605 7324
118 8079
322 4020
412 8597
716 9556
775 3375
675 7463
973 6996
80 7304
291 8812
784 2892
876 8837
639 9660
935 4156
9 8824
499 4110
540 4965
984 4616
565 6861
768 2748
122 632
95 2894
889 796
451 419
582 2320
211 6741
577 2365
377 5086
593 1215
391 2311
772 9953
917 5241
209 1311
523 3901
1000 5773
404 7290
183 9121
269 850
268 71
390 719
460 6850
566 7600
37 9388
955 3942
604 4629
582 9697
937 5375
37 5850
750 1145
269 7559
848 9101
222 6025
874 5030
100 842
560 4494
695 7489
440 5371
111 9612
906 6828
457 4417
113 2509
236 2390
239 5401
546 7272
831 4341
441 6166
190 6030
60 8014
855 5416
261 2511
352 6767
489 3955
566 7791
619 9599
15 9823
332 2427
168 4479
880 2919
190 9406
746 2777
294 1372
402 3539
552 7484
251 8461
971 6759
525 5511
465 7322
465 2013
964 9382
557 2435
213 8330
161 7888
158 2380
785 9040
168 7347
719 1883
421 3461
296 6120
932 3324
82 6546
408 8254
928 9958
323 7872
606 9744
178 2638
967 9162
401 9742
121 6479
518 558
256 257
491 37
498 9326
797 3911
587 793
691 2728
334 20
978 2098
322 9261
4 4652
289 6279
792 7533
274 4607
86 5192
101 5746
354 6603
640 2708
34 845
107 6489
281 3830
910 4693
713 7323
421 243
503 1042
693 5742
20 4858
390 2981
587 3811
354 6015
112 8672
627 3806
865 465
309 4618
106 4898
80 2416
460 4738
413 7989
231 4524
565 7833
926 4085
942 7609
941 8297
459 7683
49 4528
551 164
321 4512
976 7529
498 3185
435 2637
404 5955
45 9514
502 4863
387 5457
289 2084
168 1303
912 9566
862 1461
495 2204
83 2672
835 5543
406 2634
514 3155
691 1381
369 5012
966 7125
638 1772
635 8010
466 491
926 2373
675 3106
23 1445
905 8938
494 3236
907 4751
645 576
209 8741
247 3050
783 6075
86 938
62 1151
923 2051
413 1052
542 9557
281 9878
336 6820
264 8307
245 8358
594 7521
271 4738
313 3852
945 8916
965 4874
948 7191
480 2747
898 8385
787 8894
945 3172
728 3199
429 7838
657 7360
666 8764
473 9273
793 9262
999 1418
270 9063
330 5664
889 4214
404 2647
393 4188
572 2236
129 5642
813 5710
909 7425
614 7892
251 8337
100 2623
895 917
178 6924
342 8687
101 529
544 3611
824 8431
77 5784
323 5579
166 2821
815 5246
955 1646
70 9979
871 9863
551 7036
658 9473
741 8002
926 1552
590 3271
151 3267
229 7042
824 9046
829 7404
334 9252
425 7503
748 3500
145 3239
217 54
917 567
602 7439
264 4467
469 7259
162 4
626 3746
364 8103
144 9776
821 6592
995 3320
571 1
855 3328
179 7347
585 6602
656 8324
242 154
944 2924
742 2843
101 7207
563 2562
307 1614
716 3188
316 9670
613 1211
530 4488
489 2959
639 3453
799 8343
297 5817
492 7736
889 4304
579 5733
575 8184
391 7320
882 5027
640 5305
844 2540
562 2707
918 4159
647 7526
485 4799
251 9487
181 3123
291 9050
785 5477
132 5783
867 1025
208 9710
30 2794
172 950
254 3263
154 7164
870 1098
608 7067
593 3787
586 254
92 5077
551 3188
589 273
101 9841
975 1725
749 8233
942 6194
987 8309
610 1323
937 9510
673 1864
313 9443
509 6543
681 920
526 1101
529 1618
806 3617
889 3431
624 9746
471 5990
574 1598
143 571
879 4867
190 3129
991 4489
704 3478
920 5663
205 8368
639 9429
881 5238
855 3164
133 5762
192 8012
758 3373
714 8815
765 9228
798 6287
154 907
388 5029
869 3695
172 9378
40 4924
291 92
872 3597
834 8929
445 2752
513 2040
52 7929
301 7705
871 4161
740 3367
653 9635
542 5889
917 7158
852 929
658 3137
60 4376
467 1697
645 1350
631 338
441 478
518 1427
355 7954
10 8921
433 7007
373 4880
867 9172
