100
755191
626953
727349
782585
967933
771645
784354
297013
172716
74556
255131
953512
562054
574023
212195
950944
323784
595870
216234
268208
426354
459903
868827
629577
649430
246529
401311
725625
916695
520745
721715
400395
871208
177573
182979
567650
672728
962333
588173
840444
760400
838305
522466
322453
412327
729661
273397
731111
54040
213141
722829
475395
396554
591656
104971
45983
833185
501282
766609
478389
745537
216833
873784
345254
389406
780273
636415
62134
742606
224587
626088
503005
62891
872064
548968
470219
330235
545875
924840
379275
482526
647669
578180
874080
962835
678151
915064
524529
902944
681672
997918
376990
622015
600211
717245
734931
380483
82169
520575
123088
