100
50964
184588
772320
611393
651188
247202
170317
166896
392906
959024
683089
817274
37586
583650
232212
799410
237012
659083
198358
483226
612981
370832
400855
481489
226638
548375
444918
349514
699352
110717
424855
473826
18815
920685
85218
665004
167887
974046
555410
284303
933069
238498
825087
694165
545658
57298
493574
777670
439892
415443
984406
52872
509785
385261
257871
459933
657146
697790
532958
356497
532017
952813
553834
274343
602007
634052
662857
493404
336608
218266
772707
993187
180274
597794
687352
720932
378602
904436
227111
813494
319878
211517
589877
553173
320288
842748
736617
972434
269047
269574
57441
524575
945897
606275
793918
547903
963837
185284
41307
300444
