100
255550
411841
964744
987433
7131
653633
356505
564430
89769
124425
219898
755163
318108
812712
148495
642840
592304
81197
908660
108699
603600
141839
409724
858966
326423
319338
162688
552238
97646
57161
970748
76706
464002
935492
64138
466134
317634
144154
30563
402403
263579
968972
881076
305197
781683
29570
943037
102497
829278
580207
929707
432877
445556
339430
20352
766979
653769
178040
47726
474925
230201
18474
546632
417714
677476
334280
878848
990110
473434
632921
121022
460523
330403
997098
760721
112085
26667
432267
933093
850945
12473
862799
12331
453030
202229
751194
943519
579508
924235
714756
777943
877946
728230
53084
295659
134215
382365
898017
847835
579309
