100
579147
942776
384699
495644
770325
939031
112885
561712
537184
207857
800846
84904
645455
23331
106658
106171
932564
724553
219014
960478
449196
330960
64231
709322
567080
454740
656363
429337
445299
215916
464537
24446
158692
572746
243600
652527
511777
351485
214239
48960
554343
738595
852375
923308
756926
954033
752989
689489
407096
967003
378476
579802
26472
166218
289123
317063
344468
940486
469910
784768
156402
657957
532724
38604
230703
499834
686131
737480
846319
895370
509950
129171
633964
362324
775989
119400
44866
257488
532399
175472
224490
905876
750274
969474
795604
39396
15046
863582
703393
479956
376859
583305
137913
904583
616909
92126
404416
31549
553116
974246
