100
16621
234783
660608
173710
368795
686505
373070
810788
293178
597221
116490
900014
115890
707044
738609
113784
789808
480500
61756
959278
429646
735971
436486
308817
873627
944885
518559
39704
909371
206543
132621
649502
436326
788229
546722
528631
203244
914792
67929
491422
512012
179419
391435
351412
881464
853554
188706
671271
334053
245462
630549
487209
704944
790545
519537
307080
735429
38095
341785
373309
239639
469406
746321
670965
981145
293042
923107
907899
207834
986036
127830
714846
165454
242775
789769
770428
96328
973475
441699
153891
218937
795758
636101
647391
314812
155637
949471
50240
188732
19765
147060
151881
212681
888381
817847
193826
181423
469463
825235
384257
