5000 20000
619 64317
9709 503859
152 663123
7026 488570
8223 183056
9241 172379
6206 958742
5011 171468
7131 573221
821 991559
5841 953367
2411 604973
3732 267541
7471 731851
5097 757010
7194 255764
8897 949111
7687 10687
5491 635853
7827 267137
4601 204356
5323 125039
7220 345171
7462 180259
4393 941990
8727 151337
8925 189173
3243 915291
1737 367243
6428 765254
5168 924247
1328 479898
3360 383122
6927 49435
5427 185671
7012 867969
1813 713275
9716 591371
5138 726375
6708 673542
2696 935030
1852 145517
6442 309312
4564 846577
7344 801622
9980 811124
8691 523994
930 991663
8135 686895
8751 337680
4078 337226
2663 845215
2739 468095
3375 97168
9056 402894
2686 612213
1718 913964
463 255899
1374 941480
9050 714309
9800 432089
7867 160025
4921 633109
4466 547912
9971 455202
9171 357050
5148 2994
5967 978956
9200 193799
9701 563529
3860 400159
7161 924130
641 869174
4810 745734
1696 65797
6926 801389
6943 338992
3732 750913
1546 108197
7299 421491
9685 47863
6710 832958
596 64875
5648 302719
9565 238838
4691 717790
1670 951573
470 785899
6201 356573
4650 768967
4136 41058
3796 446932
9413 843302
4641 186793
5051 16195
7818 1786
4220 366939
8081 364652
6541 160513
876 152195
7416 111013
1363 524594
7741 238429
9354 774334
1982 176783
5993 456046
2219 508149
4622 102212
8249 594231
3374 894287
6629 270400
1416 599305
1925 326846
4322 672146
6397 651210
1862 867484
5760 77478
2672 877827
9135 458426
935 302976
2621 328974
625 27479
1106 186430
1553 41187
6329 573738
710 344245
845 884802
16 501948
6322 342371
4769 466379
2317 452460
6609 269330
6324 708372
2101 235161
5091 669813
7776 115780
9718 863009
3935 161397
7956 786327
7902 963396
7045 174796
7716 877880
8779 648047
2662 401779
4143 913170
4891 888868
1090 835298
5969 772724
7603 567545
7645 616853
5698 187557
7400 945283
9432 420792
7196 198073
4438 807112
8745 152808
1899 522
9730 269179
2231 657307
3965 484623
7405 629284
4731 625008
4516 343759
3161 499708
1389 449225
2404 351313
3328 608872
114 234003
4994 54534
8789 991483
1569 57992
9365 572145
4715 470395
9724 661360
3014 375171
4695 220831
379 543339
5035 951853
3609 89942
522 941211
6975 898322
4100 603771
246 790350
2993 736284
1538 300467
7555 706063
2843 893504
1381 569146
4772 40778
9516 174831
1009 299798
5768 801305
8886 969825
8470 925477
3433 530606
105 725445
2602 480658
3528 25757
43 535647
6632 375950
9241 988846
1250 73565
6747 987802
3964 219278
2708 81084
4830 442244
6221 801603
1602 94747
8352 9974
4680 124415
5611 657669
7656 854111
5820 648195
6219 94570
3541 707741
1274 838717
3060 51248
7134 131124
3289 355891
8892 635621
1963 986088
7581 463578
7459 973336
5801 161163
325 455755
9804 86019
7622 978801
7675 597766
9396 499699
5353 906317
4700 511822
5258 151796
4804 483964
7024 237291
971 206853
74 114240
840 485993
5396 280986
5464 684063
4511 250323
4998 810143
1532 669497
2545 828093
164 962165
4449 596276
5115 355736
9286 79081
76 11044
102 872855
2980 370079
8232 265730
295 827068
554 765367
8366 682508
2661 881138
3176 837302
6033 850318
5859 892457
9426 108563
5686 576765
7426 42958
4686 936535
9706 641797
8193 331563
6010 791569
3429 710530
5511 696337
7351 911294
8990 56675
5173 701301
9679 312693
3287 48880
2006 154555
9373 362727
3649 915589
420 655984
7703 727280
8828 111673
288 967129
8734 403697
5215 905767
7150 784817
2224 774651
9725 181808
5990 149278
3236 436796
639 852976
2974 833337
6771 652152
4308 451534
9445 892004
4610 794234
9021 46919
3569 259321
3807 881010
6373 772175
3636 962248
5562 613901
4361 817806
4411 128383
2639 204477
376 770357
5210 869192
993 626200
9208 844381
2531 420664
6421 924811
8690 162799
4325 55934
2326 130678
9533 628700
2552 174748
7400 40163
5012 725589
7001 158364
6438 409182
1017 249882
490 933823
2825 371438
4546 223617
2515 21060
6135 953029
2071 336341
1736 183848
1037 968656
2664 117400
1458 763699
2236 247250
7674 583089
1831 443029
839 923485
3919 227481
7331 600075
4150 659419
5810 609926
501 519508
1187 94363
1416 788924
6612 425955
7590 64050
356 815297
273 477004
4644 389831
5571 484271
7640 265345
8014 674038
9163 284687
4810 907086
9515 105346
5351 670192
5291 415817
3213 477097
6920 789237
5635 344631
9953 54512
543 774529
8697 161408
5100 85728
6219 477514
9728 627359
7331 567852
8420 837047
3755 261188
1962 393436
4209 727460
3799 288750
9869 388678
2348 750094
1744 516158
8675 903077
6533 860572
390 294428
1899 552332
1492 757031
653 274874
6102 76871
3368 582630
5380 843565
8030 15499
4338 193897
9891 923634
9970 884333
8750 387109
1334 71010
1162 608755
7649 197009
9529 2043
3023 195085
57 404719
5396 814756
9058 983537
5992 428514
1031 609976
361 748898
5708 33943
8676 620445
7249 501056
9091 493701
420 331457
2413 118081
8358 647291
1339 347611
6754 250553
7180 1464
1731 752367
4504 69112
4464 447101
8425 4872
8464 944023
2413 591983
3947 414508
6869 881759
8922 697702
6196 408645
1320 93866
1701 683812
4562 867493
330 788444
8264 652901
2897 439581
8775 267822
3306 844248
1119 147339
2444 393292
8112 680592
3229 766401
7554 142630
7622 464341
8796 114805
8417 444839
672 5470
8704 966601
494 40015
8681 712522
6098 179774
5935 936775
8851 889505
9221 33221
5926 171709
8325 142436
1559 909591
2195 157458
1048 135179
2139 940807
8983 656729
37 60235
2994 59798
8610 41409
3960 379401
2372 711078
1878 19262
7932 50185
3032 756874
2741 10465
9882 585108
6469 53925
8195 757658
377 801441
1172 770232
1943 911799
2954 356409
8171 819211
2935 773746
1806 921556
6831 117971
8821 253458
9949 565402
9752 642997
8932 573826
787 889805
1221 853299
3089 862015
2197 756830
1116 932176
4494 79314
9469 737599
9747 716096
4429 4601
6709 300469
3398 55961
9875 798554
3015 233154
4348 39565
1016 283797
2151 142607
6236 513562
1308 496016
2490 931753
1819 439400
1237 261511
7772 590247
8207 588398
498 171866
3367 100726
5234 67538
8270 431358
2498 731493
423 503512
9179 465744
6846 234902
4942 185639
2970 29795
5014 443177
3205 368492
1907 359815
1649 915663
4934 101802
8834 546217
9254 969672
4772 269527
7271 519435
600 953486
2044 155362
349 546241
1744 956293
2925 490696
1050 74881
9864 813088
7691 484564
900 839093
8734 801420
8553 398506
5745 820118
4263 478239
9501 107387
8718 797661
9162 441955
616 79146
9071 86646
2694 694276
1220 786587
553 782737
5448 253648
7537 277368
2769 387320
6202 375797
1433 506518
4041 290431
2342 986138
2562 653232
8375 73192
5089 459453
6898 36497
721 992672
6650 807797
237 821003
7324 593994
2324 609164
1945 804388
17 538011
8736 392069
5289 474003
676 423161
2845 780967
2811 707223
1382 327583
8098 242543
8632 575123
4790 138159
8405 738949
109 907114
8155 745981
8992 297597
3794 817193
1851 820628
4881 341072
1199 936482
5574 75899
734 507992
4622 680200
2184 844922
8102 637088
815 949664
7405 379341
9677 810574
6839 435487
1862 562550
9086 367563
6438 83375
1924 995359
2653 849126
3854 341201
7092 763655
6291 988681
294 629879
712 392111
7715 820082
5956 540028
2794 974362
8908 310885
8525 950089
4395 2786
8389 886944
9871 480964
6439 450652
2911 695242
8382 754489
5090 436623
582 345004
3556 298891
3451 553391
7494 937009
3715 131905
5253 197862
341 258606
9600 829456
9871 349387
9700 859667
2296 916225
9385 436664
7160 754002
630 723679
1054 746382
7161 539046
1741 680003
6042 38203
7756 795676
9299 200271
223 90747
3962 195553
2925 800648
580 463187
6953 161398
2853 21276
366 828057
6984 272238
6833 887282
1067 787766
2106 79909
2412 39824
4144 840908
3881 593717
7975 192437
75 491483
1678 957635
1703 686694
1858 576713
2018 479532
6386 695007
1552 756229
4551 51981
1398 308954
4121 762381
6929 29620
8931 251812
8184 397950
1845 341176
9876 621044
4141 954231
9063 66232
2824 178337
2031 197724
658 56158
6070 611802
1297 508242
9544 257850
4481 248791
6414 87705
630 490110
9307 779130
5687 53367
6327 44297
6979 402882
1791 444047
3611 442647
5859 258947
7379 882369
7492 425052
2029 553422
4699 144699
2765 839698
1681 183322
6139 566138
1468 783291
209 934928
1661 725120
2597 696075
6564 190250
3970 541201
4635 350451
5282 250158
1001 931007
2870 641840
6379 666644
994 969164
4731 512895
2957 390740
6206 974670
1157 666151
1163 592255
3151 604649
6569 737222
4620 382665
7707 863276
7129 673572
8493 983477
7183 699264
8886 174776
377 121669
7781 547896
6959 972118
1842 862432
5496 922415
9809 55465
9325 356367
9253 22481
2104 774991
3554 370116
8427 214804
7173 267236
9326 641771
1431 965733
690 372224
6660 343695
7666 525796
1110 644
1764 273904
8379 286672
2437 994225
1614 515978
8963 232800
2005 113637
2434 364745
8604 208012
7233 374958
1583 690541
8969 924256
3931 90254
6426 943738
8206 129321
6792 476046
2849 714008
8975 450440
7344 915907
4635 137463
2695 566420
53 634426
9415 326307
1973 393620
3689 252194
9470 286322
739 723712
6528 415531
4574 527029
1862 947374
6431 114808
8306 30201
9913 268102
3632 215934
222 457425
417 882750
2208 979887
1218 961532
3030 734804
7545 941347
1820 670039
4687 681172
5452 16975
7050 657872
5090 399536
8293 750571
7249 637671
2696 18752
8097 363458
7078 738768
3725 266558
5950 887081
3068 514227
1786 130023
5467 980227
5778 100343
3801 491075
7765 760844
8757 82243
3296 244826
2650 909524
3973 629402
5713 780845
9680 535144
9899 187291
8400 913363
395 539854
2217 178907
7005 55587
5996 748198
7172 207177
1338 413808
514 408475
3742 593684
6506 475647
6102 139668
2153 12286
4487 924068
1689 481477
3489 634098
4043 601635
7564 102420
4273 584296
9849 367444
2391 423455
6133 324440
4233 200576
502 387077
2442 503565
9257 440189
1349 360710
5829 38324
2978 493997
6952 329828
5987 581907
4930 182003
7765 572913
9626 478617
4267 455058
565 446845
5452 561800
6742 213944
2375 502911
7695 615493
261 791581
1221 601363
561 941595
2724 246651
6809 219274
7625 956488
6044 967623
5595 685964
3562 236056
2328 457068
8132 79741
8612 942591
3632 643790
6686 637855
7545 201896
9690 775553
8821 139367
7186 716179
2793 900322
1129 822254
1615 230433
1639 544009
9277 535192
8226 414142
2557 706866
2006 345777
3063 36997
2829 127857
4037 903757
1658 707500
7129 136621
8750 766033
8365 104318
9549 263015
5896 489596
5388 971665
6712 532178
5074 410603
9843 460341
926 834311
7411 820410
3331 654995
9678 423163
1927 655809
1263 194285
9019 332857
3315 85262
6836 72893
1729 392799
3159 543810
5370 907913
7443 210990
584 820455
6393 384988
919 610069
4758 750379
1213 533871
3069 289364
6004 301830
1017 95249
9681 884416
3696 504114
1537 927611
433 596795
6179 913274
6749 190581
7721 499313
8278 167327
9328 955677
5115 831936
4229 619951
7954 900470
5936 45755
8132 671212
1910 524252
6891 128378
5725 413351
2391 111921
5534 566501
4765 271348
7846 10150
8848 920278
7216 273736
6587 772461
1717 897255
7719 902044
9560 296061
744 970474
3021 80986
407 835061
3709 320039
7314 79944
9111 894275
1183 463838
5174 165772
6927 486530
174 292757
910 23333
8170 75053
1914 378588
9784 221561
779 166747
2588 131455
639 106874
136 244326
2660 654801
3061 243723
8006 814788
8961 861673
2504 469579
3203 298225
1789 696973
8973 479194
5991 264672
4466 171547
3322 89480
7278 105963
2408 486842
1626 565934
6191 216829
691 900185
7211 128315
953 929083
5774 554341
2255 306782
2736 298119
2001 980633
3440 794858
1942 645435
184 300279
9076 686345
9760 153414
249 332910
4315 295752
9918 229022
2270 892842
3363 452814
4602 7433
2755 121376
1649 559677
1652 549070
5351 387957
1402 607782
2781 575917
9261 797772
225 460650
9114 474826
4278 67279
1036 306147
2629 907784
2387 220379
9363 552021
5449 894147
9505 766822
7743 826793
7863 122505
7778 810099
7883 89115
986 948318
1739 39118
6500 971971
9394 961978
895 920785
7153 49432
8858 811380
1651 70776
3460 844847
6085 316673
1322 238326
8319 520323
5848 733943
4373 755517
5981 536201
9531 631430
8523 558008
867 779396
750 504197
8953 144582
1150 363078
6264 751664
1030 884778
8069 48017
9356 350904
4012 787077
247 858159
6147 40410
5480 339851
9683 234597
1383 759877
5367 244131
1641 292854
3546 716597
143 416773
9589 503716
2082 94976
4067 495537
787 453874
5162 694811
2070 143809
4654 947658
372 250030
9931 613591
3051 31507
4600 640753
2868 858883
3933 236750
3502 549358
4665 593464
7832 219784
709 73001
9191 814121
7960 201102
1268 339899
7633 183819
4429 799252
8754 488854
9315 390088
1590 849438
2492 435317
4748 235836
9206 998117
8684 966568
5093 277241
5444 838653
9823 3472
8488 341081
2487 437417
3423 759374
8877 296839
7513 134978
2380 777592
8799 183347
3689 510305
9461 802458
310 284969
8164 374132
1969 803712
1124 420789
5818 476890
4885 880840
7252 348462
6861 963948
4317 598439
8223 189310
4495 889809
1136 727115
1742 467289
6621 755588
311 561786
5893 33510
9571 478622
1208 493851
4424 846293
2243 155368
7480 358601
3969 971724
380 648565
8340 451925
8884 102795
14 412014
5775 535740
3975 228897
1565 842517
7602 474069
2337 385009
1461 146659
7727 334926
5536 477093
7213 360767
2889 965811
1032 988189
4961 556186
9177 999940
6074 671663
1768 22348
7779 410309
4958 773838
379 871231
4278 837596
5509 651614
475 383143
3638 492449
8901 523449
161 682348
6179 817111
5204 130724
2712 526256
9450 342797
9007 203978
2528 121080
4978 364937
7734 899417
97 547550
2877 26382
115 185951
9469 69384
8037 357107
1621 311729
5103 261463
131 359075
2959 372926
227 146617
2480 285414
2115 83711
5056 367059
8148 62867
6479 723412
1998 945354
5642 102936
1914 860208
2798 311211
8802 860531
7701 862339
545 454695
2361 934630
3502 54381
5122 804685
7638 359722
9086 32931
6005 986535
5247 191510
4501 437226
6937 540518
8961 586028
9195 538979
690 119379
7364 752602
2762 635161
6557 780220
154 118912
9166 514825
1703 459333
607 243958
7819 641693
2346 568868
1829 238210
5296 602411
2946 22980
7547 539627
1958 53881
1033 31194
7668 304598
4142 135451
5372 429914
3935 561012
2399 325420
1528 950328
7143 116778
634 304396
1602 747440
7137 375667
3243 754013
3765 288047
7770 552911
9553 69690
5173 354784
1926 462321
8639 114403
2121 853187
2400 268733
7087 323134
8415 672060
8036 958567
179 354422
294 215102
7865 146783
2286 799794
625 975224
9107 140904
8102 676749
1220 636420
4626 512356
1033 160295
1721 682948
8226 775760
8237 863099
1470 546359
6667 438260
7095 777942
744 627537
7260 424760
855 311745
9669 834787
2290 973203
8505 364462
4583 819748
3863 262232
3503 671290
6961 103575
161 405046
6432 60594
3798 891255
5621 152148
8245 765817
6401 408484
5117 779562
3395 239364
9220 676044
217 697602
8899 51049
5831 13170
9474 650854
8177 472647
2607 585447
6226 445024
7679 27998
5943 855274
1271 776545
217 238983
8595 460757
7322 133071
2708 124529
1153 855457
3993 857661
7206 890786
7396 811216
4857 163907
7133 468816
850 317383
432 938782
2615 353617
3161 519569
8825 512703
5024 265634
2246 959796
2925 210011
1685 823796
3868 837846
2688 484800
2589 566810
7089 574846
2164 60315
2584 124188
9936 130256
1072 25367
6466 583577
4298 660787
5254 346621
2825 328083
2047 563786
8919 605192
1561 194572
1030 168134
660 613568
8763 528254
6520 174865
3676 18688
930 459187
2160 338279
4176 691271
6653 859347
6020 217075
584 297912
2733 183068
8123 801758
7860 952109
6117 747335
320 640439
591 702079
1691 688763
2109 897714
1761 455041
2123 676519
2365 408781
6236 719265
5974 658120
2475 226639
9972 886024
1433 755635
8709 48494
5154 292849
2413 623759
7294 582782
9175 493957
4355 421197
784 183900
8641 255558
190 330368
1215 224738
292 453608
2023 136964
2713 994214
5550 5871
9603 224060
827 934273
8229 903551
8593 265003
8761 707836
3610 914928
8166 227199
1814 451740
5651 852211
4211 898193
9958 397755
7356 426308
2358 200096
6972 323746
7870 409911
7305 905758
5261 585308
7975 885776
6947 27573
7946 26642
6200 819787
5607 879383
3300 342695
3018 6625
1026 145478
3500 638274
4161 144647
5157 518892
2097 179185
4902 414527
766 663626
8639 68058
580 794804
4073 471938
8104 615107
6000 891564
8936 48715
1645 909293
5223 735404
867 782898
5643 880343
2937 380233
9510 401274
9726 908522
4214 597812
2752 790758
1391 270688
8371 500381
7301 116000
1196 398503
6282 544702
2183 477770
6456 990013
2969 956034
9592 144635
626 299429
5999 396371
1284 836469
2235 69000
5112 568335
6642 44129
4565 682951
7384 978125
2135 955778
6719 196397
9674 674491
992 112406
2082 768144
504 230810
5990 429398
8508 42021
9452 697906
7164 539380
1929 866844
8455 123416
3208 704051
1989 896819
7616 149738
1633 701309
8064 322304
1122 945316
2527 3122
7665 316513
5891 648044
2678 137686
6270 88460
9194 218682
8676 260423
2082 691065
1329 108860
8386 149152
9424 781174
3438 639041
5324 900
8176 725676
143 719017
5853 593547
3910 549681
164 504442
78 369863
3106 199388
4652 540808
8827 438325
3323 155021
1310 551185
3449 461151
3939 708220
514 283432
6188 928692
6148 316831
6412 803225
9432 499269
7359 24247
8634 273622
6688 465856
293 670137
6346 670663
2940 865611
7044 234169
5478 26192
9552 593116
9899 495970
8464 790562
2403 490728
6750 939822
2034 817907
1468 367082
1886 334019
1414 323303
2757 552829
9068 275203
4732 935062
7294 580325
4488 80272
8013 660790
1656 763114
6472 43638
530 466785
3281 832600
5861 913827
3763 367612
9011 862163
104 166638
7875 989185
9474 861474
4803 239998
3583 469811
886 909552
9851 382292
3724 960452
4637 41729
2 284238
3220 590958
186 587350
2956 123999
2635 615434
1753 102920
5633 351265
9382 25142
8940 181872
9665 902023
9118 887288
256 783043
2293 629243
2835 327517
5666 149955
8923 702918
441 748666
9411 714659
2060 641250
2905 184640
9432 137868
3649 479736
9110 200318
5341 625233
8378 26968
9299 412538
1555 854881
1526 568623
9133 876236
338 750219
5446 864358
3421 280260
3568 253112
6260 891859
7845 223752
5294 376698
7439 152252
8376 714564
2063 891728
7828 462964
8001 155906
9703 291291
2827 901663
6456 211792
2208 597690
1481 348200
3362 764465
9900 842441
9096 932550
9718 875513
9391 412798
2179 859647
2916 466267
3999 120443
3733 627711
5779 322928
2116 137032
428 946296
8033 512894
5565 240126
5234 95031
6935 929817
9938 98108
4172 973963
5382 928077
1912 709137
7157 303027
5246 404316
2872 355917
4691 941477
6117 696900
976 688080
8118 675718
688 215418
642 129810
5037 264394
5429 685958
1433 421082
4368 558259
8615 342311
1085 557873
9818 135048
803 850467
5111 651458
6735 566677
3876 942763
5176 785619
6098 216768
1545 282600
5890 109913
5847 224623
2621 834210
6429 656476
4145 338735
647 920424
8691 100546
7006 151399
4553 161096
7634 892093
8292 196764
6493 843880
1825 173646
3131 914138
4016 144429
1762 919785
147 692734
9020 381896
8005 494346
7181 911937
107 536948
483 774982
5462 1241
526 313695
2198 118452
8735 422572
349 318853
2819 592690
9865 935534
6279 400993
4770 604997
2546 782524
4944 656341
6299 274068
9788 183167
3159 54768
9528 425145
495 328624
1496 571337
9584 595713
3087 422092
180 657867
9016 706058
1830 43866
6283 770999
1752 709901
3166 279782
2685 168789
1208 883333
8576 631948
7545 340901
1423 2066
1367 942614
9589 141413
160 246549
9429 125441
483 237016
860 625247
1181 629178
1831 720446
2229 263129
1497 780850
5755 24074
6118 979958
6283 77827
9318 276463
8803 400908
7367 335999
1557 803568
9552 900845
6436 124654
450 181420
2017 757095
931 148080
2178 209437
3915 360231
2088 441105
5638 463366
5665 183675
832 662459
4296 67807
4088 541095
4946 158286
2547 554745
8291 546208
108 805026
684 67558
9386 510444
2825 411980
706 481000
5535 21082
3172 495896
7681 555901
4760 497151
9574 670891
2846 545475
7598 943520
64 754302
1579 957075
6966 233861
2384 570278
131 847166
5616 46190
8222 427084
4216 882636
9110 295930
1642 212951
9285 221037
4177 740723
2827 173258
2545 982755
8498 7116
2667 134669
5562 624135
7206 885186
290 843740
5946 378297
8241 974314
7732 265684
9875 940038
1279 809426
4265 696578
7051 318422
513 36367
7685 14648
1610 688433
2233 686283
1200 416579
3247 839722
7857 754385
1898 490049
9675 416371
7216 167700
5088 700058
2162 335974
475 482674
9851 354053
7478 779033
4216 296518
3211 360178
2237 442825
3600 741922
326 666405
7563 404837
712 163310
4400 850802
7662 838706
9283 274630
306 284495
1803 211479
4095 357433
9962 239301
6893 529203
9993 730070
169 937965
7958 615355
7384 884364
5368 572430
9070 54058
4774 415011
9350 189135
6177 334672
5418 853130
878 891674
3870 544439
8894 406559
7459 294524
6066 785469
4691 780937
1883 91136
4117 577622
9702 960216
2405 495302
4317 738699
9320 90148
7796 91744
120 305294
1696 871191
9827 717979
3966 261123
7635 858501
6388 350088
8053 991181
6598 211010
156 184730
4969 71194
578 287633
6652 499560
1139 937662
5434 184998
2603 752158
9511 729615
5932 68855
3735 558125
3505 109315
231 500950
7681 683042
8263 323809
9452 651896
7274 206996
104 444163
6173 703104
1895 405082
1500 431853
4496 27237
1881 694342
863 719973
4084 737524
8178 464988
2706 36389
4620 30138
1980 194929
6806 696434
5362 499202
1678 885262
7392 497854
3316 260606
8738 402547
300 793804
6474 73864
2525 508990
1751 808404
2986 70652
3708 937489
7545 810390
7868 939700
3865 472980
4431 244724
434 953013
8753 947580
1572 70079
5963 171985
7521 415429
5588 940316
3815 903266
5623 87929
8616 27015
9278 951441
7315 218531
6435 558490
5007 886285
5152 302505
4832 605425
8003 991956
9747 820574
942 81003
2531 548286
1231 167020
6988 48881
5004 568117
6000 119392
8808 264611
4335 547005
9272 533224
7553 724773
1852 637716
7108 513947
8376 347863
9913 477843
7837 541627
3129 785137
6469 709435
3810 900434
4653 840522
3974 620660
2295 560289
8014 645274
2287 593704
7474 132154
7266 375232
4828 69231
7210 532564
791 944806
8144 386382
3433 545939
4382 421815
9297 749131
5888 256845
4730 420107
5963 666972
1853 952014
7167 294343
7287 888347
5470 805431
5808 800553
7334 690130
202 155843
6943 742998
374 230737
1987 853898
1400 457632
1849 550847
3213 476322
827 984000
8880 118574
5449 748633
9328 711266
8160 971740
4499 440784
5978 721577
6840 57497
8402 637558
2109 631197
1169 121786
842 191974
1939 270957
2860 185575
4156 980776
6780 9830
7716 782806
1115 669128
5229 221000
96 119182
4792 341494
942 187337
6949 686840
2089 931457
5414 781760
201 100896
3964 422851
6837 808107
8917 628852
2191 105508
2246 328710
2211 830418
3835 618544
5504 685815
1940 41284
4422 171009
551 23398
2061 754229
4958 246108
762 27199
7852 18095
2398 635308
9775 782346
2086 273712
16 518414
1543 304681
6896 757165
7652 489321
2246 791794
8390 957897
7449 946177
5725 30711
6792 374103
8720 833308
3716 516715
9369 376428
5096 602867
5645 996437
2116 413204
9382 678936
152 539865
5042 132655
5110 360246
5686 812871
4424 198728
9757 840315
229 321879
2526 466
735 548722
8902 114083
2259 346243
285 617940
397 305886
6629 344484
150 273819
7594 446956
3839 221171
7342 954876
1761 292942
5649 487555
163 716956
3893 766079
8628 190724
3759 49198
879 55013
1214 42296
646 972705
9740 551178
4861 852444
7059 128039
2673 781923
970 916432
4713 476134
8908 981182
814 74461
6764 614314
3260 501069
9755 232288
5922 315990
3608 643683
987 660279
4182 977574
8856 452772
2655 625811
8043 347825
200 62472
5935 351984
4412 242436
1655 280014
8074 402416
375 784062
2349 505732
2101 401347
1343 963111
9832 21007
174 419167
677 476698
7694 331141
771 571312
7916 79397
7467 35873
1683 380935
5932 178599
8313 163274
6174 617619
8024 477744
4983 596737
5723 609132
882 336755
4671 597826
354 375146
6922 737301
6642 276886
1668 68781
931 780691
2138 16053
2608 717278
498 211975
2386 646027
8918 154640
6833 872247
4387 70466
6825 9213
5038 736325
7428 672339
5372 707527
971 659942
4739 275171
467 601517
1960 259525
5122 363799
7712 71960
9949 147710
1508 851531
3805 179499
3611 407467
4930 444869
9452 753230
1865 357337
5789 730584
5487 138065
3494 547389
2826 665715
6129 436929
628 801018
329 261924
1067 806137
3645 483454
2454 275507
2776 417155
3645 212592
3358 55441
3125 520780
9603 375790
819 864888
23 238095
3198 690193
3365 336239
9850 372722
7451 815310
5026 846809
7649 563752
3274 870329
1965 88946
7810 160266
593 259536
1422 399729
5833 26100
7978 256949
3867 539284
3798 290346
2547 822749
5243 997074
7364 659008
6377 210460
2175 873003
6973 213855
3066 368954
3472 556994
8834 676047
932 429835
7244 729278
9328 642715
3863 175430
2705 653899
1902 863518
9367 820610
2468 346807
8939 254824
394 90401
7307 876304
2942 667885
7343 171499
2793 520034
831 130207
6059 51066
2261 306504
5923 703451
3750 558833
9015 899709
613 151507
4083 119500
92 94927
3033 392421
393 76191
2175 987755
818 785080
71 894907
4835 568036
2150 426640
1834 520992
8375 977690
2290 712133
4507 558680
6035 594889
184 387355
5360 432667
6993 452221
7527 799847
3904 88921
9360 533557
2072 448625
7266 715770
9160 553213
9333 349389
9767 295796
7029 347901
6581 610800
3845 236590
9323 23952
4559 48113
457 561549
6303 424159
3157 143514
587 870722
1356 608617
2903 187235
8422 8187
4191 116321
6513 7010
9891 203116
9674 477502
4456 598819
3995 375727
70 55532
637 181006
4875 580056
8231 340812
425 125756
3280 868202
7376 482930
5372 574515
8087 883662
2047 686684
2078 223060
9862 370603
6311 115101
5169 918086
4152 582971
352 381431
6825 717425
9365 180521
455 588777
545 256773
7716 518014
8043 159978
2586 831512
9881 869950
6590 536164
7457 834191
9467 72097
4108 150573
5421 563921
3696 144094
8259 880324
9854 864080
8509 159540
5127 582817
6256 952512
6368 472632
9970 807309
5766 133388
2564 433021
58 54286
8160 30787
5453 584689
3297 400020
3130 301135
2552 524025
9974 981279
2915 582802
8460 161868
5845 64073
1473 898615
7774 266274
5050 944708
4663 368602
8463 983150
42 258486
6198 404634
6719 723518
241 542543
6347 45848
8293 386568
2092 814159
2066 240423
4245 681238
511 229891
8180 680569
7778 119483
2719 657192
5446 630260
1702 119527
8373 849855
7494 496042
1315 473547
8191 901173
3644 900058
597 868030
967 874824
8074 914988
51 857701
5106 782072
4016 812332
9165 169986
3451 468507
9452 337020
1370 247420
1249 654805
4936 26780
9427 889488
5353 737474
8946 161270
1629 487371
5672 381056
3957 72023
4327 932330
855 359259
1847 98513
1637 309647
115 23997
1064 769433
2049 271539
7951 423178
2172 620610
3462 41283
830 248128
2783 630846
6395 629631
2356 910144
513 705055
5270 235122
6133 521383
9695 329028
4893 459600
5974 271382
1224 585056
7803 658452
5353 375973
7083 804508
6473 231884
2735 803448
6063 382954
2348 515337
1277 731303
5470 659313
7978 630638
8930 910608
6982 725633
4280 947537
8273 175293
7160 155415
4928 977595
5825 981688
8958 542766
1013 668770
3900 446435
913 619297
4547 200370
9126 620166
6108 119143
7388 484932
9279 471128
4271 971796
7023 5259
9650 733254
828 357218
8772 994067
7118 626598
8170 408021
5036 588600
1635 567925
9144 158915
5275 686388
8581 49815
8741 305675
6842 623102
2284 715495
2425 192907
5685 442084
9186 711265
9613 980672
9578 879225
2032 288909
9429 704965
2965 952412
7854 704699
9166 548642
6447 584653
1517 385020
8398 26692
3264 495110
5786 348323
141 507341
53 651468
1915 667839
8706 660573
7110 737735
934 643604
7876 772317
1528 444636
8256 961292
7758 993229
9116 911412
1268 486443
725 961771
3388 23433
4350 697027
9424 524355
4350 522479
3405 732176
8567 982756
4338 80271
6733 632553
6828 174682
2229 93097
1705 389996
6219 18976
4537 606185
4356 180529
9803 708419
2515 11954
5448 830929
1909 709003
3470 653683
7614 354369
156 431110
8480 869723
8949 174768
1248 463192
7621 513016
2540 667486
7021 592227
1828 713205
1399 93779
9325 527817
4663 69205
932 513097
2973 55346
13 914963
2392 103995
7852 624673
9470 572648
4862 682893
6270 699263
5808 36730
2701 824358
288 833053
501 361325
4923 326278
7270 111466
398 296966
1003 412704
5898 225773
7607 424473
2797 413026
623 518460
6872 159529
2140 88697
9960 709400
8721 233074
2155 585595
5535 435451
3046 1092
1285 787088
8255 280146
9071 966506
5630 391201
6041 746043
5265 655486
7600 868577
364 459006
8696 205645
6271 874217
3331 690577
964 666401
5855 332054
687 820257
4886 834855
1463 378894
2448 639998
4014 71980
1246 861072
1283 104511
5812 224245
107 483786
9027 9083
1921 870837
2758 288644
578 990017
9949 237989
1449 437179
492 386405
7437 945406
5405 128063
5161 434552
1593 354354
5272 90345
8046 350308
4342 357283
4688 658182
4004 127993
3612 326402
5522 278096
7483 694158
5919 923167
2933 77616
3439 357735
9932 920775
1666 666548
1615 287323
7571 50572
6530 867881
2956 755892
5817 104583
2877 506359
5968 487486
29 51587
2710 470623
1831 451315
6042 734696
1461 644935
8918 912869
2685 686512
1009 609349
5614 687463
1271 386687
1213 484598
5871 457157
680 339319
2523 597309
9183 336179
3094 919638
3876 381517
7899 299580
2167 307714
4710 879135
1475 188395
7612 482503
3497 561489
6845 996513
3792 329572
2736 687108
1452 971294
1316 836500
7884 325197
31 503375
8451 47806
7478 207817
9769 627107
2198 901261
568 690056
4531 62473
7849 731744
5153 448049
9115 450199
213 886791
2727 69699
4948 960712
1786 133926
4402 605284
9574 576211
6400 544505
2976 117248
5250 515259
6362 353075
659 878587
8003 857481
4227 543412
7684 709020
864 62059
6985 435925
3675 532168
5794 395762
336 905658
8667 190058
8796 234171
3927 175140
9864 253865
1453 477672
2318 234659
5414 477249
4349 721368
9965 208429
9097 151888
3669 417807
612 760079
2522 977534
9554 780981
2960 570494
9870 430636
8487 16616
2583 445541
955 887731
4963 755059
1489 650210
3885 571723
9389 289571
2637 757145
6222 788575
2233 796614
9354 771049
1416 559391
7159 26306
9005 987758
2848 988359
5352 974916
9638 387630
548 580649
116 352402
8219 935600
4435 797067
6737 138011
3965 651205
1025 346516
108 486004
4037 165379
5682 554361
6952 683590
4868 897851
1983 279849
5248 430534
1707 36657
6719 119658
8168 344636
8351 754571
8733 735561
9594 220311
3230 717297
7334 754623
7889 130829
3808 142693
48 900252
2428 125258
2157 219715
1915 951030
7387 652064
4881 531602
3729 831330
1975 43085
500 397474
8316 916997
2162 698323
125 895108
7414 363386
9942 219485
8474 362497
4879 955910
462 823684
7943 981999
1060 608423
9984 912745
6420 8475
4976 639006
9444 672627
135 63318
6796 325460
6425 267630
6853 889709
7876 917685
3485 569669
6556 648817
1015 41324
8769 753211
4113 669227
2914 491278
4600 10607
9324 614025
4877 347559
5501 295920
3025 640468
2613 186537
467 802941
7686 790809
3987 749498
3124 921030
3605 830783
6008 596721
5186 118842
6413 698595
7372 196440
5645 709307
2914 710630
4646 423289
8826 161533
6743 926407
913 248665
3416 628864
9227 145394
7138 926802
3701 39616
485 563441
1891 493364
4328 200989
2695 826560
2905 637902
8755 797921
6885 699292
3791 145427
6564 532008
9036 909453
301 708794
8576 246765
9511 641212
153 493247
2987 386707
1847 876389
3742 709130
2231 2640
5116 834651
8496 419276
637 642647
8888 646008
4043 265290
3256 909137
4734 380514
8360 707282
1598 394357
1722 823998
2266 861467
3038 759123
8049 353395
5043 295415
54 322245
3350 243307
8210 957563
1384 150050
3504 65991
7886 737410
8781 648594
7866 340971
3754 408938
3391 717163
5785 651571
728 185975
3351 381171
8846 938859
7347 164828
1893 807790
5860 378582
19 418220
8361 31174
747 770638
4505 55826
4249 52074
1226 876219
1456 17998
9072 732833
2918 784
2573 269914
790 224613
3413 600695
4764 987138
2319 486001
6344 563618
2783 826632
5344 378213
3905 732507
8851 524600
4415 729024
3307 32501
3105 18598
7427 501853
119 863173
5743 760213
5976 656031
6975 931089
9676 117133
3723 584168
1189 315804
8903 699019
6303 863687
4129 984330
1592 819223
364 469396
456 408973
7815 59849
3650 411874
3808 695670
2820 568543
7437 675438
1915 502070
4814 66048
7378 533504
2221 822705
3171 964350
9996 431833
585 833950
8553 803383
9102 781253
176 262491
4972 707383
9169 867553
2730 212271
2768 486898
7825 226646
2627 815739
1347 809085
4287 107636
8446 314217
1543 551465
3305 795457
2883 91087
6533 538130
8762 280703
7105 394511
1851 268798
258 817411
3530 360245
2298 595514
1840 539906
4083 497143
7284 854113
16 830850
9339 964323
167 261960
1114 428659
9430 197865
2551 281317
10 806992
2392 150690
704 594905
3751 845126
8304 910731
7512 332705
2287 54496
5579 623488
913 966598
3779 584370
6049 164637
5710 374381
4485 125529
2490 636011
9785 946688
2467 358840
2656 100565
1317 794063
875 711260
7488 436332
1167 112847
8763 478808
9290 417934
8474 519424
8371 438725
4867 922342
325 20787
7683 771591
1581 486618
570 42353
9984 957413
5793 73925
6716 982252
7781 470105
4832 993376
5744 340140
1332 644938
2728 757923
5849 355526
2778 691772
5295 289172
8743 212202
6219 914149
372 501201
8105 479829
797 555199
7850 569865
1517 103940
950 202763
9002 784245
9166 672858
98 532736
8695 639318
4930 713701
4043 723767
789 60148
3069 298331
1330 950517
4434 793887
6478 719698
2445 483224
3765 324557
4856 818096
129 367589
9301 165349
4376 456358
4053 274097
1170 307193
3694 987350
1562 52217
2016 320637
9910 610710
2596 503611
264 597597
4441 834917
2411 624189
7874 37792
4119 472047
2023 838440
5289 912866
6801 164590
6690 889546
3619 333797
5818 996482
7682 827063
9637 823418
9877 543808
1096 449912
202 14398
1018 491664
5918 703936
8438 218578
7374 382756
1764 185561
8598 659539
8432 899584
8239 218694
6106 750283
7384 530748
54 762938
4360 954908
1413 221943
9451 837932
2214 53014
774 157758
9821 682225
8050 416861
4810 606421
6152 409569
2464 586955
2422 295188
8737 950253
8535 934139
6292 264117
3394 260270
9633 885921
5688 372218
7310 353279
9103 971233
332 390261
1968 6375
2546 313066
4802 468200
8513 106367
6471 137580
3518 174306
1364 441398
7734 187416
4177 874591
98 660596
8592 379479
1268 254229
7785 868565
9266 262481
5186 711034
7396 936486
3503 363955
3166 197930
2526 718464
8328 953479
9091 89968
8192 461518
1999 715401
971 798630
6354 826504
8456 210599
1330 217613
8765 72220
6833 228750
7492 32449
7938 36331
1897 430646
2441 615372
1571 496889
5861 928659
6040 507810
3634 589363
331 285189
4439 736091
1995 796382
9635 733297
7752 541181
5126 733160
1460 329907
4984 531515
2760 626712
4622 789898
4550 939104
789 84383
4788 523360
871 595884
9806 418917
8331 286551
8784 73935
9307 964116
6337 940882
5097 680072
9798 873683
9484 475748
9286 533354
6261 908727
383 735752
5430 49446
6118 316803
8635 293223
8644 237199
4784 496247
2595 468446
3782 415941
5859 542399
874 277562
4871 978364
4540 639526
6437 513662
3650 759336
7822 67277
2463 995820
3583 412037
4919 758881
9701 842683
5586 531000
5142 997486
2530 945328
1092 354759
6536 687229
9607 662541
5730 753836
7801 502709
2548 371019
1207 333107
9127 767414
5046 114452
1837 75530
232 935482
7922 527174
253 444096
3904 259183
4125 925843
6475 360026
1370 716529
2859 853518
1647 547540
7619 590288
6945 44898
3462 539860
7792 663469
7275 297849
3625 608709
7749 272541
9615 272138
7140 853132
1337 430769
9948 135962
8956 980255
7866 420885
8417 350939
5699 372537
8382 962685
2715 850328
796 429093
59 721770
2306 396684
748 229288
5971 245152
6287 277198
7478 611931
126 25633
5716 728735
4543 762376
4342 378420
589 730911
5029 288203
5064 90629
1590 664568
6154 301902
5731 4453
1144 352594
6657 809014
3866 614063
5455 842454
4930 147751
8321 474777
6878 634640
2106 262459
1645 984672
4159 361209
4756 35642
7487 71336
7762 628211
5180 848126
7311 210517
2145 460250
230 268426
1455 988209
4051 899714
2535 741358
2345 420398
7139 13251
1683 136783
722 843081
4180 831328
6644 922614
467 961663
9804 764483
6482 562462
9230 95426
3544 738968
6173 326013
1525 488182
6633 841824
1044 905468
4199 523243
680 53440
2747 881189
2458 966059
1489 597898
4742 413696
9681 659949
8874 89642
3231 906
2668 347464
4058 155928
2894 813472
571 194675
7478 884407
8179 846671
2549 251313
9371 716397
9678 366337
8058 259
8658 782570
6373 318239
5 629875
705 308016
6581 156923
4751 877421
2803 759757
1671 877430
2137 899411
6218 855413
5821 376631
1811 645463
7102 707222
5041 325648
3285 601419
6626 107782
2360 464658
3454 165171
4822 476840
2034 339508
3048 34685
3038 555966
9664 855234
559 746290
1001 760118
1269 163814
593 832512
2719 342628
4809 377209
1136 760472
9079 95261
9679 587768
5703 135650
6484 767762
5841 206965
4667 432374
1033 930633
8720 577711
680 413406
4783 663504
1647 839566
1419 865378
1879 330174
5562 97140
1491 928335
8078 146994
7095 645158
5769 708001
4356 804882
4224 603296
7514 874778
8934 737245
1519 544015
4449 406431
9097 145988
8307 571317
6495 160064
150 150640
5040 425490
8307 593209
2871 808162
8340 280611
3894 343534
1930 55329
6350 195241
2399 937220
6865 834162
9941 691569
3147 454305
7716 549159
5946 453635
5788 298782
3537 746994
7109 963235
9628 545529
982 289318
556 120796
3445 150678
1427 821987
2573 527445
1581 366740
6484 217223
6691 341153
7011 52161
7699 725679
1372 203038
631 831172
9700 652941
6906 903156
6428 129800
7676 861206
702 959861
4521 718243
8724 636205
7230 240270
349 810620
8983 72750
5106 979968
849 658781
5243 196090
8590 155434
9916 273076
6098 274592
4983 667958
3043 232077
1534 766709
4687 705402
117 712706
7940 430592
69 432686
6932 836660
5670 170254
740 205636
2332 173120
4616 798096
6104 681271
6771 715417
1782 117417
8568 644819
9632 708818
434 884316
205 186900
3843 894530
6934 583296
326 551697
7914 130425
3558 224829
8993 573104
8810 15220
1653 682325
4440 686383
5876 66113
4938 441028
7167 728021
2377 314509
1449 870984
2749 898351
3021 88554
9143 624058
2813 468890
2804 728822
599 301690
4497 199047
4811 739368
209 84483
7649 129818
1696 410267
1788 381787
2361 105226
6472 329095
9715 740705
8082 724696
7256 976305
140 609066
3667 179811
6590 554115
5604 463502
4136 502313
2332 137893
5141 991709
8886 626761
143 805122
1611 551148
5529 551227
5301 330869
4287 482697
8994 845110
3178 87247
3792 408612
6211 40721
6626 332184
783 485982
688 615653
6982 104171
5672 584360
4662 751892
52 669404
5570 184674
95 773460
2428 114284
6756 644388
292 508813
7293 546435
6169 471793
8378 796008
1316 149102
7005 234203
5086 663135
1803 364165
4797 579001
671 238083
9341 272977
8934 283528
316 675887
9246 793881
5032 28838
1547 128909
1756 789264
7281 198702
1214 133088
2990 687302
2081 179962
5556 210639
2258 381183
7197 846891
3682 786421
6856 848352
5870 88584
3342 446354
3867 45162
4408 820641
4056 679766
4924 111968
979 160833
2942 53336
2722 468234
8820 834680
6715 514879
1606 271066
1847 117435
5419 711348
6920 823026
8528 865609
2964 847915
131 973158
5345 795447
5197 674980
1269 134077
1550 781199
6940 204003
4258 610666
514 466544
3633 961168
7478 690755
1265 831599
7192 261767
8878 172425
1185 699556
6713 269971
43 336358
7067 817760
5762 575922
3194 193539
1996 572640
5975 90516
2618 849288
3118 133845
1031 607257
8750 492380
3589 714580
7796 648061
6016 495229
1435 480014
3297 154635
5056 758480
2910 780021
7038 473806
3072 103079
6160 161503
1239 417982
4079 328476
4512 816206
288 702119
9005 434881
9410 494147
2890 28195
2432 810568
2713 187014
2619 787020
3578 662054
5732 552104
9879 169984
5652 483088
8926 772401
1165 733872
7665 64868
3436 326702
8770 649173
4710 687556
2064 337343
7906 614706
298 521250
9826 310066
5103 609051
6291 630250
4304 291357
5348 498457
2993 15295
8209 87866
3728 411936
496 521610
3126 82312
5829 488972
2401 691105
3248 233536
5161 600298
5031 384098
1158 779905
6106 630870
3949 872677
5484 636045
4757 56457
848 890674
5848 359812
4543 279569
3383 454121
3096 610042
4944 473412
8242 379957
33 242198
1054 117200
4564 792253
1511 759408
4162 307785
2006 945779
781 534545
2139 389265
6286 720527
951 656820
7574 920931
5987 862611
9897 736943
2164 783820
969 308740
6442 710508
38 527476
7469 785289
9068 129725
4538 656674
241 868506
7702 625379
4651 407652
9177 826460
9051 208118
982 454973
6199 368368
2981 968197
4278 241945
2131 179160
9103 643609
5971 957581
2978 220532
4701 516313
3356 629366
5813 214597
3782 713419
2553 634762
7186 967698
235 734598
7089 155431
2622 648294
7093 877486
3740 852024
3747 749420
725 708321
4042 372146
197 854764
6663 311812
957 817731
287 155463
1921 915513
452 523861
9933 597791
3805 375741
7274 284932
5059 742214
1502 198897
796 449756
5695 30909
1874 279134
8712 186395
5110 174724
6838 880575
5674 872899
4652 642540
6576 73732
6388 847592
1181 464504
4210 527780
9846 932445
2011 533005
6068 855389
340 531424
2534 558423
5860 329819
3639 493826
3035 588757
5775 571987
6014 916011
9181 674877
6472 888281
7226 878505
4966 188228
7221 372777
8342 642760
9017 574028
3527 352486
2886 97846
1455 267372
4511 953026
3972 530930
6019 518116
4413 769508
7631 530884
1235 719428
2163 497039
1890 443723
2904 96059
5997 430212
7967 393641
5321 335029
3984 114694
772 251806
1308 565456
527 291691
5425 970107
2228 887317
1980 385402
4317 3692
1647 10597
8765 954672
9495 47122
6189 971251
9529 776793
4386 525664
5960 140779
5139 403313
4856 328632
7349 797499
630 308796
8432 497224
9643 9466
4179 814697
3571 264507
761 996619
2744 426055
1578 170748
5416 194380
898 699860
3630 550946
4416 202415
8465 977017
8214 773933
6602 412319
9540 895946
3112 376629
18 783111
9271 9504
2435 632392
2229 454580
1863 671149
9147 408424
2126 691634
182 366387
9328 424275
1247 616876
266 914271
6618 341159
8001 70947
8895 3954
4104 406603
3140 442934
7137 542389
2130 820379
3910 159088
6638 34946
9242 827004
5003 933377
2679 440998
8043 670341
9806 364487
464 620570
559 966940
1969 962483
6860 123085
1978 978935
594 329382
1525 30618
2068 489126
7182 522477
7133 309610
1017 58259
6151 903048
8875 60201
1813 950714
5715 363092
8499 129860
9732 644798
4623 198831
1599 312973
8654 48379
9423 214707
8352 68625
5767 423793
4801 947220
1598 975497
7590 696979
4880 840329
2311 515851
493 315500
1382 10624
200 949623
6390 65855
781 116652
6696 163909
1487 499319
814 526775
2112 698674
7953 639255
7251 269018
6176 165311
277 362597
3631 1576
864 294730
9184 789123
1350 792090
4122 669737
8311 837670
1343 528033
1983 831082
1834 595612
2188 73589
6850 288070
3296 465945
6036 646362
8630 591468
9319 512680
2598 335252
9609 394057
3458 83741
3207 902520
2901 343091
5507 440703
2561 658026
3453 426057
2458 1553
5714 675233
101 638109
5019 689585
4446 933882
993 243741
9825 715422
8493 71342
1268 514818
7888 446751
1470 525507
7123 138632
7653 645553
1718 400778
4327 602688
1642 954169
1225 910312
3294 734056
9747 804201
8331 790229
4193 773899
7570 813860
7074 425757
4929 10169
1432 908129
6330 941538
827 694219
2207 334771
8363 120194
2230 435192
3604 852605
9634 576251
8821 237752
8266 696738
4691 197591
9122 639817
800 865470
346 141469
1604 262238
2528 951859
8712 275564
8375 156625
4107 892814
9002 496353
4817 764502
2634 42095
76 870671
1298 101966
2011 638671
1934 341861
6584 372324
1569 297646
9380 740347
2930 870430
4074 858185
2374 367687
9503 404465
8480 530298
6802 89236
3444 783456
4258 900952
2568 393394
7601 886405
1147 111913
1701 832284
5233 546621
7829 354178
422 749806
2265 681427
7313 754668
8230 488028
9685 968420
421 905282
5345 993972
5994 798061
9062 336278
4796 396891
13 510120
3090 414294
1732 747866
2798 838137
5552 892720
3500 624833
7925 795554
2679 157501
7459 723552
2452 831786
8570 917893
5153 234853
8478 378681
4194 93461
328 5721
744 504818
9698 346472
9114 555207
4435 493958
4669 685574
4711 119364
9225 127971
2287 556880
1400 65863
4439 485562
8925 957551
2036 763915
1219 322018
7435 555679
4518 798899
5824 53091
8116 445731
444 842090
7978 164492
3757 315623
7238 550158
7817 55252
5699 891970
1633 110863
8851 493630
1611 979598
8370 834372
8088 718211
9929 960497
7911 446155
9526 800103
705 46611
1174 408056
7244 816367
7119 353956
1069 549135
4764 92802
4323 916423
2532 830320
2283 582520
6893 405926
1258 141649
2021 789900
4740 49830
8773 959975
8077 380313
4029 394233
4505 698414
4136 605095
615 1557
3836 348429
5131 278229
3885 738900
1560 325549
1459 979220
4956 172539
395 695338
6599 286952
5808 102506
5781 751376
9170 85565
5915 319534
2076 670955
5608 807228
6700 916212
7252 3544
3218 227541
3479 508945
1413 115205
5919 922181
818 24239
5701 428941
8440 361889
2378 293607
8950 564395
8283 901014
2779 791139
37 588775
804 522772
5950 579561
8797 171152
8186 504651
613 957437
8080 106514
7886 166769
6255 88579
468 8040
8547 612754
4991 897324
6474 327774
1530 4888
8934 203751
5819 443114
4787 291271
3945 378735
5097 895942
1605 870650
3617 424252
3911 270546
1235 472480
8164 67547
414 483147
237 747123
3111 646946
7788 407498
6876 867917
1247 356427
1011 665229
7517 692850
3373 74926
7950 382316
5529 820712
8769 621523
9886 942988
4764 929162
1816 99921
1974 587715
7763 828772
3595 548051
1711 954171
8235 676062
9985 205480
5393 6521
8087 993907
8659 175040
3738 942257
2215 219147
4955 443805
8218 823999
2012 523174
6404 28034
4159 349214
8806 120489
2770 979406
650 394738
9463 784791
572 323705
3789 637523
8537 488521
321 657092
9988 567421
4482 801399
1839 133595
1785 220351
2319 260342
3528 799476
2117 379617
6751 458637
8774 932141
8690 942420
2566 856303
4167 661700
3364 214325
3562 760763
322 442114
4770 109133
181 182994
224 352600
2387 426306
1980 988980
320 905145
4849 945493
7535 732482
8726 396865
6658 304511
3563 529153
8606 18160
9524 76364
813 861253
1121 563475
8622 483948
9386 510723
480 201885
3722 316283
8341 144228
8067 748900
6568 473954
6047 17238
2709 635437
7410 246213
2614 260533
772 432585
5526 962998
5373 576501
370 208677
8343 525193
2352 90786
8774 842672
6528 611509
7847 355997
104 3550
860 327823
113 932305
7127 741643
6572 257905
899 192264
4797 427146
6004 132224
7681 71584
8863 481827
2255 785984
1380 88939
5452 796298
1799 523185
8337 805949
9343 187248
7983 474817
904 515240
4680 522730
98 730608
3062 954117
567 903805
578 669565
9762 133151
2705 87146
988 807331
1118 926812
9950 918792
244 71464
8555 931633
9356 775894
1337 480581
5549 725540
3301 382760
6039 928696
1478 108207
6805 878238
4206 564031
8207 118843
7733 976923
2106 551675
1856 637994
3419 279576
4318 967519
5883 168472
7969 387465
6446 855090
6475 757156
8085 776985
7457 63173
8136 40400
1595 262961
8173 840768
855 838768
9728 814598
1156 570793
3550 588849
2764 270134
9088 644214
3961 797479
6181 904844
6472 72289
17 755200
7293 4296
410 198474
1916 344454
7080 312856
1558 344059
1105 20431
544 955880
1568 656019
1030 58054
4849 99712
7631 585697
4441 162484
7943 242041
6356 312637
3904 405133
4624 957202
421 272961
1935 888531
1334 847360
8960 219161
1936 369754
4324 359254
7433 445207
6825 121448
6786 746342
1782 894826
6135 28150
5536 649847
814 32317
859 164017
4950 590934
4023 670110
9723 405968
7880 778937
4076 249989
1069 702561
7584 448873
4696 615000
7409 745116
6487 563260
1120 898103
383 121321
691 401155
7696 852337
1287 407616
2894 216138
1211 968397
2383 480853
6661 42871
9862 953293
894 234370
2488 828936
9083 811271
1218 69241
5062 687936
5557 917121
4197 69446
2623 948283
1282 39952
5029 538328
903 879601
3935 359086
6476 420164
9349 140370
4507 51055
9886 517410
826 268764
845 511491
9722 201009
8995 58008
9592 873277
8734 611002
2329 458919
6378 930403
1364 786773
9946 733425
7174 38511
7713 205539
1562 926572
5091 188609
4243 782883
5393 769175
9873 189176
4600 98589
9251 551609
5375 940266
6870 745786
6540 100773
2803 481199
7267 691514
9304 353190
2680 764160
3947 556019
9112 793549
4675 503108
2596 395433
7701 729067
1556 953823
9665 270491
5330 326741
4701 341491
3929 828341
7486 782127
6539 773921
3626 720602
7549 410776
9819 895090
7421 816347
1148 680511
9846 151872
6695 895661
1652 637357
3463 706852
3561 807825
5064 981562
4487 136696
9680 12332
6740 801811
3280 843904
2854 602659
6661 503320
5641 345071
8814 614365
9682 119839
2386 483740
3518 731263
467 299270
1132 645574
1 524096
7827 886914
5607 825445
3986 929866
5809 788176
1154 755700
7083 45911
6759 809041
9692 525056
7341 648444
2048 95200
7970 507792
8082 190811
3444 472377
9479 707757
4057 855495
8186 270692
901 324449
1403 362120
7422 699045
8633 924877
4840 876067
317 112009
6202 907199
7236 933891
9178 194326
6575 23535
5000 656849
2452 232112
3866 945839
7603 38402
2645 348830
9511 46161
9602 627862
4581 34604
2358 890179
9055 239521
839 824017
4438 4582
4250 994816
1541 950846
2404 230927
6650 25568
9985 636132
1102 662927
7779 11081
2853 621841
9531 564958
2450 13760
9917 828425
1346 408927
3685 265780
5400 206872
1555 374938
9604 22286
753 548148
630 680728
8045 927128
6865 785386
917 932630
6936 319708
1986 956452
5436 243526
5591 693266
6208 452236
985 84645
1730 779653
3766 769797
1469 292683
9343 90406
6743 363259
2491 262175
367 82643
6425 573979
5282 816671
9633 229946
1594 63429
11 840544
2583 945138
2226 554192
472 368546
7385 701158
2724 874449
9636 536647
292 457480
2190 964614
62 404242
4835 863273
3125 756295
3914 759698
7644 377342
3024 687895
1352 812106
2065 558291
1685 311754
2585 670416
242 193114
5888 86633
1414 822721
4842 645987
9413 491060
2610 146761
2951 248504
7428 447512
2000 533631
9060 449554
7743 70622
9164 376291
268 498392
2421 313194
7269 254323
4918 887219
5572 645879
6050 247
6425 401865
2179 379323
7413 219585
8864 316779
4514 831885
9240 104167
2872 90741
9962 742229
6090 155744
224 908781
540 524665
1708 514572
8598 261187
4868 646953
6406 444162
4192 776191
2747 171704
5529 865512
9197 73428
4473 2963
3150 542384
6395 516675
6914 843451
8702 335890
5818 468626
1368 951798
5022 242325
1336 784259
8344 210114
1151 332513
1247 401832
2927 53825
1482 752057
1529 347961
3588 265040
8817 277460
313 231127
6152 512654
2662 233699
2564 990091
8592 13890
1966 308962
2058 369383
5341 754509
4025 974934
1680 470322
1365 279924
1744 672616
214 131635
6317 412247
6463 264264
8347 292030
259 500163
1961 234097
2988 395142
782 788094
507 757146
2350 776049
8614 71427
2045 698515
5608 341932
324 454479
5631 498311
8232 89702
8911 956436
3983 395670
4967 13294
7177 964634
411 588468
7450 308685
5465 260669
2368 401690
7992 105985
5474 340382
7259 285999
5275 770991
6948 807971
6421 791855
4725 768012
5897 360368
5826 188030
8236 470835
5106 569679
8304 494879
31 196052
5318 684691
8277 407513
8396 146834
9257 115366
1526 233632
3758 687156
6651 199848
8924 924423
7071 124514
4270 407376
3686 266862
8943 254920
845 417801
3191 448905
1425 654973
3359 654515
4711 628499
8888 802610
8758 186067
9114 465285
9588 4078
1287 832960
3407 74538
879 416860
6651 424004
736 8880
8274 292560
805 509737
1167 845752
7278 278134
8001 373557
8281 320623
121 49033
9943 374560
4449 320943
8732 84112
6088 22421
2493 384206
2378 738396
8221 733369
4646 998142
4579 284986
8048 25062
8259 731868
9499 643666
9228 634380
6929 889450
7773 722857
903 480183
5179 934328
2623 732397
3230 567543
8156 735397
4774 364445
5055 457753
2163 691430
9626 714979
2749 603337
3699 367396
55 390964
2766 475250
1690 480113
8980 282959
1962 693342
9724 482145
5321 681816
7812 521968
7581 553809
2075 206289
2347 321655
4338 864510
4562 806945
1538 410649
6917 346135
510 498968
5522 977127
7873 776832
1231 447845
1407 509550
7870 615639
8690 552551
1226 737844
8050 356359
8059 200363
1105 612095
7681 905178
2357 580957
1048 733345
9529 767335
4291 497661
4036 159042
465 126880
8464 750570
9776 781421
5140 987502
9785 306553
6101 519851
3619 389222
6093 271206
5364 789294
7768 94524
7408 713073
7228 12111
3540 904558
394 547804
7982 187866
1769 112739
3077 306132
7207 273360
2214 443186
7701 69740
698 194290
432 824659
6861 453082
8935 864222
537 540924
6140 387464
2686 952155
5337 657663
2309 167793
4705 813701
1836 870367
1582 890201
2603 854926
5311 268831
5063 595219
8262 583552
7135 662342
3693 340015
4221 401066
8405 98179
6392 365112
3064 727007
1716 984467
6399 364552
1882 576081
792 586023
181 343218
6791 632834
5251 385671
2052 699842
5147 338597
1002 160973
8904 385290
5416 191604
5484 296735
2375 136355
2353 196174
7045 634682
9031 179134
1905 360712
786 709543
8730 991276
5423 866569
5672 849721
1788 17055
5361 870539
1031 897834
2484 546633
3924 55693
9404 530559
1151 711357
2594 334383
1426 45625
8400 962784
4175 289824
6787 581730
6381 221066
6466 881942
2258 398006
3747 241614
2821 83333
7505 650704
2324 902328
1622 933495
2433 493689
4324 506459
1743 167290
4201 520961
571 933675
916 910197
1442 669771
9559 814717
7993 392631
1036 879713
804 558495
1610 990130
9789 106353
3983 494092
7720 942795
9829 885739
5663 891070
3226 71187
305 264506
5247 872360
7674 279602
1995 296820
6409 312201
1217 23963
6661 121870
3617 881404
1437 623398
610 870705
5779 227483
1974 746900
4299 713658
3298 684151
5133 705259
3066 455648
1086 640514
1750 691305
8078 10979
9857 960795
8441 433586
915 552973
7200 559271
6286 164347
67 748692
6205 600042
4821 679966
5393 733649
6534 753093
1350 347353
2462 777116
9156 642461
1783 881475
4545 206495
5672 979534
7570 468395
2481 587059
4756 16905
9060 590287
9855 239548
5379 188724
675 651553
1452 241804
9660 296461
4208 716747
4917 905058
2576 947508
6347 534356
9703 950160
385 946085
3190 182934
2280 644397
1829 899428
599 654205
4406 504652
6125 875949
2473 880001
7297 33385
4738 681849
5766 877901
4278 159929
7915 449488
6227 504351
9537 125720
3615 196950
95 768995
9418 36728
3226 74867
846 990800
2454 182075
6645 705424
901 21329
7781 48690
5515 187325
5744 131211
2749 760843
8057 605527
8050 968731
4271 843837
3947 866470
8812 430460
6728 47573
1690 806481
2234 523637
3867 852836
8171 323537
3193 444504
506 358988
440 533541
7294 342258
1360 717687
9170 147698
8264 874343
4581 548972
1468 712964
300 123644
8943 882055
503 686253
1918 185618
8747 216209
1818 582368
9683 176987
327 739475
6751 568072
350 847149
7059 970698
150 191481
5659 62601
5553 471573
7840 583049
1934 653660
4341 219150
214 287418
3237 398909
8652 948549
416 981986
5980 893578
4216 808287
168 11232
7078 469804
3465 370883
5061 979404
6122 612437
9961 555953
1027 43450
8749 315999
1039 917417
203 342414
1760 393657
191 988712
2364 756202
7084 198168
1567 776618
4884 324427
2738 707597
7923 985191
6614 298522
3056 573364
9539 150600
5392 188849
3837 804569
8344 965816
5316 278212
6081 531152
1548 826492
2798 891150
1972 984651
1378 317251
9793 80239
7444 61992
8477 148488
7002 494332
3413 250055
431 33027
8984 805094
5890 868418
7087 383388
8363 845322
6054 717455
360 41216
6121 403114
511 367578
7355 219448
7157 976174
1010 624576
2577 605292
302 688743
7291 416020
8468 379616
2653 615743
4496 660211
9379 554538
6504 582384
6929 915024
6890 843381
5605 726255
4358 375519
2460 693477
6954 218590
8408 522016
1682 872730
5416 872873
5054 971691
4860 497299
4979 591797
165 582952
4546 140657
678 394686
9110 364343
4678 348278
4183 361077
8075 845460
9987 734704
4209 284768
3669 871303
2159 310119
1982 416939
5058 710671
4931 228871
5615 517688
641 18686
2993 77273
1941 117284
2093 437867
3592 833777
8741 703823
1222 516788
7243 809457
1949 1097
1735 670523
3542 878321
1835 92461
7238 775346
7932 211112
2325 77808
358 653753
156 441964
7949 977265
3120 587383
1243 717333
4509 779533
2264 62978
8588 856746
9162 900398
3077 934650
2027 605762
4417 821625
4017 856892
8297 665075
703 525854
2330 519164
6006 174218
3460 667810
7075 627164
6202 259072
6740 286902
9893 111677
5002 895069
5601 756279
4907 182812
8761 420325
4295 661864
9088 837652
7954 240367
5733 949068
3639 600239
2041 755066
7248 594485
9304 685916
7167 806003
8586 195842
1547 265860
2687 940600
8999 536485
3452 104030
5631 540751
1784 949592
566 7547
1191 325677
627 355392
7451 439764
2896 512419
1993 528179
6696 321462
1782 803923
364 490854
4552 754210
2499 783270
1112 28468
7482 893982
3875 28875
7627 190928
2065 604498
5204 102623
8352 757473
9030 97878
5657 905777
4499 917711
3137 288964
8240 531494
5614 189498
5365 984556
7769 281399
7054 149641
1186 539857
3308 579752
6751 235621
1841 120923
1491 539856
1658 179385
6384 470847
4158 920026
1693 528416
6636 392878
1673 749542
1037 706433
7134 832497
5252 814068
3365 181904
5583 619667
473 202416
4027 650480
2613 386333
5093 730002
6430 205912
7525 881158
5198 256215
1598 645851
247 146571
246 310230
2183 315233
96 139995
5110 888504
9781 923572
4899 477264
3658 417192
7838 110854
4159 146278
4716 704257
1737 5922
4256 159422
4063 903355
3634 502330
2745 740851
9719 424086
1932 977959
7379 578020
7502 969709
2805 115185
3827 425803
9195 230440
2642 633239
9343 761840
261 943302
477 379839
3808 677462
327 230086
5716 50464
9202 333671
930 768974
3658 256031
1161 18799
5698 313585
7464 671192
9418 705622
9048 104287
3314 466960
7065 433265
1388 592501
6600 262622
7373 221051
9918 482888
6660 237872
5165 996505
2918 908346
8796 73988
6672 963154
4872 427236
1677 55407
4146 993937
3219 52992
9569 676338
7696 617834
4595 91236
3843 810833
2354 592736
8853 749608
933 512033
6757 195702
8391 211516
6277 990952
8266 199465
4792 394426
9140 771224
1226 735935
2878 723963
223 790497
9798 324631
6524 552005
3410 984838
7028 735255
6222 69064
233 664769
6104 162856
889 258196
347 265931
1620 264741
687 84045
6912 549778
2088 982417
5393 335619
5217 679111
95 442937
8421 697981
7470 691883
3866 472072
9308 302704
2552 163958
147 236359
5979 297502
7088 433721
6630 316129
5277 346747
1887 584512
3465 87500
5550 843874
2871 772437
8460 718472
4816 172031
1751 673665
8219 217128
8638 364315
7469 584053
6395 881693
8136 884419
6832 450342
1959 424774
9155 80595
4533 234976
5531 800669
4017 479851
755 236849
373 444481
6243 263790
6289 287171
488 514030
8987 218395
8848 756447
1987 36057
9185 715233
6097 33789
3578 856145
2751 854847
8443 889103
9699 479096
6040 335505
4246 470852
6145 736990
2993 90521
4217 279710
547 532413
8163 244497
8422 85883
6356 508415
6335 943726
9333 83385
1411 669514
4828 510311
3253 679791
9755 22905
3855 744076
4711 681733
777 742550
6899 994206
6723 199652
6177 482245
9187 317578
34 972194
2897 50883
2204 477668
8416 221901
51 317414
5621 315520
714 37397
778 2217
5997 79780
7680 643821
941 792123
8151 384278
1683 28451
4977 343301
5278 197391
5904 377057
2609 663476
100 802070
9980 630299
9236 534008
7797 202374
8640 291040
6871 831423
5452 239826
1084 187201
3660 412945
2812 204730
6432 440040
8782 103453
1106 657751
9091 849197
7306 268019
9323 200207
4487 694641
2566 22460
3274 134339
103 949689
2505 468295
9492 406205
8266 408659
1155 688056
9226 129166
1079 705285
2643 892321
6237 868056
461 483992
9122 49741
6672 768827
9434 265748
8095 505174
8894 411442
5457 7866
2323 539628
4968 756096
390 273535
7604 400894
7933 208676
5426 439843
4225 157723
9439 788854
3517 909245
2905 590263
5871 973548
6465 115987
6475 640913
8149 52578
7303 926646
5993 99400
3764 319583
3252 34393
2671 17827
3447 738874
2710 663012
59 725983
2445 658679
9939 481802
7191 390257
7646 312486
5581 426579
8699 990968
1607 292423
190 656223
1219 231927
1809 902190
2294 69920
3795 544179
5171 107535
6052 228447
328 676595
811 208025
1006 628038
4701 101501
8759 87813
3602 564876
8063 772543
846 125314
2073 541949
3987 88046
8054 888932
9687 117026
4308 443174
5390 505899
2596 395996
1848 338009
846 555173
2234 20587
1463 137390
398 29928
2473 894444
7453 967619
7912 930181
9617 680583
7312 405075
9430 436926
4682 47832
8039 919627
4566 31738
589 171301
8105 549880
648 386521
9479 979938
9163 998602
7035 82864
6748 850669
5839 636826
8041 898456
8010 682197
3092 628101
7833 911859
7839 894183
3454 366287
4340 721733
2478 585696
6926 565087
3262 192260
7443 760618
1122 99925
2190 824716
8579 424281
