100
2678856656 4832819870
2117771836 9140922793
6034530065 7610141602
3728303625 6509255655
3300267396 4310372357
1939167977 8644775281
1 100000000
2276420248 2958472483
3566788932 9990583128
4433265390 9281897369
6953137927 9051847062
1503188926 3552181753
489973403 8581813297
1 100000000
7398568855 7690949234
992767378 1611622282
1595488575 4580532079
1041996050 9966281923
1075894138 1684095903
1497709727 1782321359
1 100000000
617761418 4961565521
3608338690 4096184330
9504823344 9835519367
8809379244 9202740830
432184985 6687324320
1746541037 2089813607
1 100000000
1781815189 8290816372
2438910215 2665714418
8997449141 9101345472
6019987194 9802529257
4499438821 9235795633
7420517084 8975252168
1 100000000
1439448857 3700367611
238676537 9120066376
204664552 6010139512
4550664548 7319429227
1610476627 6219576153
976505244 2147265769
1 100000000
7420438424 9772567522
8569332022 8620225975
3147304794 8281718875
4735033060 9098072751
1708941431 3172061939
7193737717 9386320553
1 100000000
741011266 6358688126
1591141626 4262892672
671669934 5698161831
2065668232 3712464848
7269842309 8534342395
511501975 5853017757
1 100000000
1015341826 5099682624
610259760 2496010507
31979807 4376218534
9714143639 9949699592
724342459 4000411573
7065901491 7104305449
1 100000000
821900515 3913374229
1411733604 5615120861
3206155243 8633061451
2243151302 6298523310
2644122297 6877437215
226130528 6987507997
1 100000000
1424222582 6002944031
819249224 2687601929
4780357725 5070494131
3682930844 4928420068
2814396817 5945106044
7941288029 8854404328
1 100000000
7662906252 8632424773
1450882207 3221193280
8634077495 8837373774
4841449365 5999920698
2013502806 8167910944
359741653 1000274355
1 100000000
4269232120 7103819536
2570373969 7540238107
2112064542 9953141785
1758630589 8568708043
1947152552 8544542443
6383544643 6481843824
1 100000000
2895128240 4642562037
1436564498 4014972397
5435116410 8002365677
3991996535 7056850523
1319536971 6078249056
3110676305 6537346183
1 100000000
7662146720 7951829313
4425380937 9555147550
