100
562279385 4052562771
1863418819 7787330771
3190932749 8516866841
2108327407 4509460515
6800601927 8526256325
53675805 1713299289
1 100000000
4528885309 9855456478
4449844905 6925491912
2100834408 3474403413
8663755590 9192643809
2418050924 3846112950
1713242727 6548777519
1 100000000
7587901703 8953853081
1944773050 2208669316
1024121209 2797440175
2606550677 4350178476
2171145113 7115363441
4297064298 8347569488
1 100000000
1823602538 2258601428
834884938 7176788391
3173171141 7119182144
8634519653 9840091851
3196712155 3542960458
4949621442 7367467665
1 100000000
1945633331 9276051747
6983380166 8025974914
3895674809 6279712128
4610186273 9706014829
3952161441 8615456675
4477386913 5138145010
1 100000000
506262448 7505480283
2261328978 3632658965
1454287768 2178301106
7919036265 9420755456
8534759357 9287910208
696088544 9046592699
1 100000000
255446956 9101099452
8286913418 8693238385
2451738493 6793754487
5480166767 9907198773
4331937577 7296297204
2453440808 9805901574
1 100000000
1150157160 5557699047
2747360277 3522556113
5286932703 5502132917
3645120344 6530375502
2225082479 8534938920
848439242 3251372518
1 100000000
1990898227 8417685968
724420949 4731197844
1481047388 9999399966
4759021434 6518851856
101635340 7953502740
5997028705 6280613401
1 100000000
2277326587 9364525188
3001183771 6174164354
3756673578 4561402328
2120649319 5351067874
2655323417 6244319996
4749138270 6837469571
1 100000000
2050205097 3477963048
119687434 3214921175
2974204243 8276421980
260201840 7367784838
1500811367 4373111430
6830555770 7265518398
1 100000000
1187352161 3981816790
4012387875 7261126516
416987066 5855463624
4457827945 7578633314
4066297748 6639801297
242807520 642816757
1 100000000
6448490088 6601569909
485057046 3535670177
1835825218 2560733458
6938471473 8345582669
345212850 2815558482
5711989348 9175779853
1 100000000
751280093 5859870544
1780232658 4025191733
4689748563 7020582607
5607861728 7584755962
5930316242 9194312127
450072110 1244026183
1 100000000
2715971980 4316745958
971566336 9928976736
