100
5271774625 9686462527
7880268803 9590935179
812649242 9233784941
324370478 3686736848
2966172064 7428015474
1256298841 8047393235
1 100000000
3824622131 9369215365
128135116 6925785526
348042769 3828047192
3166415864 7785897493
1746987398 5051402006
3289555200 8878941462
1 100000000
4168201275 4868516580
2036585906 5902000272
345350419 9871154868
2957281873 6269082100
1507433390 5326185178
4244461174 5465778292
1 100000000
3810388577 6622425148
406953660 8394565911
1162878154 5175120318
755799389 8169210960
2328939923 6659314681
148371937 4791131565
1 100000000
6391022238 7400192669
2429951422 5754158074
607961993 4635905256
2314385145 6261626499
4854789260 9676278447
1109916285 4919917563
1 100000000
587676178 9464539457
1156960713 7795378163
2043878528 7719726798
656112504 8336096368
3169604672 3831794151
5965607826 7191931216
1 100000000
4776104139 6285228345
6292712893 7674774036
2732322737 3289619964
3658647948 7136154562
1073850248 5975285817
1393292169 9993425519
1 100000000
1314509241 8944126765
4730388494 8732490545
7728115156 8205049234
2623630475 2998975818
3737206943 7739472023
137957376 9627969559
1 100000000
804169904 3916224674
2637386679 9020533490
1757572247 4086072203
8855007153 9287138447
1550405103 1665925826
1342577217 9089282403
1 100000000
386318471 5240263030
6304013752 7667907747
7666082187 8857100549
3748042949 4663350699
6034233392 8809094491
2426658250 8969544265
1 100000000
6030932474 6342682405
5297867140 6604788361
6082102760 7241843506
277370448 4764005412
3409464854 9817710445
1852186211 5840170549
1 100000000
257616044 6754263018
2323490171 4287978408
105040442 2892800836
2837146366 9477968885
127500273 1685987116
7667551811 8690808426
1 100000000
2104015068 4585529737
2031290725 3836485541
7901938180 8055493761
6968676691 8963495491
4148013255 6185462124
6950418842 9419150110
1 100000000
284095260 7523801785
64254123 4622257109
2038418838 5109361387
4882382170 8913590842
2498723440 6414291147
7097249707 9851601465
1 100000000
1451960719 1772396010
3968610572 9142037862
