100
4974342971 6349451674
6352716429 6701600617
105434299 4540878673
1436515480 2136793662
3115640966 8933970493
1291557761 8183494787
1 100000000
1117544761 4224803602
3130924957 5030495831
3436226202 4986383641
2178336164 4834342240
4595663670 4760997719
4097857757 4974085486
1 100000000
6853001310 7304063787
7845689225 9410746153
253632909 5935211224
511183857 4667343831
3347009794 7220730870
2205429637 9399212941
1 100000000
5563059856 9201423109
3102577376 6722129461
2719007649 3523910901
2161627512 5082680542
2980467461 3680458571
6025246842 6202425713
1 100000000
987393012 1325251034
2573360862 5236618095
7105795 1840058765
950395542 5723273087
2117845086 7210889770
4785348104 7988435217
1 100000000
4571147628 4883042441
1973047381 5941516415
3605187508 9843961365
682647638 6999354510
2596834964 6190975050
2351300340 6354149185
1 100000000
3479584095 8666654136
755813489 2969157949
1686323598 7741246959
719010921 8989099421
1067871000 6456182171
9326910749 9757260969
1 100000000
1142537987 3077643674
53648449 9168265768
2359931477 9372814637
8738641 9206027286
721358741 7443926806
2122961750 3726911900
1 100000000
1877903960 3602214279
6399635975 8379957783
2086657581 7385170391
3093048204 3243489060
4003576409 5495977444
6636944474 8151941895
1 100000000
4716399756 6053311773
6568570980 8223019712
4715396502 9949294311
5948969651 8739262512
1335498416 5062205567
1247160352 2674074302
1 100000000
6425724970 7545034628
429024846 8929428163
4492796629 7942998327
3088055517 8028836015
2274156271 6633409281
1125212813 4733315114
1 100000000
5739356032 8760430449
146251442 9814237071
1651560673 7441264582
3403929464 4897380967
6328112062 9713093250
5786706291 9092168379
1 100000000
530369935 9076030712
832664760 1631020548
758509194 7309305532
967274592 9971100779
5870330584 9006462941
3071584677 4221668558
1 100000000
1232813913 4138353942
3357448411 8209457514
520719336 3832889087
3560942271 8028937464
5290393630 7223800872
6286121241 6420102013
1 100000000
6934594304 7183632366
1921073925 5173763069
