100
1354774600 7675744225
2662552759 8291936027
918582940 7779212804
600488387 6169847391
5445959807 8244952963
4089460452 5218743061
1 100000000
4698611146 8257253202
2234785687 5972724261
7822844411 9184597615
1839740737 8480457761
2146153864 3893899831
210239798 275632785
1 100000000
4556629626 4932967874
5172301375 8094034938
1884515196 7379089243
4173619052 6573188115
5807659473 9062516038
6603326784 6797924153
1 100000000
4267991422 6131167075
5391368120 8506937717
6856091796 7783217292
847838686 9678678717
929316044 9219422395
1097126891 7420131432
1 100000000
734426876 4794714152
1301518743 5515818140
5296608779 8436498764
5658649069 9786623276
1946840211 8462250068
39353187 6856217763
1 100000000
1621971529 2972940086
1796411803 6815429229
4305018596 6464066990
7237865893 8243168305
255281354 1810488080
2720473379 4233265370
1 100000000
630928581 4071408655
3891169968 6058731891
4476324580 8379638802
8685214023 9994073405
9245094174 9495528730
1120978024 7997634762
1 100000000
928314503 8742054632
6608058711 6619018777
4790221536 5652559640
761706249 1886952548
6614392098 8566660141
983835741 6070765961
1 100000000
209439540 4796138747
1897091099 2606283306
2141712805 3055339390
351103827 6336263745
4486451456 4915375416
617909208 2741312027
1 100000000
3027090553 7363260147
2515064594 2984279676
280292765 2957133612
643818628 9398766310
1960472530 6017132065
2913441770 7954624195
1 100000000
135459547 3567122503
882079638 2566961833
5649670126 5658182984
2819749099 4250974886
337066976 6800463746
2012363220 5065448927
1 100000000
378424083 6825139996
1946208333 6364059173
575350664 8952485476
6067709764 7997988592
7822371806 9277004709
3907068338 4422529877
1 100000000
2131776210 7509794536
6459853669 6804671148
1650997545 6988734243
7157933468 9243535194
7905647050 9281791061
6009230849 7955121731
1 100000000
645367383 8729688892
5626945639 8982230968
1533937435 5270196719
3518950566 6089295242
3130093781 9316410623
9319137358 9500426386
1 100000000
323887837 6461739657
1765997200 6007075326
