100
4553192346 8078672143
1572196075 5078539705
6453611408 6776077612
4997347804 9490823916
3551530116 5764934283
1155833411 1709720511
1 100000000
1339494557 7369719906
2336400153 3890063542
2154804375 2312620655
1240001207 5494330307
97398674 930536620
165247183 7115147426
1 100000000
4514837914 7042654188
2936547301 8566428629
6535315300 9269850335
4202953728 8143745902
612469773 5132205242
5696256030 8854876836
1 100000000
8413749212 8497717638
7067861685 9851938371
742032286 971098129
1927479864 2329992548
6900035140 8198946178
1289281979 5555535123
1 100000000
709416167 9018989345
400407173 624213829
7009182068 9615000398
302737650 4071569903
3591093626 3778026916
2631258954 7103427279
1 100000000
2158691827 8103226824
750261235 8963110511
8135997876 8986952708
6391713997 7138794028
7777045192 9442241814
3716831383 4875874864
1 100000000
7146534934 7867325433
3461121714 6132357953
2570185582 6047570061
2242507343 9175827404
4505239998 6251384759
883230111 2482627730
1 100000000
3118735015 9739683651
3101950387 6353319851
3400389634 7217469136
1595094634 5230691779
1276953278 8384844686
4343759778 5192154624
1 100000000
6383963038 9671905414
992931156 8687352310
7851203666 9340214161
2872210107 7242730386
1125719955 8287880080
6486077909 9902839660
1 100000000
5065207357 8988733996
5528125264 6219469846
5746909307 7072370677
550542572 9649033981
1714981303 7636466272
1557848650 6501265547
1 100000000
234812802 9179348230
1087262313 5801122624
1331362094 6631644051
6438145349 8932405131
7506306691 9135031919
2083460622 4655360457
1 100000000
5864489767 6384341586
4455149148 9824327026
3619278136 5986159170
822145118 2991573055
102418652 1754730792
2965964433 3336799940
1 100000000
3391129106 7696926668
4060538634 9482911596
3810766494 9912825766
5417514305 9216380196
1302123687 7603953959
3344266548 7704121700
1 100000000
8958585359 9130268381
4261132320 5375669373
6678044162 9174938897
3918160711 4603102888
5447902173 8016450811
3398442012 6302409264
1 100000000
8134271739 8723656974
892484111 8467203282
