34610629
29920
437093
63663600
21675637
633600000
422400000
2366320
43291912
548845000
755700000
10603215
555500
11250267
41881400
5995000
53706985
46035528
23320
23607562
344443000
3791972
26680711
27720000
13715906
577500000
96690000
311300000
1331000
5417911
711117000
7447000
39220862
52461909
25246023
7710889
41162128
63553600
531135000
16505279
493394000
77997700
6666000
27859389
922900
12413432
111100
522500000
98890000
38280462
22488374
511500000
5772913
12792391
55717070
6822860
43832792
6041123
19234907
3773000
50622557
36666300
49098397
6617790
87780
30886632
7227000
29978862
39328243
8283621
48892062
37690263
51441500
2497061
40011159
41140000
2882000
15642582
4333340
11402064
588500
6033891
14913991
3370121
10976884
36776300
48323254
2226957
7755770
53637519
111100000
39620409
39779300
47769992
42616548
79999700
9677868
12997950
955900
7586308
