67760
47667400
34748178
31338883
9666690
43067111
21180449
4188697
33395788
9779000
3328096
51519708
371173000
35625697
12243815
37895269
121121000
12648878
55550
41551400
5544709
9669000
37137693
19820605
28118200
41991400
444400
4334000
11357032
8963651
633600
8298166
27720000
53641409
899800
8588580
37169364
8937839
45419825
12102480
23394341
16865030
4311340
8850289
20098423
54173710
374473000
22732636
3068974
377300
13717350
326623000
1661000
17233678
755700
33443300
691212
149941000
855800000
695596000
8714329
166100000
4560806
16875682
3781550
6891151
1588510
14371103
92222900
422400000
152251000
29471238
87780
91190
155551000
41885801
44777304
822800
13553100
11042458
5881805
177771000
22567120
891198000
774477000
6226000
53405577
5445000
29757149
551155000
15090595
511115000
46453460
4455440
18890548
1699610
11098718
23378110
466400000
2922920
416614000
56122020
75570000
50294885
2772000
36711055
50838868
2589083
19435474
47740000
18826151
1533510
46312742
26462248
162261000
6033757
49813585
388300000
1221000
6336000
522500
699600000
411400000
46512116
46403797
43426929
34269048
313313000
5373580
528825000
16610
632236000
9761700
22670892
43191776
944900
1596995
18089076
30760646
5115000
81180000
23012163
36651616
955900000
54407582
77557700
1555510
6211260
44658891
37212597
2772000
55024041
16610000
122100
31948043
40711096
47337400
30950075
1899810
55397157
46747426
33843646
31124916
9119000
76670000
67447600
458854000
9844890
666600000
39774725
26977510
255200
666600000
27680799
15422086
20229588
4774000
28668200
966900
226622000
56996500
37117300
16012722
542245000
16692596
1526521
42854033
45540
3688630
16878904
50063127
566500000
366300000
11233920
36455889
56152736
49899998
41068094
36352109
28820
67887600
2144120
5812411
30624370
324423000
19910000
5355350
43794340
211200000
11139659
26525668
17711018
185170
15752366
133100
53350000
655600
35438277
20327612
24598199
3477430
23641942
23765126
466400000
822800000
52641105
19898902
4994000
22654329
25843343
9915821
888800
43487867
7502561
2444420
21617888
17710
498894000
33089166
3553000
57750
23597347
16919406
1991000
22227562
811800
15453096
1222210
77770
4422440
51150
18778100
944449000
2777720
29734626
4433440
34407524
481184000
30004816
43993400
3553000
20310999
56682620
51006240
39464076
655600
911900000
19518822
68860
39229300
915519000
48169231
2992000
111100000
766667000
27978925
6199948
59950
45540
9969157
699600000
14936438
42125751
31112359
93773900
399300000
59950000
1551000
133100000
8211280
7210326
20768924
29438358
16088900
9911990
856658000
355300
166100
44807897
2772000
844800
43742858
33162145
545545000
599500
15150839
30538063
327723000
38258959
23590548
356653000
1811810
72662700
940832
31524209
888888000
14678495
955900
32264472
533500
54074885
30194687
18810
5844850
8677680
9433490
8422480
12368504
8479793
611600
6723499
2662000
8118000
38999724
18186416
9877890
18604936
1373525
21881184
84224800
17966475
1241589
71170
972279000
219912000
22647793
44875300
9608437
63360000
6511560
54511188
11145063
9466490
593395000
37394926
21041520
4933940
20997468
21539908
30629856
8115572
888800000
42250537
816618000
5488450
4644640
9999000
74470000
33988673
34829301
399300
55225500
49198065
22163963
244200000
596695000
3174828
14459632
8577580
39630974
54467339
35525478
18211637
47556135
8996334
4918933
122221000
13606204
19465465
18702105
21284259
12046246
776677000
799700
1661000
681186000
3333000
962269000
944900000
6493967
28820000
89980
16494314
77227700
26327240
19559100
18148439
42355708
29727045
29753553
15330500
98890
14435465
21331200
47740
382283000
35885300
42992400
53850856
10904104
53968588
48941241
99779900
427724000
52552500
9588590
24608390
12210
32733957
46640000
38517549
7222270
52220821
913319000
39115567
20346905
30986966
865568000
688600000
91111900
21963605
3688630
95665900
53555115
16675357
927729000
38309680
31482443
20273050
52469536
30999049
32662300
711700
38917079
391193000
388300
33454768
37496778
20734158
11591882
20591495
755557000
866800
11632823
5266250
796697000
92966
72270
87780000
83773800
557755000
39998866
38709439
27448204
4104870
8448000
59449500
38435923
722700
9111745
32955045
26248178
48840000
21771200
48012343
26176060
51069300
9115845
814418000
24172124
12680443
8712268
2112000
8490970
19910
51987709
9497949
44521360
32651033
34465379
38758031
22220000
44994400
76670000
5577550
31684579
255200
46229566
19049783
5544550
51320406
4599540
34891143
21789243
1412823
51991181
39102990
144100
4127665
21022822
19527110
44388390
18283821
8966980
12734914
644600000
86226800
42194549
357753000
72112700
15125135
37730
45207977
8476880
12493513
43145046
30680051
295592000
30549631
28270735
328823000
6605341
7210627
6556000
3272530
30015111
15456593
20275995
25520000
9966990
37631121
48473587
67760
955559000
46291095
3462034
12903932
926629000
57887500
51091709
10975901
74470
42305150
53970921
40673165
217712000
52949305
586685000
31421030
471174000
20026593
4114000
52753516
19252875
611600
13840537
472274000
15138792
499400000
19032646
211200
94490000
13747635
41470714
52306477
2511520
42206454
10376303
28491086
52332500
1177110
53543977
98890000
340323
788700
277200000
877800
35530000
42071150
7589633
38345220
52203207
933900
96690000
45264170
164461000
222200000
91190000
54822332
45775400
3223000
1366418
1933910
16711713
7465688
19910000
27256641
868868000
8716313
2931248
16610000
1722710
7255677
23416088
25520
533500000
3855830
511500
38163933
5144150
337733000
377300000
39294394
19779100
14389792
6446000
76670000
5555000
84480
24335069
932239000
39822610
38565591
18810000
12709440
9688690
26524948
13178109
127721000
2455420
733700000
10835570
455400
988900
34724775
65665600
1933260
16924357
899800000
5225000
7211270
55885500
35878915
9811890
52250000
29229200
66660
28008004
13883100
1551000
4855840
8338000
36056293
37037124
2972287
30255402
122100000
10588574
11441100
32827353
87780
27720
77770000
8933980
81441800
22220000
322300
43883400
51076434
715517000
18164302
344300000
52322877
977779000
45427963
54994500
6944960
21661200
39377043
277200000
73370
40040223
15940778
39113658
7111170
12396788
30910127
50011033
39189437
34941723
951159000
35343518
911900000
6599560
5977950
19329428
15159551
165561000
23855725
422400000
36446300
13965569
975579000
6866860
55048778
43340
5885000
4383933
34554300
12479587
34559925
55603107
286682000
42034281
20497121
8727971
38789072
2840765
43944983
31551300
31954199
684486000
3553000
53663500
11838475
30705840
26074677
1322310
24830869
31633459
44440000
22348214
78870
35445300
7455470
29759396
45387631
48778400
50997129
48594336
95590
14870621
47620891
22774473
2333320
37531344
37301569
83993800
12029038
34897146
4955940
853358000
23711731
8228000
32673802
24114200
19527420
12322197
48118400
911900000
18558100
45584097
688600000
35505841
19777565
353353000
67117600
86556800
324423000
33082479
45303411
53165062
30954443
911900
6855860
47295223
33330000
2382525
699600
29210375
48539679
399300
36972701
31150550
53813912
1544510
7997000
16981156
29920000
72383
48489366
441144000
10312303
26433357
32787393
11660978
4539351
52917244
72112700
8118000
8448000
31331300
51003614
36674928
13904530
50176746
16297641
129921000
47609073
16494137
30027922
21526443
49241167
49233311
42692454
802083
49080706
84480000
2320560
91551900
47373406
5896240
32634290
6513091
844800000
699600
897798000
65560000
17997100
21221200
21230842
47526546
51956816
422400
233200000
61160
23223200
24114200
666600
433400
1755710
31729880
2166120
677776000
51150000
2887544
25296491
39115392
47966761
52210522
732237000
9866642
39855219
247742000
81180
86680000
86680
5218747
21870913
111111000
31338073
15510000
91771900
47186674
10270743
46889031
69960000
2603674
2555520
40841436
37731467
744700000
5866914
7998806
2260940
13151046
81771800
14000852
339933000
39589133
13140379
41204624
45540000
65560
52624059
50575682
1804728
196214
8561548
56156619
20209725
787787000
166100
52074668
45460168
47039061
149941000
37529158
54450
3655630
31491698
14681672
50546960
31303342
37914464
6532173
811800
715517000
41771400
617716000
62332600
39489419
53385538
19779100
618816000
822800
16649079
1194104
56601089
755700
94490
144100000
21201002
44020569
48228400
35530000
46640
8435445
36226300
65560000
7447000
14372709
9822890
56612603
9559000
155100
221122000
15084403
755700
658823
41140
1331000
81180000
528825000
54869528
26337591
2690065
47740
55550284
17710
78228700
34474089
49670116
5319270
911900000
5233250
13553100
7777000
32230
21690655
5911950
2552000
93663900
46678201
4444000
522500000
4822237
50420925
873378000
3722730
814418000
33090055
11515835
13047454
9355390
44743102
844800
20586553
20922971
452337
