35447933
327723000
691196000
42387142
15510
4977940
44424832
7557000
16271107
911900000
22226836
366300000
30572128
43009693
588885000
2551315
22797244
55359512
48452344
63223600
211200
91441900
55581795
55256705
455554000
43815837
43719550
34038753
33792639
48998400
594495000
86446800
43359091
47459059
41881400
544500000
9669000
51887280
44671398
255552000
29035348
95590
544500000
544500000
49461611
45885400
166100000
1899810
31709227
34760184
54652225
34224300
76336700
22152418
233200
75335700
4366340
322300000
3144130
47131098
49872991
52506398
7588570
43572418
23320000
48522239
42409135
1221000
31161065
50483012
82280000
9556095
5775000
36180793
724427000
20840319
311300000
32280955
16881964
29969434
20189081
14410000
15507578
22600474
29889200
544500000
24084464
39671940
3773000
55550
18558554
655600
7227000
447744000
556655000
74470
471174000
33277330
7380806
37421883
755700000
9773983
18778100
21709599
41687358
75570000
89779800
542814
50958999
44877915
722700000
36548475
39786300
32091138
28763792
41339717
44388913
41250756
6266260
544500
5453493
3788730
15046420
62260000
7117000
42760458
4299240
35496464
8083632
369963000
50150179
86116800
10825068
9889000
58118500
477400000
3444430
48766851
6133160
42397068
4299240
18448100
945549000
754457000
42151699
10610861
16898412
451154000
269962000
84884800
48840000
1388310
51647902
68228600
95225900
15416432
4399340
33116926
25335200
733700
6969912
35723232
955559000
9779000
18648749
51814540
222222000
311300
3076909
42324212
78888700
35860213
4994000
54738365
73113700
834438000
49374329
866800000
45167711
13310
48448400
277200
18678793
1855810
4994372
35851733
1664980
38533083
12592340
4999940
7858152
62332600
53460248
8463273
177100000
78448700
133100
41268622
21274634
53473924
81661800
37227300
971513
54978780
16996100
1966910
75570
46317531
50558831
27655051
8633680
54115837
1096679
377300
6499460
51066120
31597440
50087328
3260504
12248847
469964000
26849666
41051800
28231766
25889766
91991900
466400000
51371253
20939040
39279597
4744740
39293637
6700866
587785000
25643148
1164257
42240000
944900000
72270
13060635
12168689
7786070
45471967
49383721
382283000
17107528
8255280
89119800
12585962
2882000
47740
217712000
15508693
52882500
67760000
62260000
8544580
21897108
49779400
52006938
10500656
51603798
37522425
4333340
544500
135531000
36750972
253352000
2882000
40374216
26556200
8111180
41781395
28885826
6577560
47683787
288200000
64114600
98890
30204376
33959880
9029509
7911970
7556266
38981983
944559
16391104
40486015
66660
9013216
7299270
42654507
15848817
3333000
966900
22296135
13333100
611600000
9799790
13250926
478874000
42021036
67337600
544445000
31221300
5399350
55767682
17065390
41140000
34532791
266200
8511612
48428079
3608064
19888360
7533570
747747000
6456450
30679616
41204837
8833880
8914644
51150000
1551000
33666393
19703716
75115700
51781392
539935000
56208539
7557000
1991000
688600000
34430
72222700
49026953
21441200
56650
93883900
13154013
48778400
37411238
955559000
35885300
46087662
41029669
442244000
65115600
25238259
2992000
8452206
43247363
21331200
7337000
38830000
30846858
18316615
35665300
33558929
12285604
5122150
68228600
27720000
14334100
8583425
10389609
4755740
77337700
755700
64444600
82662800
46406709
45540
499400
28067714
40524983
199100000
98890
41140
35921264
10601684
37915601
98890000
745547000
31681455
38437254
29920
5115000
44087274
56403993
49339400
28349745
24553509
31331300
6844860
54450000
52121992
5322350
45733080
11869745
3588530
42180161
355300000
944900000
844800
49929653
533500000
82280
8118000
81180
49504298
45540000
223322000
535535000
30207332
6236564
67227600
98338900
10391288
29408865
24420000
1111110
446785
17319347
27337200
26078220
18341097
59889500
2552000
833800000
41482619
2518182
17045205
53229945
2599520
99119900
62260
79970
5939460
48680925
794497000
42559535
833338000
22760381
4224000
46776400
411400000
469964000
395593000
42295370
24446685
49246726
51399197
581185000
33115420
8507706
43340000
56345618
8744780
25036169
2112000
3486482
133100
2111120
85580000
31645734
11110000
44564921
55481531
283540
6177160
9633690
18978401
698896000
14994100
866800000
39973417
18469131
94994900
16762774
888800
496694000
2159638
59950
29894657
5811850
27895452
266200000
486684000
14372031
13313967
97337900
766700000
5026527
15510
321123000
1194634
30950628
297792000
6422460
3888830
31111300
55425034
699600
6030092
53437283
2999920
51089126
75570
82222800
6377544
4622640
58888500
53118600
433400
1599510
4371083
69119600
4622640
99990
19994025
558855000
42011386
1470390
15011529
27720
40467349
14230254
46670063
11363775
9633690
133100
3671294
22933682
56374415
784487000
699600000
8711780
78870
33330000
41323137
23793291
55220943
25171987
6565310
50129523
6471489
55628728
8998000
19225886
91111900
3883000
3544170
13376388
343343000
29920000
41140
30312815
54739299
5177150
4444000
1881000
38277257
12119049
6511560
47510354
509974
1899810
93390000
74884700
38338300
1441000
1822810
50502590
22267821
77227700
5322350
48376847
11574426
5236272
23320000
333300000
6755760
24994200
622600000
45810115
33559333
21953702
53372704
239932000
65560
8228000
455400000
27832743
67760
122100
45458838
46051792
5555000
999900
72332700
50059447
382283000
38820744
31181084
28558200
6399360
33318446
3018425
677600000
766700
46184885
59950000
35729264
9544590
899800000
31901407
54724102
50500176
843348000
533500
477400000
54687910
5622650
19797271
23226046
40366078
19365573
29920000
16566653
1777710
83443800
94444900
25217980
87557800
39311313
52483529
353353000
23030230
42459411
26238176
28341231
54424036
38611173
44808920
559955000
20442645
166100000
55034523
49624879
19910
44851361
21283874
35997266
42420196
31057063
45540000
28608087
66660
74994700
51690462
6653341
8558000
355553000
56209899
51034474
12341134
357753000
11272292
39185972
45540
31971073
111100
51284580
322300
19339100
41691213
2858978
85580
32230000
17048908
7371212
56166380
366300
3106932
57750000
667766000
48402899
23020844
18558100
8377380
10081165
2552000
888800000
42840001
54450
54450
7337000
14014777
9833890
40610337
9955990
46377682
76116700
86446800
18841350
399993000
16815449
888800
22761948
41808592
455400000
74470000
233200000
82280000
637736000
85580
71170
38799271
666600000
4994000
9911990
811800000
477400
8118000
42139778
31926295
23993200
50739879
20657932
847748000
28114484
28388159
447744000
45077259
295133
36110397
54586224
10839758
35202153
172271000
6355360
55683964
28089559
96690000
697796000
17357492
50108725
64884600
39930
21507449
6974277
28865064
285582000
35029604
51141394
711700000
46101279
29750574
644600000
48931935
47550313
42839771
7488470
12198272
22220000
24334200
44110986
2332000
2788720
1827832
7895802
877800000
24676713
14410
11110
26073231
15330663
813318000
329923000
41140000
31169393
35168611
628826000
18235723
30127625
21603783
376673000
48312167
799700
822800
277200000
56650
23773200
47715694
9339000
3155130
34516240
822800
97227900
685586000
22022167
1290478
7699670
71331700
7344370
34494951
26464815
39715328
32230
84480
4324593
30440219
11678816
255200000
82280000
933339000
6666000
51150
28238426
777700
53360492
35763887
26802242
14641368
3688630
127721000
4554000
42012005
43425669
2911920
30081658
7944970
2842390
11343079
42275039
2544520
15510
4566540
69669600
24420
37743823
9111190
284482000
78558700
43684982
44440000
599500000
146641000
50149584
936338
7655670
3799730
68860
939939000
59889500
5445000
55480778
45686829
365563000
599500
6771974
17591806
9922990
33223300
8488480
11050027
54994500
52698020
10056290
29651863
32816886
48090086
991199000
87667800
1344310
353353000
9984858
244200
38506164
838838000
26520410
26873193
51267085
933900000
52117705
47740
4880161
32662300
32116373
533500
95665900
8322380
58850000
51480613
974517
2743318
28079946
757757000
55346202
43603183
44202616
866800
8741470
96226900
933900
6933960
25520
23776473
811800000
4755740
28820
28790416
10655291
8829474
44440
16629163
8258950
56035343
98890000
847748000
5555000
64460000
7667000
42222970
61661600
7400670
163361000
65560000
713317000
95590
3778777
1666610
6533560
5966950
226622000
688600
819918000
32572429
6350040
2588980
488400000
699600000
16249210
21107567
44717319
18321918
2498559
666600000
712217000
711700000
299200
77770
84480
51871670
24618750
12210
52432835
23944102
31130000
855800000
38117361
755700
62260
8998000
16960459
2666786
17612936
46737158
49447280
64460
20705747
26795980
74470
54703048
55223218
41500858
85665800
2112000
3444430
43776234
38083940
6502030
144100000
50642466
8399380
13648160
11935380
37882678
12772100
31749740
59950
45382379
41991400
37610088
636636000
16230400
25775200
28380553
94490000
