37766366
8316214
41841507
52992500
12759339
13310000
58850
36630000
51495779
67760
4466440
644600000
34648668
3388330
10396617
793397000
15806786
98778900
8888000
26504234
39930000
85995800
3773000
96776900
59449500
36433531
32190471
63360
15286877
43178530
50831753
36063881
91190
279972000
28710664
33433404
72222700
533500
28440733
22338592
53764939
55854419
225522000
65560000
699600
247742000
988889000
39925582
47635670
688886000
1525527
1671171
12628753
5999950
94994900
42998052
52475497
30268000
6877860
87780
1686306
923329000
3488430
40367844
27485001
595537
18561425
6549430
27667200
35315751
97337900
51303408
51021778
9551648
13106354
55326454
13298536
333300
86226800
2146947
36630
7944970
20296145
683386000
138345
655600
861454
20057353
725527000
73113700
15697131
621126000
28820
4842685
388300000
30245067
20493750
62772600
176171
46145155
44015267
9351722
21146269
36860547
71991700
1995826
36784564
57750000
54172582
43506948
21828329
52043583
35995300
55501535
19670319
49972043
97790000
18810
30174285
2913792
15510000
41441400
13879088
55630121
16302461
87227800
166100
655600000
30912487
4323264
33265796
7788770
322300000
766700
55942404
1881000
6411460
7887000
40835954
21729529
15955385
137731000
633600
5111150
2155120
54439604
54046208
29599258
688600000
25520
4377340
930062
96690
4382784
11110
95590
11110
23298004
16872262
56085185
39951752
688600000
576675000
20106516
6446000
17227100
47646385
12639626
28546766
21747962
5381825
34643567
33274153
31759881
95590000
1255210
51372836
5712007
53839915
55550000
15264454
37730000
81661800
47004549
7477470
71991700
49999400
576675000
47483002
41786440
1711710
20986651
4266240
4242832
41080708
46845145
18862548
65665600
55885500
24075830
6996000
843348000
9744790
29402255
877800
45639124
533500
95590
944900
4399340
68860
788700000
38736904
56730642
266200
6977960
5366350
9889000
15464212
8118000
21705003
58850
63883600
2882000
46506319
444400000
366300
33993300
33608758
8601294
17229733
977900000
20618494
3644630
33873713
40458325
5788332
32437097
3113000
5115000
37198507
35108779
1551000
44440000
6569254
10799476
20200090
44994400
9889843
21594624
98890
6776007
1611610
14060982
8699680
46746161
7344370
49940000
53269345
32712131
37109213
4444000
87117800
1879838
45271093
8094061
92290
96170
888800
344300
48995804
6351087
20758355
66660000
45937589
24420000
38830
844800
244200
7633586
73883700
4666640
51150
31273784
49445837
2495242
39029667
39357682
823328000
339933000
9157967
822800
155100
41111400
12210
5008219
4542693
6556000
2166120
64460000
65560000
9796604
933900000
2466420
13220598
398893000
43601594
152251000
3049824
244200000
667766000
31230167
1274380
48497063
45561276
25911086
41002070
8888880
18629124
37500585
45995400
2444420
38589903
21838684
644600000
32693715
46899538
433400000
19494673
30793537
15274343
20579198
15497731
52332500
43344045
5335000
17710
15093873
666600
52250000
366300
51150
32943383
873378000
50215356
46580139
44312033
34612677
49869870
8977980
79229700
311300
65560
768867000
18728806
95590
317713000
50823393
35942406
34640779
15555100
57750000
2992000
9581555
659956000
34430
31130000
943349000
6986129
511500000
39339300
54242738
73370
17943435
6886000
88880000
10707535
79970000
111100000
3480249
87997800
8944980
28216228
566500
471174000
19135305
20565024
8998000
47927292
63993600
29302151
876719
359953000
26620
23207371
36458369
47740000
26399796
395593000
788700000
8888000
844800
344300000
72552700
32488804
15109610
2222220
3533530
2725991
18810000
33024492
612216000
188100
6177160
4816816
30509577
39662704
11264318
53049416
355300
46200552
488884000
556655000
34530605
53553500
141141000
8110326
655600
86446800
8553547
30138423
13400703
51936877
16610
4333709
19889100
711700
55596481
9415729
94114900
23320
28406381
32293128
449944000
13796741
5588550
7447000
7127586
74470000
42335224
34582774
49067137
2477420
43416091
944900000
43327182
7557000
48330218
39463552
15763519
1551000
27777200
41140
72774
33914620
54450
1522510
144100
467764000
6987240
6966960
789987000
1220680
944900
54862477
23434246
4970813
25243780
18232329
1586816
15347164
49138587
53350
7585445
621812
4777740
866800
11948488
644600
28470225
9322390
8340768
47624095
2377320
37865416
14071477
42168851
399300
56116500
13391364
