100 37986
369 12
783 64
511 35
475 74
325 79
727 19
702 66
872 59
657 17
730 59
619 74
461 52
526 12
420 42
455 58
358 15
269 46
290 37
333 44
893 5
925 18
577 61
762 11
379 93
391 98
331 15
393 65
796 88
134 11
644 99
726 27
578 67
549 24
587 80
494 95
222 4
243 5
439 24
187 70
716 72
624 59
192 19
365 74
521 1
748 38
898 68
736 55
271 38
598 6
403 91
488 81
247 79
408 33
528 70
749 65
710 59
186 3
791 9
425 21
752 20
196 67
402 37
967 49
455 5
172 96
374 16
547 66
618 41
338 26
126 32
872 42
514 92
330 83
114 83
701 14
831 33
138 71
935 85
134 100
484 93
848 34
108 31
337 41
170 25
610 74
287 33
300 69
231 58
629 62
716 6
188 57
554 12
625 51
536 31
322 86
585 99
539 77
326 97
390 68
398 47
