88 404
54 16
47 50
79 4
51 49
85 50
72 58
40 69
41 51
30 7
62 30
52 10
67 52
19 87
63 55
19 21
51 73
36 74
10 27
77 61
51 49
86 34
18 13
15 34
64 44
40 13
50 68
23 4
31 17
66 69
71 85
65 33
69 76
18 54
78 70
2 40
31 87
74 24
12 64
58 75
19 73
87 44
28 85
47 58
13 25
14 83
21 54
4 65
42 21
30 31
67 32
47 73
6 32
8 17
7 41
67 1
2 42
45 29
38 67
63 51
67 76
21 63
18 24
15 59
21 45
65 63
52 23
47 33
30 30
50 36
71 4
13 48
45 33
76 83
75 50
21 54
14 41
28 31
41 43
65 37
63 41
11 2
40 57
10 69
86 59
81 44
39 5
3 83
37 79
77 87
16 73
52 5
2 56
35 42
74 75
54 24
28 64
25 67
8 34
47 69
69 15
25 19
19 3
77 31
57 42
30 73
26 57
77 27
24 88
44 9
74 9
32 77
48 32
55 55
42 78
36 86
4 36
80 87
38 68
29 7
21 34
55 23
3 19
49 2
18 69
75 68
53 18
56 13
26 23
43 67
76 54
40 55
1 31
53 15
10 58
21 31
3 51
53 69
69 77
47 87
33 33
42 86
26 9
74 51
7 28
5 58
82 44
25 58
74 77
72 60
46 4
66 25
30 6
69 11
58 27
73 3
35 26
64 61
10 49
87 17
76 4
74 45
23 10
15 73
63 86
20 84
66 85
84 7
2 41
17 59
43 65
61 78
2 36
50 12
60 24
4 48
3 77
68 26
63 82
74 37
56 5
8 33
1 4
15 66
44 32
36 86
8 73
75 74
84 12
61 56
36 64
79 38
28 58
39 2
28 24
14 83
4 22
3 68
25 17
45 44
24 57
41 8
41 4
81 36
79 29
67 26
4 57
40 31
3 78
9 6
78 22
64 57
19 66
37 19
82 81
62 82
49 79
1 65
82 81
77 72
85 55
74 88
88 25
6 66
78 14
71 43
12 46
12 6
87 24
25 80
80 86
73 41
76 73
81 45
41 69
5 37
36 78
12 11
78 82
76 43
7 34
62 82
79 49
88 77
72 88
44 63
85 5
79 49
53 72
69 70
52 73
82 63
38 6
49 3
87 36
22 69
45 83
39 11
43 14
63 26
13 19
88 73
87 55
9 51
38 78
8 1
38 2
40 52
71 88
54 45
12 75
1 56
45 15
67 87
28 41
24 16
35 88
1 33
54 73
60 67
62 43
67 76
44 82
39 2
82 68
22 5
31 87
36 75
13 14
74 17
55 73
32 65
48 8
10 77
81 45
55 30
87 10
17 19
67 31
84 60
11 18
40 41
16 76
3 4
1 52
20 31
37 52
72 60
35 81
25 27
13 55
57 11
40 49
5 19
80 1
78 2
82 6
18 73
81 20
76 57
72 8
64 84
35 47
31 69
15 55
72 27
86 16
13 37
64 18
55 55
82 21
32 75
26 49
35 82
45 22
50 4
29 1
63 39
47 5
84 37
36 67
63 33
82 52
45 57
45 12
24 14
32 55
88 33
80 34
26 36
31 51
15 36
28 77
74 50
57 69
87 68
47 37
76 16
88 33
73 20
20 72
33 27
14 8
59 69
17 60
80 48
86 6
83 25
82 68
75 27
25 73
6 47
21 58
63 85
2 23
16 21
70 49
23 83
56 81
40 73
28 31
8 25
37 2
26 6
45 12
8 69
60 14
28 56
47 66
28 48
88 44
44 69
68 66
39 11
34 78
59 61
21 66
61 33
67 86
38 88
73 46
44 20
35 47
76 81
24 15
