50 173
33 49
2 10
26 15
39 5
10 33
23 27
45 41
2 2
12 3
21 7
3 19
9 46
46 19
31 48
23 17
3 6
18 6
15 43
20 5
49 32
39 22
8 33
12 9
37 25
12 9
31 16
29 39
11 25
9 44
22 32
12 27
39 29
32 3
23 4
7 22
35 47
45 44
29 8
5 17
33 18
26 15
33 4
4 45
28 14
40 2
45 4
28 33
34 11
37 7
14 45
30 48
41 26
42 22
33 48
38 15
15 13
32 47
19 37
43 48
50 35
49 45
38 28
29 21
39 16
29 2
10 10
2 1
35 45
22 18
42 11
34 6
26 17
4 44
3 48
41 3
32 40
47 19
17 27
42 7
42 22
9 2
34 12
4 18
6 27
37 47
39 23
4 14
39 7
7 44
4 48
46 36
39 44
6 7
20 49
14 12
23 24
15 6
35 20
25 42
46 14
38 34
38 43
50 28
49 6
21 4
5 16
39 45
9 47
4 31
47 19
42 19
42 8
26 28
27 3
19 24
16 8
9 5
50 8
34 48
16 5
1 20
22 42
17 33
40 20
13 36
38 4
7 31
11 34
8 39
36 28
12 3
35 22
7 34
30 41
33 47
47 35
18 18
28 34
50 17
5 12
5 44
17 13
24 29
46 33
17 32
10 30
36 44
4 43
27 35
35 11
31 33
46 48
50 23
34 2
42 38
15 46
32 32
10 5
12 5
38 29
38 49
10 24
43 13
18 21
47 4
32 29
36 27
27 37
1 10
38 42
49 3
39 30
36 48
