100 500
72 73
43 94
17 91
19 61
64 57
5 37
87 61
8 42
94 46
52 1
81 96
93 28
32 63
65 49
83 88
19 6
60 61
99 29
4 17
89 67
26 45
55 12
5 14
54 50
59 5
50 91
52 94
18 83
8 83
83 42
22 1
47 33
14 46
61 17
14 1
35 39
45 89
51 1
2 56
51 12
12 52
54 63
98 72
98 57
6 32
99 27
33 45
11 46
42 72
14 56
24 100
94 69
40 96
69 93
3 71
4 66
75 57
81 24
80 78
80 37
9 78
15 93
75 26
90 16
97 55
71 72
54 17
40 93
64 61
85 19
83 40
84 9
49 64
32 28
93 12
17 54
41 31
46 67
56 88
83 4
42 5
76 96
73 15
40 37
27 77
55 10
68 38
70 16
2 2
96 46
65 12
99 57
42 45
24 98
32 6
53 25
62 28
72 35
95 12
71 21
40 77
82 7
66 52
75 19
53 70
65 69
33 63
25 74
59 48
23 90
5 76
67 67
55 38
1 49
1 23
70 40
51 51
99 16
54 73
35 58
94 99
26 26
61 51
51 20
50 26
61 55
53 79
73 7
17 25
56 69
99 77
61 49
79 59
64 33
83 50
90 76
48 68
53 61
18 3
32 19
28 44
25 80
23 97
39 39
73 94
7 71
22 19
71 100
77 35
84 11
84 74
86 84
41 38
44 10
93 27
80 72
70 5
52 92
53 42
82 26
35 41
48 56
59 19
7 88
5 91
98 88
16 36
23 8
73 66
17 17
44 96
89 14
52 92
57 5
33 91
82 19
31 29
26 41
99 32
80 3
74 78
91 89
65 65
96 37
83 64
6 26
12 94
91 63
85 48
19 69
38 100
87 20
29 12
12 27
43 92
30 17
21 72
57 85
88 53
73 70
68 78
96 79
23 86
94 59
85 12
27 22
12 13
93 92
24 57
70 19
48 51
87 20
74 95
4 62
99 28
31 67
58 26
97 80
64 90
39 48
2 17
22 65
30 14
56 5
70 25
75 69
28 13
88 1
8 43
62 6
23 93
24 80
70 21
11 33
10 1
33 63
18 54
27 99
19 82
55 89
59 30
9 86
94 49
38 53
43 100
11 65
44 34
44 65
54 7
50 16
7 82
78 24
35 5
22 53
38 77
93 48
58 54
85 3
2 23
56 44
74 66
61 69
51 56
33 57
62 34
72 69
15 49
92 1
53 66
6 43
94 98
90 3
51 75
5 4
97 12
100 22
77 60
90 80
15 74
36 77
8 7
45 74
7 88
75 12
53 80
54 98
29 43
100 32
69 5
35 17
16 34
38 45
45 79
24 60
53 11
88 12
17 84
85 75
71 11
86 76
42 39
73 71
34 73
54 54
29 40
71 44
74 60
40 18
39 15
29 91
25 16
54 93
99 38
68 22
49 53
97 42
44 21
12 29
45 17
82 73
57 52
17 82
12 8
51 2
23 80
44 47
47 97
92 46
34 59
19 34
63 67
76 6
87 39
86 32
56 68
4 12
71 72
45 34
80 95
35 2
74 78
100 21
74 91
18 60
1 88
45 64
54 20
21 40
11 7
23 18
26 79
81 48
50 25
34 81
19 68
34 93
98 86
65 23
76 34
34 77
21 79
92 74
50 12
65 60
70 40
29 47
18 9
95 19
33 28
100 4
47 33
48 96
70 64
19 46
97 4
74 69
82 65
94 84
28 10
95 50
49 24
96 66
32 90
85 17
69 36
72 16
20 19
11 90
82 81
35 30
85 60
50 18
76 43
1 3
52 96
52 1
19 48
18 2
89 54
70 58
89 41
25 9
11 87
98 44
20 84
25 4
95 74
73 70
16 74
72 20
21 76
72 39
75 41
92 63
95 62
72 83
54 48
43 17
35 92
12 54
75 37
9 69
10 81
90 78
6 14
49 26
89 20
16 63
60 8
77 6
21 49
89 26
96 31
94 82
75 6
87 49
42 95
70 3
28 11
32 33
24 80
11 12
51 26
26 63
85 3
68 5
3 8
83 50
91 76
84 65
81 70
65 74
65 86
77 44
97 60
76 20
92 38
84 42
64 9
56 48
63 76
5 17
35 87
19 25
14 2
41 47
71 6
20 87
43 48
30 39
8 58
11 99
95 46
92 10
54 100
10 69
27 14
37 61
52 55
86 17
8 78
63 31
83 83
17 78
30 99
16 89
8 78
39 54
23 83
64 29
34 73
49 60
38 85
20 41
92 57
57 99
35 72
29 69
54 98
46 35
