70 263
14 10
57 6
67 22
8 23
20 46
43 33
45 11
58 16
60 67
34 23
36 10
47 4
68 40
8 53
1 25
33 14
47 19
31 43
52 39
7 14
26 61
58 1
13 46
16 2
42 61
36 19
13 12
34 10
63 53
62 63
8 24
18 54
54 49
38 48
29 56
3 54
46 60
66 70
47 24
1 30
14 36
48 26
47 24
35 40
6 39
44 25
4 62
20 70
52 57
59 22
54 61
5 29
62 13
28 39
36 40
10 49
5 70
17 64
23 63
45 28
31 18
53 47
21 2
58 14
1 46
35 54
36 40
25 39
64 64
19 29
34 29
19 50
28 35
43 50
28 29
19 70
59 13
58 9
27 45
23 39
20 57
22 67
38 58
36 31
64 54
1 39
12 20
18 51
66 3
42 35
43 61
35 31
3 22
40 41
9 4
9 28
2 43
25 40
30 2
12 35
55 25
3 9
44 33
1 39
47 43
16 19
33 50
50 47
13 31
18 33
34 26
61 47
68 27
28 40
40 40
4 36
6 19
44 49
51 45
29 39
17 44
57 61
35 48
37 60
8 66
22 53
22 24
30 31
50 57
70 19
38 16
55 43
34 40
33 26
26 4
64 54
59 62
44 24
40 23
25 59
18 46
42 51
70 13
12 61
11 11
22 49
38 18
33 13
69 8
38 25
23 43
20 11
35 6
46 16
28 70
4 57
58 45
38 69
69 49
59 10
1 22
70 51
39 32
63 38
51 31
4 3
3 23
14 49
28 1
64 67
1 10
66 70
54 33
68 53
23 68
4 35
20 3
15 70
34 8
49 27
38 52
29 52
17 54
43 56
55 48
65 67
57 60
66 53
34 5
35 56
2 50
20 33
52 35
45 27
54 23
53 33
17 12
14 45
7 68
30 61
46 36
69 32
25 6
14 58
10 60
55 24
39 17
68 20
63 42
47 46
65 41
8 23
64 33
67 1
31 38
3 18
4 2
49 28
7 5
28 29
6 12
64 45
28 61
6 32
45 64
7 39
35 14
3 28
47 69
40 19
36 43
36 39
56 26
9 4
30 48
44 36
59 37
22 29
40 39
60 14
33 9
64 9
22 66
48 10
64 30
40 41
2 5
22 69
31 30
2 2
7 46
37 7
24 70
47 63
39 49
6 13
69 69
21 20
64 10
42 69
39 11
52 52
28 3
