80 323
33 44
44 66
23 16
15 49
76 34
37 21
38 10
22 9
63 70
15 51
37 28
19 2
1 51
19 69
18 74
80 2
38 75
67 12
42 33
60 38
66 48
58 56
57 32
16 72
53 30
42 9
58 12
11 10
62 61
78 31
54 29
33 43
55 19
54 17
52 65
6 69
33 63
76 41
14 11
32 66
41 25
27 50
68 69
59 1
49 8
32 54
36 64
17 10
34 22
58 37
39 63
58 71
78 53
63 43
16 47
61 56
71 7
57 11
27 35
11 27
74 42
32 61
57 48
22 43
22 80
79 60
14 8
2 11
61 64
54 28
30 34
35 53
72 11
63 18
77 73
76 70
67 27
50 75
27 71
37 48
70 68
59 36
75 60
46 7
75 19
34 57
4 68
61 75
78 75
12 74
19 7
63 5
34 64
80 12
55 68
59 76
55 37
31 50
48 29
8 42
79 42
50 3
61 30
77 59
24 41
4 43
79 19
79 64
2 78
75 8
66 53
36 72
41 18
41 8
46 49
2 45
42 51
47 22
1 75
80 24
35 36
18 34
54 17
49 7
46 44
15 31
16 2
55 9
19 15
48 65
15 49
61 56
20 59
78 52
53 29
27 40
16 45
73 69
61 41
28 26
36 74
9 4
75 63
12 45
29 59
29 76
28 41
51 79
19 80
50 24
61 28
63 76
72 7
65 4
79 44
62 35
37 22
38 63
36 1
27 64
59 8
59 38
48 62
68 19
61 69
42 73
17 56
69 40
62 5
44 12
48 25
46 4
46 35
66 33
35 12
48 46
19 59
35 19
40 23
37 52
43 30
45 59
5 33
19 18
37 14
29 36
38 75
39 35
61 56
67 16
19 66
13 70
44 47
8 35
21 76
7 16
25 3
74 61
67 44
78 55
57 26
10 46
52 80
32 33
7 50
80 25
36 12
14 79
10 53
34 63
48 72
78 24
26 23
4 12
67 1
66 75
59 27
41 30
26 24
62 32
74 13
8 29
56 54
59 66
26 12
80 26
35 29
49 60
51 53
23 69
5 8
16 63
66 8
45 43
31 26
26 24
39 34
4 14
7 63
31 32
26 62
9 13
42 58
72 13
62 15
33 18
54 80
1 72
7 45
34 70
22 60
45 12
45 49
58 51
63 40
34 8
54 43
20 15
52 44
59 33
10 44
50 15
43 2
6 50
78 72
71 52
51 35
15 15
3 72
17 65
64 50
25 37
44 76
3 15
71 62
79 80
25 1
47 67
2 52
68 32
75 58
3 45
13 17
11 47
41 27
64 56
29 8
44 24
35 46
71 26
59 69
57 35
69 23
54 23
27 41
54 21
51 56
18 15
24 28
13 16
7 76
71 67
3 66
42 38
64 32
15 42
21 71
77 9
14 50
63 40
42 36
12 44
43 29
58 67
9 23
34 47
18 57
33 53
42 74
10 25
58 24
19 78
46 47
