50 2500 1000000000
1 2 37799368
2 3 76111235
3 4 83270388
4 5 96578971
5 6 106074516
6 7 100884836
7 8 81529611
8 9 62404609
9 10 80212408
10 11 97046879
11 12 83558342
12 13 22542706
13 14 73198664
14 15 37486768
15 16 107721123
16 17 27442472
17 18 97773701
18 19 105184979
19 20 38035716
20 21 3309116
21 22 68855313
22 23 107437005
23 24 85895681
24 25 87074667
25 26 18925015
26 27 59527455
27 28 87404552
28 29 91161283
29 30 447288
30 31 15012366
31 32 11581984
32 33 104967760
33 34 10989939
34 35 30777714
35 36 46288577
36 37 44318598
37 38 17600092
38 39 41451358
39 40 76787056
40 41 40478881
41 42 76560827
42 43 57955387
43 44 40176277
44 45 72098996
45 46 33482593
46 47 50344222
47 48 81530246
48 49 29912163
49 50 59852819
10 26 879041
33 7 1027751
28 9 1029573
48 33 372656
6 20 212698
37 20 945940
47 35 634696
8 44 1022636
35 46 339241
10 48 368889
13 29 544725
20 2 89102
14 21 813271
49 28 12872
25 34 566506
3 45 482976
5 32 165739
13 17 571051
2 39 822257
31 15 368635
50 19 804220
37 18 816011
31 6 620153
39 46 302785
28 36 1036603
14 10 473419
26 33 4880
15 33 437890
23 18 821330
33 10 203713
30 23 391695
15 2 945212
34 50 424985
19 3 897673
36 19 1102084
50 35 770726
49 22 1073737
21 23 569538
8 11 160666
31 32 2859
20 41 588888
39 43 857910
36 5 944551
14 44 343713
12 36 443831
18 25 978757
5 42 530627
10 35 711842
39 44 548637
40 36 451611
48 28 53095
38 6 851200
46 8 850764
17 18 960427
43 24 795765
25 47 316397
48 29 367477
36 26 583105
1 12 726733
5 44 120570
43 7 976007
12 16 358940
1 26 214847
5 49 903451
1 45 1054266
13 1 5079
5 44 736458
2 33 347770
12 16 1083624
31 3 1051340
47 36 674805
46 7 1101570
44 24 444723
29 37 351836
46 42 970955
39 27 907353
14 33 160073
7 7 17516
27 6 56841
48 16 296020
25 48 686280
45 37 518207
23 43 633702
23 33 689394
35 24 1094931
28 44 517842
48 20 1043400
33 8 116710
28 31 900679
20 38 319567
46 31 412469
20 21 991449
25 33 810970
48 7 132106
16 12 840632
39 10 614342
8 1 338078
39 46 557368
3 22 289857
44 9 94077
24 40 787434
44 24 1004267
26 16 687881
28 35 390479
38 36 369905
20 44 846067
25 33 1046632
50 17 466175
39 21 196778
26 20 823489
8 12 547885
10 5 601629
27 32 682377
19 50 102651
10 42 437869
44 46 56312
15 6 186259
28 25 1091447
28 49 984936
36 47 825086
40 14 893527
43 48 125726
9 30 497589
2 28 1066933
36 18 838525
17 42 227281
5 37 779818
25 3 969868
41 22 684268
22 2 840776
12 46 119440
2 28 689642
18 49 1056925
32 31 936776
15 40 998421
33 46 69289
20 49 991423
2 28 479389
23 46 319329
9 44 157917
49 23 298204
31 47 1013167
47 36 955892
18 12 462272
45 2 1082003
20 40 677063
7 43 835563
10 41 56924
20 28 565360
42 26 934711
33 49 209484
43 42 669922
45 17 482498
28 32 134213
42 14 865121
43 11 945092
43 2 116805
27 23 809862
19 39 389565
4 39 869169
15 34 105393
1 1 955166
45 34 582366
48 2 951679
12 33 362401
40 8 507363
44 48 443874
21 19 458546
3 4 550217
1 21 495542
40 6 322852
39 7 155673
46 41 731901
32 32 914792
10 14 85544
15 4 868238
11 46 649377
6 3 593214
29 40 60026
27 31 194580
49 42 914540
44 45 114726
45 43 986131
44 25 707043
12 14 310971
17 24 706034
25 7 499965
50 20 227578
42 7 1086426
36 13 460001
40 42 468399
50 16 93120
46 23 633470
22 20 1000398
40 43 189405
26 47 644683
20 32 179829
6 18 992537
46 11 835574
16 22 260780
7 21 408556
25 19 324642
40 2 9335
14 16 779987
46 17 163782
17 8 726527
14 3 957591
8 11 587594
11 6 223488
3 40 212113
44 2 1033703
5 33 5394
34 26 978055
9 12 169149
13 39 12023
47 10 620016
23 44 90436
1 36 536026
42 11 494563
31 2 950254
4 5 207469
34 25 61988
18 16 196833
5 13 841423
32 11 852500
38 29 259137
10 29 850193
26 25 971930
28 50 858673
21 25 874144
40 35 341227
42 34 531815
12 5 65942
14 36 262161
41 38 340147
7 38 96414
14 39 952547
14 39 74101
8 10 938920
5 14 643397
23 2 55498
33 27 483585
35 2 747651
32 25 120206
42 15 288175
27 25 495327
39 6 944884
10 43 892229
11 11 88442
39 16 50731
27 35 879393
11 36 508931
42 36 590292
47 7 712110
3 3 1075906
42 48 705500
25 24 670579
42 37 318184
5 16 192765
37 1 962634
33 27 247652
11 43 317582
6 26 102422
41 35 6952
21 14 263059
25 4 506264
25 21 1035471
12 21 876097
50 12 1077987
11 21 985681
8 39 76399
13 9 212312
1 40 1017164
22 47 690296
50 30 735678
36 6 450960
39 48 92486
23 13 49242
4 35 334407
41 6 357283
42 4 784528
19 13 395587
28 33 459136
14 4 661946
6 21 247456
15 40 729373
28 4 913873
19 50 104197
23 30 600015
26 44 934340
6 24 633662
38 7 871803
50 36 68488
17 36 533824
46 41 100487
19 23 183381
12 3 238262
18 19 12933
42 8 638843
2 27 874297
5 45 725726
18 36 145879
31 48 115823
43 27 1019909
23 8 26313
11 15 866569
40 8 586895
5 7 501006
23 49 200784
7 27 744379
8 48 564363
48 31 5468
31 15 567083
19 4 624878
11 46 1077895
14 2 814343
45 16 34329
28 37 180870
23 31 770407
13 49 1040612
10 5 107541
46 14 998050
33 27 879261
15 22 7174
15 15 800720
13 18 70252
40 16 1068413
18 28 498913
20 28 732236
18 13 1071483
42 35 144400
18 22 378791
9 22 97778
41 49 219842
8 5 74864
31 34 20631
11 48 111389
24 43 66691
38 8 1067060
49 6 149520
46 7 782312
50 43 115315
1 18 112751
22 46 190096
14 47 1026757
45 41 429869
10 12 233629
35 12 616921
44 46 152924
30 46 980086
25 35 300155
12 42 158892
34 3 849341
12 42 707479
17 13 992809
48 44 28781
24 19 832737
22 3 203376
21 26 699773
30 48 865496
29 44 1048869
47 32 72612
7 27 383436
36 18 379866
14 20 441729
22 22 997135
41 4 539059
38 43 459757
43 30 771892
2 46 547209
24 2 311111
24 20 125646
6 43 601290
46 13 827195
15 32 774527
36 33 757577
20 40 551939
20 18 253481
23 19 440185
38 49 1059968
17 47 511338
11 16 628830
30 8 938620
26 11 230183
29 46 772439
31 44 799464
8 38 988403
23 3 750266
31 38 333784
38 5 967519
8 9 577519
29 31 835624
37 24 784970
13 8 858112
19 23 912293
29 31 756701
18 26 864861
3 20 665693
10 13 150250
39 18 27010
37 28 36759
3 6 986580
17 48 457064
40 12 1043842
37 31 872539
34 31 1051572
32 48 701007
34 6 475978
50 16 831583
39 33 555028
34 41 943613
27 42 535723
31 9 36635
11 24 713904
38 20 820740
11 3 905285
43 24 797741
42 1 295525
20 8 46555
34 15 368255
15 12 567827
34 6 942834
31 21 307152
39 7 647925
29 6 290001
42 37 488426
28 27 1042558
38 41 751498
5 28 49478
8 39 93425
17 26 1030062
24 22 55743
25 12 934436
3 2 977761
49 33 489822
3 46 561063
19 42 1030021
6 12 627162
20 21 608802
38 47 433893
22 14 792751
22 34 731856
9 15 287447
13 5 475840
35 4 450536
38 22 926571
17 45 42528
26 47 886727
10 9 1094490
5 27 406633
38 29 861332
39 42 984148
9 13 249940
2 34 637781
42 19 931956
2 6 998775
1 13 1039931
42 19 141758
2 28 1098622
21 28 880410
22 18 1105939
11 29 49936
43 43 1035909
50 3 147607
25 24 676664
24 32 1094748
3 12 31262
5 3 76198
22 33 540470
37 21 1058851
11 39 969754
24 34 412194
33 40 784908
15 19 376926
14 49 1083839
34 20 726729
29 22 75893
18 37 255581
50 21 6719
11 11 445908
46 23 426906
45 36 824051
28 7 341877
28 31 156597
31 45 1036308
47 38 511670
21 39 652406
42 44 280410
38 17 393951
3 32 1061848
5 1 1110962
37 41 9809
37 16 935693
4 36 667857
5 25 426645
9 9 492074
1 35 282652
24 43 996036
45 43 108290
20 14 170936
26 42 1060070
35 38 158742
37 25 179950
14 17 796962
17 1 535931
38 18 832280
16 16 291078
50 1 89225
13 35 601662
9 18 1055786
17 4 661875
43 6 655030
17 6 1055385
1 23 912358
21 30 479741
41 50 150842
13 16 514503
31 34 598827
19 6 904003
33 33 1002827
38 27 367700
32 40 15224
37 32 619542
9 26 616925
1 27 426875
43 25 870401
19 25 442164
44 39 1066626
20 34 967220
47 50 46206
40 30 1110834
22 25 87480
16 25 944444
39 11 1049735
48 37 459320
20 42 1058777
39 1 558128
50 29 612536
28 18 194632
18 27 1106093
1 14 693757
33 13 354859
19 50 960130
28 30 1017443
39 30 731337
33 40 689502
35 4 406292
21 42 110780
5 31 373479
9 17 296601
19 8 263052
50 39 822984
4 27 738203
39 44 1104825
48 28 831486
13 14 800081
44 10 859842
38 8 414366
2 15 965490
9 3 230732
17 27 1085989
16 15 550960
7 13 847149
21 35 816117
6 6 705897
9 2 138907
43 44 41106
46 23 374304
17 11 726829
28 14 226151
20 15 334466
46 13 992925
28 33 145593
16 35 180969
6 33 882814
40 30 301212
46 17 228217
48 14 370026
20 36 527836
11 23 552566
22 28 782481
23 1 31534
19 1 165056
1 24 355339
32 26 563593
13 20 427434
20 45 224794
22 3 699600
50 35 933277
27 50 886556
35 35 540161
15 18 902988
20 34 40154
37 21 1106830
8 14 818274
4 7 1092148
45 38 922274
2 45 777537
24 19 328042
36 24 877712
16 41 67400
10 39 66903
22 9 38542
9 41 871081
43 49 1021953
16 47 960660
10 5 427636
20 38 640506
36 7 973833
3 27 1050219
39 12 825702
15 23 783938
47 30 1109937
14 50 246550
21 24 901640
11 4 1064314
21 28 421715
48 19 599049
3 40 1003018
27 23 734331
3 26 881961
6 33 458523
2 7 1043044
19 14 331752
33 15 662550
19 33 1062017
12 23 204722
1 23 223308
35 28 1027537
26 2 75215
4 20 974777
13 45 225955
2 44 677393
23 34 643249
36 41 399303
13 7 194752
28 48 125983
41 15 506035
31 8 654269
44 1 836161
25 22 408304
40 43 950781
44 25 954539
9 8 618536
48 9 888115
22 14 763985
5 17 379361
36 9 949929
23 24 89593
16 19 575652
29 49 598583
4 4 1093747
32 3 74323
45 35 749839
2 39 200481
11 22 1092558
20 40 507980
20 45 189700
19 27 883363
49 29 915208
24 32 47054
38 20 43729
1 2 83480
18 46 961800
40 42 1108040
40 15 502575
42 33 1038626
18 25 787812
32 38 666345
31 20 93602
19 30 106249
3 17 32072
47 16 1070549
15 25 972392
2 27 536225
1 22 1075
21 23 1005152
24 3 32917
23 33 769004
18 19 593874
4 2 880353
25 2 489872
16 47 414223
26 12 611449
41 39 199315
22 24 373423
2 49 232401
16 6 809594
31 15 513738
48 22 664509
44 17 613303
8 39 857571
46 7 45607
48 14 14893
15 34 674899
9 27 333605
16 24 597694
35 27 954155
10 26 91450
31 10 241680
8 41 900355
44 7 492967
39 45 660445
3 47 395177
50 47 433458
6 39 38265
27 10 630432
49 48 1032955
20 8 110584
26 35 816797
23 14 548569
31 32 414997
13 49 741017
1 50 408802
46 5 137355
3 27 1013008
45 25 723670
25 11 507478
50 13 483159
27 29 97319
48 28 456850
11 46 838218
35 15 536131
34 2 812306
49 38 522697
45 14 349714
10 10 851203
26 34 884136
27 14 393943
18 33 888437
34 22 104390
10 9 690526
34 11 1062796
6 42 1101478
7 5 451795
4 41 660773
36 37 627349
2 48 470482
36 44 891809
43 18 668619
24 22 710561
37 38 1026030
20 30 75217
35 28 896684
14 41 1001087
16 41 465071
1 13 125138
22 47 772577
24 49 1048584
14 44 107988
31 35 803011
16 39 763218
39 21 915159
49 32 745152
11 25 976239
37 31 919740
49 35 29557
37 36 543844
36 17 969554
13 48 270349
6 1 976326
27 35 62218
2 13 797627
12 36 298207
13 6 963461
7 6 90689
24 20 915802
30 46 773575
35 8 1020651
10 16 212220
45 3 975001
27 43 666405
16 20 277972
29 44 1021625
1 24 817217
36 23 611393
42 33 685931
13 25 349942
13 42 375281
45 35 63247
48 16 608022
45 20 75629
8 23 176861
8 34 823698
18 46 914030
38 24 174878
37 23 101333
5 40 830670
30 18 402590
49 42 925523
11 43 619062
42 18 217815
21 7 291866
39 9 764815
44 36 616394
11 37 659221
26 48 706058
5 12 599880
22 10 596003
36 9 579994
31 32 1754
40 24 670061
3 43 828572
37 39 170210
32 40 910369
47 49 936212
28 14 648361
8 47 843327
13 45 340622
34 48 833021
18 49 493284
13 5 692504
47 49 1090936
28 21 1081705
1 45 40210
46 45 942364
35 13 328795
19 5 240065
29 27 866625
16 42 1094021
8 11 895543
23 47 222354
49 11 663789
39 22 279027
37 35 879481
45 21 432499
44 49 1061731
17 12 346024
23 40 933968
40 8 392005
33 31 927899
34 12 466108
8 49 1007698
31 20 637144
28 2 450230
2 36 170323
18 23 930605
29 3 836882
35 7 562787
43 12 1101
26 18 134407
18 24 903058
31 6 101026
13 38 382840
5 4 444350
19 11 432413
23 44 47707
2 18 1063932
40 6 782871
48 40 631974
2 13 295942
26 4 984760
50 35 746767
48 48 984799
50 43 953993
45 28 22870
2 45 212061
1 19 309012
50 39 938319
37 40 610051
21 42 1015618
6 7 8292
7 21 111965
47 2 212793
46 31 171883
26 17 342
2 36 197134
47 32 611458
42 23 916523
16 33 120984
6 27 623738
33 34 986934
31 24 1053725
41 35 22937
32 2 307327
7 14 827058
37 37 700280
10 36 351531
41 9 147912
1 2 593445
1 3 256049
2 23 846258
24 18 968667
9 4 953508
20 29 762486
18 25 44921
14 30 98745
33 46 782695
17 8 321620
16 33 935579
14 30 718003
11 18 1069335
19 7 859106
25 8 594177
45 21 335364
31 41 500042
47 50 702973
31 29 886129
38 1 867812
8 7 261682
37 12 939064
2 23 293406
38 44 403947
34 11 788036
27 36 277552
43 27 40607
40 44 47942
18 49 760455
11 36 181579
25 29 187262
39 26 1106585
36 9 1028094
46 38 338979
3 5 443108
28 15 251687
7 41 340768
17 49 82747
4 44 803148
40 9 987723
29 26 313762
14 28 740427
49 43 418219
16 28 1084624
32 46 116112
31 25 94006
5 23 795348
27 3 468315
46 12 471754
27 28 858283
38 38 256643
24 3 891116
15 8 519882
18 48 939094
10 36 1078177
50 33 342489
38 5 329159
30 24 197354
32 14 614563
37 18 660070
37 5 944942
42 6 168604
6 34 382527
48 3 731979
29 6 433433
47 3 939759
27 14 323203
44 44 87408
12 28 38527
43 2 1066251
34 17 26007
12 38 710289
23 46 243337
44 12 428312
6 15 33441
8 3 957549
38 2 227612
42 18 246431
4 19 678898
22 40 867978
15 11 481239
34 5 431229
39 39 973637
23 30 673352
40 17 889406
35 35 1020322
46 36 59022
40 48 1057672
37 32 257532
24 47 622924
34 10 456029
5 49 115806
22 30 883868
14 6 95317
9 2 661359
35 12 786282
5 21 93666
14 18 5411
14 1 553634
41 9 800222
12 29 432863
14 9 516140
47 10 362264
11 36 701946
41 24 891965
22 16 1041461
29 11 959447
21 28 661171
7 18 270206
37 8 913187
48 41 1014433
26 2 453719
14 21 668823
34 21 751315
41 16 342311
35 6 604450
41 31 579687
20 13 616712
37 37 897515
24 28 390517
37 4 191185
40 9 612398
39 15 318222
12 26 830691
14 40 832239
25 6 948160
12 11 12507
34 43 924139
24 35 672399
19 43 204930
40 42 531750
1 50 83701
35 43 552992
28 26 938566
19 3 473986
5 44 584572
5 20 390734
48 29 298518
42 47 1041110
4 11 552648
45 41 727280
44 35 891260
9 37 153726
43 31 726577
34 36 1093904
29 12 500843
1 14 783054
10 20 600203
8 48 924076
41 5 681937
23 21 801548
18 29 217894
49 37 679040
46 33 41104
36 39 725990
40 3 629371
4 29 1028685
41 12 608620
36 43 382223
26 50 64918
25 46 1036003
40 12 1037815
13 20 651327
7 39 664678
37 33 425542
1 10 983063
21 25 787717
26 20 78352
9 2 432447
37 41 459878
36 4 2459
9 39 1021910
45 18 171292
48 21 758495
31 38 680007
1 47 867065
31 39 785694
49 4 1042085
29 15 876017
29 8 723855
34 48 4516
13 49 976644
13 16 197667
23 7 112535
27 11 963300
23 7 859145
3 50 1011145
21 37 653433
18 31 323188
45 12 732883
6 12 1102321
10 23 412170
16 3 998120
12 35 451089
6 18 979459
25 34 906470
10 45 289141
17 14 50828
49 9 226671
6 15 144654
25 30 161001
23 37 322528
20 9 165579
34 18 253040
11 31 1030324
16 38 585832
36 7 846746
5 24 562598
15 44 97507
28 33 223761
32 15 688293
44 45 286993
26 11 706835
19 32 673650
13 22 705440
4 19 480748
14 24 514544
5 4 1062690
47 26 456352
5 17 148926
11 9 65489
5 47 787682
14 33 818488
38 34 35296
22 2 127634
20 14 918134
11 12 570430
20 4 937859
28 28 366031
24 12 615244
24 35 67355
45 39 503661
47 22 190855
21 45 725458
50 46 143388
45 22 743506
4 8 1010479
30 25 314137
32 10 819338
49 50 840081
41 48 19630
50 7 470104
31 13 319742
36 37 218217
42 35 213855
9 30 922238
32 35 839484
9 1 159982
34 6 698890
9 46 788215
8 31 305351
42 15 927183
11 9 919192
36 22 239747
34 50 267561
41 22 141422
18 6 901775
42 9 320437
1 3 569677
43 22 1050467
14 31 568156
24 10 214734
22 1 1079377
43 11 711715
30 6 908089
49 50 432887
35 45 378811
40 20 644626
48 17 383154
39 38 14350
45 10 926024
2 31 684416
3 30 365707
45 30 512566
40 21 1014106
23 22 1022137
40 17 88303
47 47 176335
10 19 323831
8 10 1027107
11 37 349943
31 42 679101
44 15 1033833
14 38 371482
5 12 165424
36 43 42752
26 14 1101880
36 44 679108
44 13 307754
32 4 1049464
2 37 733999
10 46 457576
12 14 840232
15 14 505486
50 19 405094
32 39 80403
33 14 982467
22 10 332952
16 4 595877
39 38 36032
17 37 73101
10 34 672914
33 38 629688
46 23 1089740
24 8 34875
14 42 896223
11 6 910170
36 6 49265
10 39 846334
1 5 26590
24 38 75536
13 20 808464
37 33 490759
24 26 103774
31 6 846119
39 7 440607
37 34 1049465
7 47 1002919
10 21 381886
21 36 567722
25 21 71141
36 9 758325
22 47 19379
36 12 23248
45 45 326154
46 13 921462
50 22 758808
30 28 77995
14 42 767299
23 29 219068
35 35 485851
4 13 696291
36 47 875000
25 17 204083
18 24 667168
31 32 1040955
46 43 393254
7 33 1055037
22 46 924991
9 45 630641
46 48 929332
21 44 609480
12 24 112546
43 19 1087005
4 6 1000515
36 39 718422
9 36 185134
13 44 200388
48 37 51622
47 11 364758
32 35 838262
31 42 834167
36 11 446944
40 44 1070437
1 9 273764
21 46 1084682
37 2 718726
17 28 259651
29 7 328452
1 33 293602
13 22 877045
34 46 1044908
48 4 524422
5 1 793107
45 47 4440
1 27 296810
26 49 59982
7 46 453855
11 33 241680
7 7 79911
48 41 1076514
23 27 933973
2 24 1050060
39 5 754760
1 22 943321
13 46 226048
18 4 1023110
1 22 502834
18 1 1062666
22 6 220972
11 37 956845
22 19 601652
30 38 1051159
47 12 790030
17 47 235997
40 33 1043934
15 24 992807
16 34 28728
48 34 181804
27 33 780446
45 4 390534
44 12 1084384
24 18 79772
6 35 22215
47 41 27025
22 26 1026703
19 16 673932
37 36 793659
33 44 51870
38 39 502796
7 25 129074
30 36 639839
10 18 26808
14 26 172541
22 15 989393
38 22 909201
13 16 379962
39 23 576596
21 43 503257
50 27 377917
33 1 146939
30 32 352616
20 46 621274
47 13 330367
46 9 417924
3 40 433018
43 42 494127
22 14 80012
36 7 691124
1 16 545879
16 4 751254
10 49 905006
23 43 162183
43 2 650814
1 44 182965
37 35 620797
23 12 1054594
39 8 708665
50 19 638736
33 34 311397
11 7 268559
11 49 1103572
43 1 817348
24 28 486231
18 11 833236
28 48 223213
28 19 724811
15 22 539535
25 1 368723
5 39 208052
5 35 464012
1 13 855977
14 32 495317
5 26 315505
30 12 394647
8 31 537345
4 46 443446
48 12 120293
39 26 626377
50 43 308990
9 2 645223
27 15 672770
1 26 558164
14 15 1757
37 40 919906
33 8 68946
38 46 281375
10 18 493763
3 43 193440
4 20 130615
44 20 496921
21 25 212294
18 1 809910
20 14 865255
13 8 665969
23 37 98627
47 33 932070
50 13 1067321
13 48 952689
24 41 991654
43 9 1009466
41 50 621453
26 10 343189
35 34 1060683
50 9 50975
29 45 368494
32 33 564741
20 46 247952
46 46 83705
31 36 176245
13 34 316314
24 8 756236
22 24 513600
45 36 195118
27 49 853972
5 23 903534
12 25 917174
10 38 431220
26 24 1071374
43 37 153420
7 4 615608
19 2 499679
12 15 519886
1 48 256999
30 7 730210
2 26 46701
4 26 697996
11 3 283250
4 48 831771
46 45 856181
2 17 735009
29 19 490107
26 36 882341
17 12 1030081
26 2 869929
36 31 769063
17 26 1037692
34 46 198998
2 7 340989
31 31 7263
46 41 615211
36 48 1023572
4 8 488691
44 1 822945
16 5 330578
35 19 450123
18 36 178365
35 8 789309
38 28 923592
24 47 248404
20 6 569370
33 20 912892
44 21 459886
32 27 555002
8 36 995406
22 27 255305
37 23 390465
21 37 590315
44 2 24556
18 30 311219
31 20 926114
47 50 306403
35 40 392315
12 46 691080
14 14 528576
13 32 353302
47 5 403700
3 24 183128
37 34 254764
38 33 229713
31 47 680913
25 6 801720
46 27 928409
44 23 1107504
23 33 679624
10 24 384447
35 10 996836
48 18 14089
48 1 224144
34 45 1004975
40 46 728727
43 40 319023
14 42 517312
14 34 1062264
9 10 300267
9 33 82304
25 48 691548
19 1 785055
47 12 674965
27 39 565499
39 36 910890
28 26 890453
16 30 645215
39 16 526809
20 50 179615
24 44 424328
34 7 685010
12 46 794669
45 17 408927
36 4 926298
4 29 759555
5 45 653959
10 17 9516
18 13 512808
2 18 845633
40 50 148226
24 3 98546
36 19 279732
33 33 733075
34 41 763885
27 7 543806
36 22 559510
28 12 742734
49 39 558873
48 28 859914
19 5 35500
4 2 432225
17 8 418785
5 30 631369
20 24 169101
36 5 196630
2 38 738011
12 7 882883
25 13 148195
5 8 725911
35 18 828983
15 41 744136
12 36 871903
24 29 1108440
33 29 930484
30 4 356189
16 25 618911
8 25 396936
3 38 146344
47 48 836797
25 22 796714
24 47 335674
22 33 250984
18 35 814089
40 6 351362
4 7 407206
8 24 1095596
11 21 330403
7 45 390206
23 38 281046
24 35 998430
48 27 430779
30 36 1008495
43 10 760008
5 26 876028
4 46 1102644
46 4 798912
26 50 868945
33 3 353900
7 44 653296
7 45 34544
37 3 925003
19 24 360669
28 29 853945
12 10 389426
43 26 722082
38 1 284323
8 46 533261
45 28 541325
39 4 1080392
14 37 518201
15 20 819713
14 6 41827
18 8 707806
39 12 433450
12 25 924575
4 27 507434
38 47 723297
36 43 435490
42 3 884520
32 20 1042140
1 40 963233
36 34 66547
18 6 824406
48 19 849929
28 50 92149
39 24 406169
14 28 873442
28 45 262059
43 28 569549
14 42 881437
15 47 852969
8 12 767893
1 11 1015668
8 27 1064274
31 12 862354
38 21 633083
31 30 802442
29 4 1092506
22 23 84042
39 33 862784
23 12 720330
20 10 982811
23 49 246038
50 38 949908
44 34 476647
8 27 545880
14 36 635865
46 34 410293
12 15 65890
1 35 856048
26 20 337245
39 4 102882
19 30 258336
49 37 522824
38 25 580481
20 7 72109
36 16 522350
17 28 1081686
28 40 999587
48 37 982776
27 2 68048
46 46 896926
42 13 315503
26 4 997779
7 45 983084
34 47 1041967
4 1 550237
40 9 1069606
33 5 272735
22 8 84946
44 15 391039
29 13 657800
49 13 462186
21 14 443160
47 47 906879
17 24 831004
40 39 853168
13 32 717057
13 34 1085699
12 37 670549
46 8 315702
22 5 900804
23 3 381382
49 32 1107780
37 5 488437
13 6 403897
45 20 346232
32 8 1033734
26 10 123863
9 7 433309
50 29 918891
23 2 515869
4 20 1016780
47 17 659223
30 22 700934
13 43 190932
30 39 224598
47 40 650907
15 46 1006187
19 14 1100191
19 15 872
32 20 576304
49 38 1039514
15 26 161156
45 21 504125
35 24 383900
42 12 393657
13 19 164652
16 37 891654
2 17 797237
37 31 861925
37 38 362715
17 9 395948
43 11 992455
7 48 226362
24 14 533293
12 16 609520
27 10 802206
30 33 1079180
31 25 685399
4 8 614560
27 35 206836
41 24 282153
20 12 174461
14 13 884786
49 47 297109
3 3 875631
31 33 787967
9 38 1095063
28 30 624086
43 44 328526
4 40 224338
16 23 21176
10 12 276532
47 21 797536
14 27 522134
50 18 406338
26 26 377762
18 42 579391
22 46 639807
28 24 217834
41 22 539373
25 44 56708
38 11 391317
15 48 96193
1 7 720112
1 36 862476
16 21 738122
34 39 411151
25 36 604349
37 32 175134
1 50 977206
29 44 67693
23 18 449131
7 43 749406
3 6 470859
33 44 408905
34 6 396123
2 24 326554
50 50 294542
22 24 1063519
29 5 616149
45 43 144520
49 45 767978
14 45 466277
4 23 310840
44 46 214027
42 36 979089
22 50 366990
26 45 520759
30 17 526064
10 43 170724
4 33 108215
47 33 202319
35 1 362849
29 12 190319
16 4 561874
28 33 408167
49 48 681960
41 6 77886
10 26 1005998
24 28 935535
38 45 699154
7 4 640604
42 48 609732
45 43 79561
22 46 418974
39 40 904562
33 29 195898
35 18 1052278
3 14 877578
18 13 432377
39 43 131523
31 3 575660
43 5 431651
50 15 351451
22 44 1060207
48 9 1003618
14 10 786177
48 26 116020
19 49 44576
21 34 1104515
22 36 521452
24 34 854955
32 26 564353
19 25 617371
24 1 548417
28 47 680625
28 9 405911
39 43 446548
6 48 413955
15 47 208773
18 3 1006981
38 23 339299
27 22 553952
49 9 220669
49 50 1049210
45 36 157800
47 15 1016426
13 21 141487
40 13 1015372
36 21 1103025
47 3 120121
19 46 978499
38 26 310863
2 48 533095
49 46 366584
25 9 630943
14 2 317580
8 26 261426
17 43 579542
14 5 732991
31 29 1058666
25 1 231200
35 45 886100
50 39 1015354
4 50 264706
23 5 965040
3 24 492589
17 4 953139
23 46 103996
18 45 865732
14 50 607386
4 11 564745
29 22 889791
35 8 594208
8 41 598743
28 4 997757
28 30 113728
3 16 272957
4 33 1015914
21 21 164502
12 45 744966
2 39 546073
40 38 596951
33 4 1056579
8 21 966121
6 46 469783
17 46 874072
7 47 664588
13 47 299333
49 45 565342
41 11 845557
25 28 417576
2 36 469703
20 17 987098
24 7 1090586
21 49 755628
44 5 321940
26 41 932743
26 19 515909
28 39 441824
45 41 491269
30 44 127341
15 18 438916
24 23 612535
19 27 378459
29 9 1011846
25 2 1104925
23 13 592208
49 22 827884
3 7 847730
50 11 623299
48 44 848936
7 5 154286
15 10 882461
42 19 700303
12 9 2275
24 9 268850
10 35 416203
23 2 853254
11 2 1030229
45 29 288132
22 24 50305
14 26 123909
11 15 825959
36 34 1041136
25 39 297732
1 38 344344
17 37 653621
12 37 966990
9 27 403504
18 46 530323
11 8 67585
35 45 556481
44 45 925438
33 33 588542
23 39 864451
45 33 308126
6 45 805494
50 33 546650
38 7 218842
7 3 627949
11 15 768715
45 31 502186
43 30 484876
15 24 45706
43 40 655725
8 7 717954
4 1 681189
46 4 247218
30 3 288148
25 28 150540
37 46 393781
19 26 1053581
25 16 625950
42 36 483232
24 25 673214
26 23 176470
38 21 72739
3 18 748775
40 23 176065
28 42 616167
6 31 1058583
40 40 6411
34 17 702180
31 5 1036470
22 38 446694
10 26 200159
21 47 787223
17 23 1088949
12 8 740909
27 34 1090854
38 26 896868
25 22 316299
43 28 686988
45 7 155925
38 19 826811
44 33 290708
18 17 484172
14 18 594619
43 2 239528
13 2 886402
33 42 475545
48 7 132049
17 19 803648
41 6 980223
10 45 18618
49 39 381298
13 12 112195
32 31 639154
6 20 195145
7 27 663346
38 49 276633
6 21 644282
34 29 51880
14 13 751658
43 36 407315
10 33 315777
15 27 405135
34 25 672656
31 21 550098
24 41 1023553
15 35 31374
47 1 1031470
3 23 131943
27 45 842757
33 1 1041625
43 21 673108
50 15 769034
20 12 73653
40 15 806877
19 31 143938
45 2 807610
14 34 472641
1 23 339128
49 33 775263
19 43 223234
34 29 36845
39 49 448240
27 15 448944
10 49 897394
25 40 224912
33 25 760962
21 31 849968
26 35 1059035
48 18 1020126
24 7 502449
47 45 47190
42 25 1067554
30 44 944865
41 38 275189
33 15 22438
3 14 1041211
24 3 930691
47 48 553757
47 48 19298
2 8 331913
22 48 346111
29 42 359781
29 2 429583
46 8 285181
15 10 703817
42 22 935425
47 46 863104
26 5 1002204
45 16 216906
33 18 88605
18 40 406884
8 8 308724
42 45 202469
31 21 49755
50 12 892033
14 24 468931
31 14 896376
15 40 1049009
18 42 779222
40 36 878890
32 48 797983
28 23 888289
50 3 27175
9 36 810141
31 20 801371
15 39 120101
31 41 56992
4 33 305891
42 39 828309
8 6 475764
7 39 858249
17 34 620448
33 33 70099
48 6 795853
10 47 807858
8 37 965901
23 22 1104415
22 44 752842
4 42 1013280
34 19 633105
44 11 921570
31 16 130282
49 22 458565
49 19 886301
24 18 57248
37 11 324200
42 10 217484
9 10 221844
8 17 155355
2 40 615628
39 26 771650
45 11 314042
14 25 338863
9 31 455448
27 15 979389
30 11 408529
39 26 459291
35 6 966776
16 17 214128
32 2 277848
20 46 489585
47 10 530384
31 6 126937
13 41 431512
2 44 114584
21 31 958911
28 38 951829
17 8 725449
16 14 966708
13 19 322373
49 48 637486
21 30 278154
3 33 464274
8 5 919625
46 13 139740
10 46 621880
50 44 812152
19 44 926223
13 7 118098
12 30 995125
14 45 1059213
12 14 144662
28 45 265065
39 30 955141
4 31 183992
2 39 1015261
21 30 152190
19 20 473329
26 38 181329
2 26 656238
16 24 814392
21 42 47986
47 7 341063
48 36 633413
45 45 335360
42 33 277412
21 15 546657
50 41 356152
25 39 38163
26 10 207203
20 49 831924
15 39 703691
40 32 333790
35 14 73829
47 46 758502
32 27 84669
21 24 669077
23 48 763049
47 36 753419
47 44 1036337
2 1 947189
37 22 441880
39 48 717540
27 48 140722
40 48 691122
24 16 814747
40 44 433230
23 1 800968
7 28 496942
44 37 79054
18 7 639785
49 4 689524
5 11 691386
5 42 602744
49 16 515371
10 39 815327
39 38 954098
1 35 703223
46 40 648985
33 24 161933
8 14 969076
31 33 266534
25 8 1093839
28 24 848930
36 23 340822
42 7 1039340
15 13 123259
35 2 1087527
46 5 651800
38 47 515393
5 28 242058
1 13 309190
17 4 1031457
1 9 218297
41 22 1076589
29 17 895432
16 31 817889
30 42 111250
50 15 712306
21 38 71427
43 40 1108395
37 50 162998
24 48 986250
24 48 982429
39 6 835398
14 40 934722
33 7 311555
15 24 1090224
7 31 522840
40 17 799848
36 3 962793
4 35 1109242
35 10 224877
17 13 27111
39 39 708435
2 30 673884
43 1 243846
8 49 288123
17 50 406493
16 4 886492
29 35 1012662
38 47 685134
1 33 521807
32 12 948332
1 32 1067275
20 31 902217
45 13 716512
18 28 135132
32 43 998676
9 46 827520
22 6 810785
27 43 736273
18 12 427932
48 15 126356
50 23 1092207
28 12 862917
10 8 390327
32 11 510650
9 24 188926
13 31 377470
4 6 260252
10 4 344311
32 16 444064
11 14 924421
13 24 789698
33 26 1046815
38 23 184171
2 12 241798
35 13 657319
17 30 979695
28 20 221126
27 3 247320
28 12 552498
20 6 1082066
41 47 990015
5 41 794787
42 15 557993
28 25 718191
43 22 848281
26 49 178057
29 14 704064
40 2 109763
16 14 60481
11 2 195165
42 43 622491
9 39 922803
5 29 207553
11 4 982063
10 48 738679
25 8 1019483
48 19 280113
4 15 815080
21 9 961013
26 50 1025567
8 27 1039052
38 34 781824
34 38 581641
29 8 668462
12 5 1058702
44 28 612345
22 41 725140
35 22 374946
19 37 42848
31 41 997735
18 34 1029646
38 28 829859
16 2 929348
4 43 107412
50 1 559435
24 15 1044878
24 43 869244
21 23 204720
31 24 924343
27 30 121067
38 21 374878
36 23 651653
22 13 51540
19 25 433825
11 30 654372
38 10 292001
13 22 697670
27 23 718539
44 18 1028039
20 32 244079
2 22 951824
38 26 153662
5 16 184028
33 1 630014
22 48 1032363
36 17 449933
19 1 507154
43 33 1031574
9 50 16191
10 29 80913
36 14 330971
46 6 177942
6 49 885490
20 35 849418
16 12 406897
13 38 420012
17 20 918011
22 6 139594
32 9 62066
17 21 605048
29 21 803408
35 3 229861
48 23 366895
19 42 583739
48 21 816479
13 15 789742
12 27 343069
7 38 963515
42 30 473159
5 26 218427
36 4 604258
11 37 426652
1 41 177399
11 42 658736
50 31 609675
48 35 793384
19 36 305721
39 24 593241
49 42 1646
35 15 386083
40 2 974936
26 27 381525
31 35 417306
21 36 367322
50 1 668953
2 36 133341
36 41 1042234
44 50 243356
31 2 107872
7 20 132661
39 48 716062
32 47 592324
31 35 1021255
12 12 638156
34 34 544993
44 17 414117
13 13 345885
5 11 607322
16 46 43251
37 43 837629
41 32 1088205
5 23 766737
34 24 252510
9 20 723531
12 15 379687
29 33 1043861
13 21 896143
13 27 665432
50 49 1074556
2 35 238434
28 41 459236
34 30 209679
38 44 654120
49 34 203845
18 45 434484
22 37 403328
26 41 390285
17 33 811948
14 3 1072447
35 18 702653
20 13 557103
27 16 392505
3 10 774407
48 26 229792
28 32 52037
42 45 747149
24 5 943496
10 2 107730
42 2 267024
13 41 137725
45 20 296145
43 30 205965
15 45 1049726
44 21 359637
27 26 481253
32 36 1050509
25 25 718975
7 7 628318
22 13 64952
12 49 423101
19 16 457151
11 7 191736
14 14 51476
40 34 826754
27 26 272412
44 26 191250
18 26 776280
16 33 381972
6 47 680324
44 49 799494
41 44 940460
30 14 1027564
22 15 396793
35 28 712543
50 9 271426
47 47 577125
11 42 699665
23 40 1101915
24 12 910604
48 23 413955
7 4 524610
19 21 219940
25 14 351649
41 7 193733
24 50 236902
24 41 1045534
9 40 540386
44 8 1062235
16 49 747756
45 17 839914
1 41 29585
11 24 979598
5 37 423833
44 44 394012
47 6 22107
36 33 339478
49 27 591723
29 7 447450
38 6 840042
17 44 594877
16 20 633820
37 24 199688
43 14 1072818
16 9 790819
47 24 551694
9 47 200055
38 23 42261
47 14 145091
38 27 1062462
6 21 499441
26 20 513412
42 48 562454
1 31 328076
5 29 26786
47 40 718220
46 42 798642
42 43 1045047
25 7 346462
33 14 1003903
44 8 707270
39 37 704660
44 5 638479
23 17 154624
12 40 322411
14 8 576256
22 36 180921
35 48 470990
38 15 1066086
45 26 1049863
37 17 145263
38 34 317032
11 13 320862
46 4 571317
10 48 440337
29 41 866867
8 45 790945
19 20 296777
34 13 168164
38 20 595371
30 34 843327
18 22 578240
23 25 824293
18 29 325913
27 34 600091
31 50 226345
3 17 397252
35 13 711292
26 29 155630
25 37 200224
31 40 686658
45 27 1088933
34 9 424689
24 35 109414
33 10 160490
47 7 833843
27 3 34495
20 11 499682
8 23 898357
36 38 1056620
29 4 667382
23 41 921803
16 10 90909
43 26 794054
11 40 995429
39 47 371993
13 7 514039
19 25 356933
4 24 617053
12 33 148196
44 49 18068
28 10 804823
28 46 365405
6 37 711423
7 11 873456
46 17 610813
48 6 785724
5 7 539961
17 9 30021
48 48 71275
14 5 174334
33 17 32214
26 29 388973
2 30 601422
13 16 865566
8 25 17843
16 36 866522
47 23 353481
8 19 473008
48 25 710266
20 41 803636
8 25 65234
23 6 644405
24 1 462549
32 44 601085
24 27 508197
1 36 459600
2 15 323624
11 27 998637
8 11 443695
24 7 1100438
50 11 426494
37 43 294840
15 11 852393
41 22 522658
46 3 932589
42 31 489493
48 16 896531
25 50 169789
48 47 69759
7 11 614047
26 39 401361
8 25 737780
40 25 894327
8 30 407082
26 17 1046257
13 19 1047573
32 3 341893
40 40 605294
15 49 627021
4 25 475402
6 47 515745
39 16 883198
9 36 112830
6 41 1060400
40 36 923539
19 23 292560
9 19 604896
48 3 916929
25 20 1073437
5 13 853961
36 15 785646
12 44 1013013
43 34 1076387
30 50 56616
7 33 756027
19 33 1100805
29 36 859770
26 44 478626
34 41 776025
39 24 792000
17 4 949907
27 11 96353
27 37 1000592
41 29 455041
