20 200 100
1 2 78058695
2 3 82486077
3 4 19738062
4 5 44108582
5 6 6542610
6 7 26755307
7 8 23112457
8 9 66203271
9 10 26730227
10 11 34641377
11 12 79843405
12 13 55816650
13 14 32384144
14 15 44981558
15 16 90968978
16 17 79282648
17 18 22997898
18 19 35414143
19 20 33860201
9 4 1072379
8 10 646707
11 11 590293
11 4 409639
9 7 192307
13 17 301165
16 6 1417
11 12 326706
8 3 120550
9 5 526583
15 14 378467
5 6 850514
17 18 856172
6 11 867371
19 17 631532
19 7 370126
13 7 737063
1 1 928127
4 19 366194
20 20 213760
12 1 678160
15 15 200169
10 11 52155
15 6 1010921
15 12 697428
4 7 1041203
19 7 147265
16 14 1081160
4 17 346611
14 1 806003
9 7 205165
16 4 1048117
7 2 971992
5 11 757455
11 11 825764
12 15 37839
17 2 753432
15 17 60018
15 11 442349
5 11 963555
8 20 184771
13 16 180787
14 16 1046753
9 12 1053756
16 4 428817
15 18 271591
16 5 400976
11 13 78084
11 15 791593
7 12 84117
4 9 1047504
14 13 385895
13 11 410667
18 13 530726
18 14 314108
18 7 555637
3 4 647965
20 13 684577
14 17 631879
4 14 320205
7 14 960414
3 7 187837
18 18 357226
17 5 49430
5 8 803231
12 8 58265
8 11 1049494
6 7 282702
3 11 320838
15 1 439997
11 17 468019
20 14 52193
1 10 468306
10 5 349163
17 8 796033
5 20 189192
4 20 712988
5 18 130257
11 10 592131
17 4 1010346
10 1 805759
14 11 596558
14 4 57688
4 20 640878
3 2 149807
18 1 127549
18 14 977084
5 13 935364
4 4 77776
13 16 884592
6 7 123345
12 20 980668
15 8 688043
17 13 597565
1 6 636173
3 2 370511
13 4 328201
3 18 283863
14 4 671835
5 16 550732
9 16 486633
11 19 316626
16 8 158522
20 19 397991
14 9 341041
19 14 691664
17 13 932194
18 4 277765
17 8 1029424
20 3 5018
6 16 272286
19 20 1102852
6 7 917497
14 16 899610
12 4 647329
12 19 74917
18 13 1029945
15 9 431447
8 20 405860
10 8 330811
7 9 203141
15 12 761532
15 2 319770
6 15 246827
13 15 598327
5 13 338272
1 2 142062
1 20 910962
9 20 289046
3 1 326151
13 11 1064211
9 14 133747
5 14 832703
13 6 591046
14 12 231927
10 17 557487
9 13 904571
10 16 279426
6 6 179463
16 5 317379
7 5 241109
20 9 486719
14 4 437034
6 16 349934
11 14 316472
7 6 996286
4 9 4557
20 20 888177
18 14 770184
9 14 661007
14 6 935519
16 16 779300
18 15 279261
3 13 236498
16 10 974565
1 3 743835
19 11 698128
5 17 540475
2 16 213549
5 4 799757
18 6 610714
9 5 400146
5 18 885312
18 5 660470
1 1 696166
3 6 988745
9 13 784708
16 3 1081061
1 9 1054648
14 16 961855
9 5 922072
4 19 318744
17 4 969348
12 16 418117
20 12 872556
3 6 119170
8 2 186195
1 16 366321
12 10 236076
1 1 500
2 9 1032988
