50 2500 1000000000
1 2 23401077
2 3 31277770
3 4 60702810
4 5 108655262
5 6 14825523
6 7 33126154
7 8 18166470
8 9 28531945
9 10 24139879
10 11 69113204
11 12 67937341
12 13 78745481
13 14 47079910
14 15 32854703
15 16 3720851
16 17 37677218
17 18 98128063
18 19 22468080
19 20 105565810
20 21 37705223
21 22 106480384
22 23 19679601
23 24 14379876
24 25 16840117
25 26 61986031
26 27 69950938
27 28 70796944
28 29 38535598
29 30 69476243
30 31 6909350
31 32 50195423
32 33 47845549
33 34 94520114
34 35 87862628
35 36 29731860
36 37 54924230
37 38 65739103
38 39 96557914
39 40 21769310
40 41 81537765
41 42 73255859
42 43 62189056
43 44 72345765
44 45 60540974
45 46 37049476
46 47 76302409
47 48 89042212
48 49 50996356
49 50 61772876
17 31 770763
1 26 261036
16 32 347956
26 45 130108
9 10 18062
3 28 995916
44 47 911952
18 1 111484
34 18 414260
29 25 630244
3 3 215686
20 33 1042666
41 16 256283
13 2 404570
47 5 319229
5 9 253279
30 15 767021
11 29 142384
3 45 618834
32 20 468549
7 48 602393
26 21 666023
23 29 459449
6 22 836570
35 25 81870
3 14 1050243
41 43 701660
10 20 276108
37 45 59056
18 34 155387
48 19 974255
28 10 676925
29 16 1053419
27 1 40715
16 7 603194
35 13 623418
18 42 127026
41 3 766370
19 40 358763
15 13 605178
49 42 1079221
29 46 211243
8 40 704572
29 13 236798
36 7 980304
33 42 574865
40 22 978433
27 20 821227
34 35 1100494
2 35 171724
5 19 305935
12 15 118980
49 40 45726
16 13 799527
29 45 653329
15 15 1006720
45 31 879157
34 38 105948
45 23 1074442
45 31 853749
32 42 1005541
18 26 50615
43 36 338581
13 34 686503
8 26 681378
7 23 922642
1 13 916290
22 2 906016
35 24 970981
1 7 1061186
10 5 578069
29 28 43822
5 21 296539
12 42 1052204
38 49 856357
24 38 593112
22 4 57279
45 48 181202
26 29 458848
19 31 787669
6 42 83805
9 10 662772
2 24 1066902
23 30 335717
14 11 794845
24 8 678086
8 35 601406
12 26 8408
31 4 1020277
27 9 565502
11 46 1080555
21 37 805307
17 21 499942
25 41 448969
7 43 937456
23 42 46701
4 18 861764
14 22 890457
5 37 51463
43 27 309716
41 14 456488
5 20 648431
31 44 1036604
36 43 683961
21 42 417217
38 26 777314
5 37 987735
33 41 1067592
13 48 33821
43 34 1014688
38 47 858026
5 26 56857
27 6 2422
22 19 416365
25 18 146244
23 31 401425
2 31 1050224
23 35 573095
8 19 472926
22 35 424863
41 32 486562
8 11 755606
43 16 153963
46 33 165105
40 7 419129
45 9 216822
39 13 1028196
12 31 1259
17 10 840626
21 10 673303
26 35 743243
40 18 372171
35 30 1031855
28 40 208100
32 49 400282
8 38 468771
9 49 147634
13 30 409629
12 25 124074
27 16 714523
27 41 630113
50 46 62534
26 30 531588
26 50 770653
14 1 772140
16 8 798621
6 5 344028
2 45 122050
45 42 809572
37 26 674028
13 20 143217
34 23 542324
42 21 1089344
17 20 1029572
20 41 392218
11 3 618250
3 38 1087494
2 28 377230
21 18 110303
42 15 911185
11 45 942356
40 22 852869
48 13 938651
37 22 82133
19 48 554496
13 16 746861
45 40 684740
39 10 135090
6 10 351852
47 49 269695
23 37 656839
32 47 1038792
46 6 356922
7 34 504483
23 17 727122
23 34 169721
33 14 969261
15 9 675911
30 43 1028681
36 21 969711
26 14 723964
40 14 288620
7 28 794332
26 22 52053
34 27 293815
30 37 188235
43 7 118173
8 10 336297
36 2 1048574
6 46 743834
20 49 133876
17 40 360203
4 12 821601
26 18 229991
19 27 71652
26 3 1059171
6 22 67693
50 26 1049170
6 9 294746
2 42 893891
9 33 210384
28 18 971969
37 44 614970
5 28 669698
20 1 682521
22 44 406090
44 50 845825
20 44 919204
50 21 215666
43 4 940220
46 17 654128
15 25 185070
29 21 154132
23 42 341626
20 15 847429
36 10 165022
31 39 613823
19 8 969972
12 22 612184
10 50 464680
41 42 659527
45 43 493301
34 26 680332
31 6 997079
28 47 868289
20 47 170788
40 32 207030
13 43 330959
31 42 402742
28 1 1010584
43 8 837339
21 46 279749
34 22 456221
16 29 173409
38 3 804687
38 43 1017
13 31 787422
35 40 414580
7 32 828561
26 24 814828
31 41 616601
11 22 425150
18 5 336884
47 34 727187
1 1 862262
30 10 401928
4 3 782045
24 36 605261
18 29 249841
45 48 868896
41 27 131568
25 5 1103261
16 8 310282
47 49 338393
15 22 1003415
6 9 633916
33 7 671531
48 39 211377
43 19 402919
26 38 285118
10 12 1066837
26 7 902500
10 11 1011201
37 19 957810
32 35 400946
34 18 384011
10 2 22979
38 4 750623
11 33 391808
22 18 376364
27 3 713504
32 8 299514
42 16 144162
5 42 186528
14 42 17817
40 15 97872
28 10 1065207
48 15 1067597
7 32 130449
47 48 737352
43 36 1013201
47 37 776992
16 6 430815
12 21 897729
26 11 668294
18 30 534117
44 27 308709
35 13 547222
1 17 212656
1 42 1048130
11 8 93284
35 21 220690
41 39 309601
48 7 1012694
3 24 250298
26 43 429883
35 27 368952
26 45 813210
33 30 971605
31 8 991765
27 15 898414
41 46 1086120
20 2 375984
12 40 715308
35 16 838062
4 32 446593
16 18 209233
2 30 586438
6 36 335700
5 5 420577
45 6 450524
12 9 955070
41 34 1071611
33 23 263145
33 50 878353
45 48 323773
8 3 309865
32 48 518287
21 14 954915
42 50 836858
50 13 600486
34 4 664687
28 22 934309
18 36 253927
26 30 971561
19 15 517830
8 21 243583
28 15 1018052
26 35 357948
47 9 522986
41 26 552014
38 6 121793
13 32 883543
32 16 429183
1 35 753295
8 4 952654
22 46 163492
46 2 774229
41 5 1080376
41 46 544659
21 21 485072
7 9 905328
2 33 833170
11 33 655763
8 43 46949
29 36 284874
46 17 238401
47 14 216537
6 8 703267
31 1 1052812
45 21 153773
2 16 719953
26 34 2726
9 5 835766
24 34 546335
31 16 468300
46 39 191229
49 12 32369
21 4 392252
33 15 158588
21 17 1084545
39 41 242483
18 14 763455
37 24 152495
50 39 262991
4 14 245806
38 41 478584
26 12 326987
5 14 30091
41 20 280565
6 43 251588
15 40 300775
38 34 498226
45 27 652942
26 17 451205
19 34 674572
29 19 927194
7 24 460211
34 43 526595
44 1 201746
8 33 1094549
7 37 464392
50 35 263984
23 25 35221
33 23 622928
31 43 1097481
1 50 879463
16 25 947290
50 6 874668
27 28 513831
28 33 195805
35 26 206343
35 45 700060
26 37 553391
12 14 696828
35 46 1085428
6 26 619711
30 50 39338
14 42 538292
7 30 425107
50 43 696713
45 15 430023
25 22 81567
46 46 396013
5 33 290956
27 38 653706
19 48 78084
25 43 637226
38 4 1062858
43 16 995017
30 36 408852
45 41 820628
26 14 696993
16 36 952733
35 33 458363
27 41 320317
49 30 612409
41 30 593730
24 8 697912
47 9 989943
22 35 764599
29 12 126074
25 42 836294
24 27 819812
36 41 395238
50 46 665142
7 18 831674
40 34 863767
13 16 1085069
4 42 800066
44 28 660298
46 20 268534
23 3 363833
19 16 317355
47 28 412874
28 9 113038
23 41 220422
12 22 378202
11 48 733014
39 26 447974
16 50 827478
45 12 363444
2 18 430246
38 12 244738
29 8 652185
50 14 550620
14 49 873389
8 46 531223
28 48 655012
15 50 1082851
43 32 138160
16 50 385825
11 34 349252
44 42 904962
16 9 32362
41 48 350768
7 27 804766
3 49 456916
2 29 1076089
41 3 191582
3 46 284515
12 50 626313
28 2 785468
13 48 251042
22 18 434187
17 41 573398
25 19 1006158
19 10 1038652
24 28 382637
24 44 555570
36 39 297483
35 28 1104800
45 31 202386
20 41 634124
14 43 792790
50 46 126412
32 39 974224
33 15 248341
40 42 501659
6 36 65287
16 48 846750
44 48 1038997
41 41 562476
29 13 688969
16 7 933060
33 35 572987
47 19 77174
10 4 647161
46 43 798861
41 42 543170
29 4 455441
16 18 378149
26 24 1058580
34 23 508368
49 24 249462
17 8 815556
17 26 1003786
32 50 64523
5 16 1001467
41 15 1083262
26 18 627859
37 18 247793
10 11 901812
37 13 224198
11 21 1031682
43 1 1000111
34 20 603765
21 6 467208
33 27 843623
39 23 1036187
43 34 362381
29 43 18798
31 20 335368
2 6 1043857
16 12 211799
46 10 103699
39 44 46751
50 3 153206
18 29 437461
22 10 697739
36 44 849367
38 38 509169
5 31 593146
36 9 1081962
32 5 905224
24 10 358177
23 47 332636
35 2 1049128
2 32 207569
38 43 483532
22 11 502510
20 37 1049242
43 49 676271
25 9 216782
49 36 394718
20 13 422165
9 40 1107241
22 40 278619
45 1 293563
10 8 648096
2 47 764994
29 50 228051
7 48 967864
34 31 197702
23 35 687441
12 37 1009378
20 15 856998
5 38 952096
43 17 204170
6 44 570372
29 45 955785
3 28 259302
28 3 463480
4 22 969370
46 35 612876
45 6 556492
21 27 148839
26 39 54918
15 43 943088
5 25 577487
15 12 592151
27 49 974321
25 7 152665
14 39 595088
25 45 182520
29 46 945922
37 36 497924
41 41 687451
9 44 835372
47 38 162450
12 27 587478
23 33 886
1 3 212763
7 44 775296
49 4 265129
13 46 293262
6 50 315432
18 39 814739
33 38 1082073
2 47 1079033
45 16 716904
8 7 1099454
47 23 1098878
25 23 444518
20 42 406958
13 4 1100440
50 1 667485
14 7 780759
7 13 1009355
13 10 588881
43 1 1007880
37 40 235773
37 35 259700
6 33 370495
28 26 1101218
13 37 229257
23 26 107975
7 11 664609
22 1 612627
42 45 8805
10 39 131868
44 25 187720
35 20 772023
19 27 504600
49 34 1096568
16 3 269344
1 43 318962
23 2 29509
30 19 785918
43 42 780482
7 5 353757
7 33 617138
29 45 406013
46 20 508519
3 1 594619
32 27 307674
45 33 367216
21 33 372957
19 39 958988
21 10 302147
8 3 200307
8 1 91154
40 13 435111
37 13 532447
31 7 41512
33 9 70940
16 26 331531
43 26 378294
17 34 614185
36 19 264826
20 35 646923
48 6 708312
26 49 530535
21 48 1083571
28 2 1098358
38 4 4110
11 28 816066
30 6 468532
44 19 824472
40 49 960477
13 17 576898
28 44 818554
39 21 769600
30 42 777382
26 43 462244
45 32 866199
15 35 363912
46 19 1059740
35 16 1011708
38 40 659944
1 2 512749
23 27 740226
5 2 202772
5 12 663138
36 32 537903
14 24 14891
35 2 196441
15 41 281517
6 11 904815
44 5 880913
26 39 440297
4 32 835168
32 46 704522
48 38 287780
24 45 542143
50 7 408655
45 13 591849
7 28 788729
3 27 496467
41 35 173694
48 41 284733
22 15 179377
37 14 45532
31 43 775366
47 27 946371
45 25 809664
3 35 376402
30 23 597499
15 31 314857
43 47 839503
9 13 165079
20 21 1023381
30 47 282442
10 23 201014
32 47 1079995
26 39 664302
32 48 651917
9 3 596592
11 8 444671
12 11 996087
12 21 441412
24 22 512877
14 15 826203
21 29 669566
22 38 889134
2 37 595158
38 49 458315
25 49 19614
15 43 974218
32 31 360268
41 2 478540
5 5 81206
25 11 241247
41 32 449658
34 35 660091
11 19 595630
14 25 1102462
26 8 552696
44 25 1078087
9 42 398793
17 45 142564
14 8 188190
47 46 749771
9 25 639935
4 12 845911
7 31 402385
6 14 966914
15 14 791020
46 50 685251
46 48 596553
29 30 1045059
30 48 132752
1 10 663043
9 40 289547
31 32 135220
42 46 938529
9 1 439110
16 34 358048
17 18 1110344
18 36 841201
39 29 911380
36 9 1008040
9 25 367786
14 28 805526
46 20 945173
23 14 285936
36 16 996879
23 20 501587
38 24 328776
15 42 1070001
48 35 129797
21 17 149258
25 33 833474
33 35 284006
32 6 835187
47 15 908492
7 3 117409
38 13 300320
9 8 955969
26 15 579408
25 26 398552
16 25 784382
1 26 672211
44 49 332584
40 36 496769
21 22 947761
27 32 1094181
11 44 295442
41 39 95137
50 45 672741
43 22 976232
22 16 203689
49 27 196750
13 26 266623
4 35 897196
10 20 1081952
39 40 1013281
26 25 229438
29 14 203641
11 26 764634
3 29 215961
36 23 1089181
28 5 617818
27 47 463355
35 33 710440
41 22 442382
15 12 615644
40 5 629886
37 26 128954
46 49 255829
41 48 342358
21 42 954220
20 1 1088555
46 28 214363
29 1 254730
44 46 265345
43 20 585971
36 2 1067671
3 3 285547
1 3 1021922
34 10 941961
43 1 299607
16 3 4540
44 37 1042063
45 10 862344
4 14 833931
13 38 675840
17 11 87151
21 44 696729
7 11 298110
9 36 190014
48 18 267522
25 28 296286
13 33 1004011
22 7 1020148
17 30 550516
15 1 318537
46 34 27899
12 22 986975
47 45 385810
29 38 1049789
21 5 842906
16 10 921034
4 41 781825
13 11 326453
6 23 701679
11 25 999738
23 36 1019628
45 36 707674
12 25 781906
39 33 664530
4 38 1003306
36 36 93018
20 30 612461
35 31 104904
42 47 980511
27 18 119904
47 37 146235
48 40 1040918
41 31 756107
44 38 834509
8 23 232362
44 36 234815
7 10 294453
19 45 640692
6 50 146305
25 13 207008
30 47 992432
29 43 938120
6 3 284297
20 40 215190
26 45 529574
47 42 91658
2 10 984765
20 17 58886
19 44 725830
37 13 552860
42 40 189503
49 40 1042174
5 16 628219
45 37 1063891
39 4 860073
18 46 431604
44 13 592904
17 21 381142
41 13 665588
34 30 457839
42 7 274041
28 37 802263
19 41 558387
11 30 601502
10 28 1056069
7 9 223607
36 5 867336
34 21 1005497
50 33 463459
35 50 389228
3 43 527850
22 13 398327
26 44 296023
45 33 156763
29 44 870072
25 42 487452
50 4 907590
26 12 463222
17 29 1107950
17 21 842197
39 47 1057632
8 13 450080
24 27 967152
23 33 739199
14 36 816687
7 31 1088585
25 5 29773
8 30 286991
45 43 781006
39 23 423101
27 16 967449
12 38 750758
48 35 713759
45 43 88395
28 7 650540
50 30 793096
30 32 964521
24 47 487440
17 22 80671
43 30 326706
32 17 980402
24 16 446421
14 20 630496
47 11 905692
48 34 121323
45 23 774530
23 1 773972
42 46 641213
29 21 386227
46 5 814019
5 42 577041
7 13 605090
5 32 855592
41 50 939018
29 14 912263
35 12 791033
25 38 761699
16 40 591552
46 9 465639
41 41 555083
48 7 777046
4 46 845886
21 2 800708
1 11 262480
22 28 365219
14 40 369767
15 1 489785
49 29 894515
7 9 262336
12 43 1059974
41 38 896963
39 17 385604
44 10 253896
34 2 246233
13 32 1028237
13 32 174333
32 1 413046
29 5 264310
28 7 863908
37 28 363886
19 42 233302
41 24 218560
42 15 668546
22 33 407237
43 45 473023
22 14 1012272
48 17 484150
15 14 509263
28 8 783798
39 36 477317
42 29 486676
49 35 547465
47 37 51602
28 30 1034312
15 3 265225
1 23 69056
18 30 153174
49 50 1014807
4 18 944033
6 33 494871
19 21 512240
5 17 933805
48 17 785253
5 39 461008
44 10 483646
31 10 709570
24 25 709822
5 29 31974
7 39 723687
29 17 53910
3 9 1108669
25 25 12632
12 30 50465
45 43 1068314
17 10 599593
30 36 981628
43 18 524382
48 40 643476
5 31 92966
15 45 561341
48 25 1088845
40 41 964271
3 13 895258
33 49 964359
29 30 36331
9 47 95661
47 47 571974
11 44 821560
47 25 55107
18 46 853270
18 40 201218
22 48 1095203
4 16 8168
1 42 49801
32 23 662598
39 35 910078
41 29 29122
49 14 192053
21 31 738774
39 10 917688
12 33 850509
13 33 279807
22 5 628077
25 10 663503
50 34 92726
24 1 199191
40 25 878643
12 27 528736
13 15 856080
2 6 949147
41 37 1015221
33 29 994134
27 18 820737
36 45 701952
5 24 1023197
9 9 349301
22 34 610409
49 19 421401
13 33 676936
15 48 426553
16 43 326024
36 34 430231
1 31 273127
12 31 62401
23 42 851519
35 40 766659
15 38 481408
42 27 243582
9 33 256441
36 2 1085149
14 14 251293
46 47 966415
5 25 852909
45 5 751794
26 6 191739
17 5 810888
39 18 304797
26 37 51806
18 8 559981
2 46 892664
43 32 7805
34 15 726270
47 1 719954
3 36 694241
39 37 300017
44 19 611264
6 43 218694
24 2 905843
14 28 509137
28 4 301615
16 27 336910
12 23 254001
47 46 502042
18 19 486376
26 5 82976
10 18 74149
48 47 470869
3 2 230587
4 8 80397
28 22 599536
21 2 1077550
25 15 567833
9 21 310899
11 26 61179
11 50 168699
25 43 152177
23 30 242576
2 32 893862
21 45 500322
17 39 386807
9 38 1082958
49 16 616947
9 1 374872
27 39 176859
15 35 319835
24 39 721333
8 10 615280
46 37 158939
14 36 101319
46 34 874
14 12 853874
30 38 755513
49 6 697331
2 25 726599
2 17 870937
32 23 325593
17 8 465905
32 16 245425
4 43 84888
8 48 571904
27 47 997220
15 41 1028378
21 35 623539
34 40 329057
30 32 347710
50 41 585753
5 20 196766
3 17 888801
3 24 128790
12 49 452389
20 14 656782
49 31 1179
2 48 766579
3 24 662954
20 36 55603
47 17 156283
37 5 748308
27 46 1105889
27 37 1106033
24 38 625332
19 48 329567
25 11 655142
48 47 755750
21 11 367096
22 20 371121
16 29 322349
35 20 870521
42 4 1097168
33 40 377897
26 31 296412
15 28 488253
30 19 750439
23 37 341467
3 24 645085
14 10 178613
28 1 881129
37 44 396049
12 10 544001
27 34 64628
28 33 532859
10 50 293304
30 42 660826
28 21 1061952
3 1 44208
25 50 756280
46 10 81122
13 1 416118
9 23 457957
1 5 961357
14 44 718126
18 15 377500
28 44 709128
11 28 594702
43 21 970817
39 17 829225
35 13 122803
6 33 977849
38 3 542289
8 2 151593
34 48 421440
14 47 1062693
25 19 960101
23 50 40433
4 19 331230
18 24 761904
6 42 280951
41 26 847742
5 35 1021036
36 7 245485
28 9 1093902
34 20 877256
17 47 38024
16 5 525686
40 19 732452
19 47 42535
11 6 391222
17 10 465798
10 47 1009469
50 10 992531
31 28 221930
34 37 290792
33 39 699633
6 23 792228
25 9 988169
2 6 326838
50 38 193948
29 33 250962
20 16 567710
44 40 19324
17 4 1008297
7 43 439723
23 13 314046
19 25 1100443
48 19 1106709
2 7 173082
44 39 872157
34 40 544768
24 20 930112
46 31 581798
17 1 443889
1 49 600087
50 42 419539
37 45 585523
2 15 1060482
29 40 827491
39 35 1024428
17 23 141295
8 49 541723
36 8 681118
31 41 847651
3 9 928740
28 22 319960
45 27 1009550
36 37 524839
33 43 824368
14 9 455052
28 13 262814
47 50 201404
42 27 779301
42 24 694416
10 7 830435
21 6 999192
44 41 437442
6 22 617548
4 24 558241
7 3 733946
44 29 258478
35 17 761611
47 31 868263
25 26 24995
2 37 812437
12 1 511960
42 2 922738
27 30 283100
8 21 621083
33 25 811974
26 31 955519
46 45 113058
14 13 159069
42 40 158052
7 23 341842
5 29 1031171
48 47 904740
34 27 937671
4 27 668588
35 25 763889
23 21 10038
27 30 864269
1 44 600795
46 13 239234
1 14 822856
35 13 411017
29 15 537163
14 47 806597
41 44 563598
19 45 324544
46 39 679828
22 10 901486
23 46 748236
25 40 511897
15 29 1047822
23 21 619115
32 42 340492
5 27 1018662
15 31 871935
40 48 747828
4 46 127833
42 1 540090
27 29 976863
41 7 479420
34 48 7801
29 14 1109384
4 6 332261
18 19 136333
25 5 1110003
46 14 757367
7 31 37510
32 47 221468
1 7 826467
31 44 848966
11 1 231227
16 33 305147
50 23 1061624
15 19 229821
8 28 56564
45 33 85158
23 14 223235
26 5 830073
17 36 12586
23 46 152863
13 6 377654
48 35 292262
28 30 513561
36 8 781874
30 44 156253
32 49 221313
12 48 580305
9 50 1059774
36 19 488281
47 13 120159
27 31 288872
43 39 765354
19 9 1053612
35 28 427240
2 1 409173
16 16 72773
42 29 819498
50 7 798257
24 5 16996
43 4 708907
7 48 1028915
25 27 611155
30 29 22020
39 48 4643
44 4 230902
48 32 352842
39 10 191012
16 20 744514
33 34 815240
45 42 783671
44 46 911367
43 17 397715
38 7 545621
3 4 353865
43 16 378148
28 41 135151
19 41 547497
40 8 658831
7 18 82175
29 26 399449
26 18 143811
44 21 799769
16 49 20601
16 35 85837
42 42 643162
44 6 209174
9 24 900818
34 25 690751
8 19 647685
43 45 1065746
50 12 641369
34 38 393913
34 5 398256
9 14 287315
20 41 742780
15 32 37944
43 18 203712
32 42 524336
28 6 599001
8 14 854065
25 50 503471
41 28 1106243
15 15 109932
1 30 816555
8 29 314118
22 20 457352
38 1 1100895
17 45 882498
22 13 1017570
13 27 882448
42 5 915199
35 48 709260
31 42 84712
37 9 199260
34 16 1023572
11 31 7445
11 29 779549
22 19 264978
14 37 469263
38 36 533802
46 35 408204
8 18 798187
8 15 899381
21 19 744758
20 28 1101425
32 29 128605
35 35 679744
44 23 468295
21 31 679014
19 3 1011853
3 50 302051
21 35 395143
11 27 539364
29 35 855923
7 7 1074241
9 3 655433
29 20 788116
4 23 3921
2 49 298294
3 27 864938
15 8 743138
17 8 424433
41 23 728636
11 38 58607
12 39 255698
4 19 710098
7 28 832362
8 35 560653
35 16 35228
35 38 388068
45 23 15186
27 4 433220
32 45 454368
45 11 867338
4 48 890891
20 21 680806
43 13 860916
29 29 304270
19 10 668054
41 27 165915
2 22 637860
39 5 72711
35 37 102535
5 25 542103
13 13 475414
45 3 986384
28 36 864738
37 29 271507
43 10 16792
1 36 1091122
43 24 79441
32 5 1076608
7 39 747258
50 11 205689
28 36 929071
38 36 1059642
41 22 503179
49 39 622370
25 50 216578
26 34 108779
6 2 772745
31 5 388239
41 29 275425
1 2 304798
38 27 665355
5 2 608860
15 5 1009677
47 49 150620
10 10 1010079
46 36 215505
44 11 774804
22 32 942137
27 41 596407
44 20 915571
17 17 508912
41 22 916823
7 20 321871
35 36 490224
1 34 332945
15 46 839134
6 29 477375
44 47 930699
19 22 315818
8 22 126580
22 38 941877
14 6 771292
27 27 570788
15 14 409508
43 5 771869
18 43 513918
14 44 795788
16 1 1035594
12 18 420679
13 40 908868
10 35 238729
42 2 179015
40 13 577281
36 26 666130
32 20 1061683
36 43 965534
11 48 415285
50 4 31557
36 22 658487
38 30 556069
4 17 564903
32 38 1046091
23 35 68565
31 14 1059269
33 14 562122
35 43 10822
50 15 640685
44 10 84654
28 43 937931
33 11 328873
20 25 322857
27 49 904529
15 50 503658
38 48 770778
48 40 799225
26 44 311756
10 19 908178
47 19 929817
47 43 774315
22 8 609683
13 42 671830
9 17 141738
9 39 37729
50 27 347494
46 17 820984
3 23 881711
29 37 329576
35 8 247677
3 6 671032
26 41 3585
3 20 893099
3 23 590665
42 48 732822
37 31 682664
10 39 1103579
6 25 297404
49 6 438368
42 26 436315
2 25 482795
7 10 227999
33 32 166529
17 50 746218
22 15 102117
39 40 532588
30 9 716806
26 46 422539
29 40 292837
38 15 1025244
49 44 121539
32 5 192920
16 44 595082
31 45 54559
33 41 294267
22 25 919680
30 21 883396
25 32 154588
32 3 197300
24 32 215433
30 22 465692
46 32 543665
46 34 382543
38 33 561980
3 4 728537
35 3 928951
47 13 636278
7 21 729814
3 28 37419
16 44 834779
45 14 303921
39 8 383471
29 28 661647
2 18 874667
46 44 771470
12 23 440053
15 20 227592
12 20 789321
40 9 496840
25 20 631102
48 41 572889
32 34 489297
18 29 546120
41 25 368011
12 27 14888
25 34 4908
46 28 719643
50 35 78608
16 29 914516
49 39 1035799
2 35 88735
32 27 830384
9 5 719930
32 7 740094
14 28 98743
3 6 209816
8 40 706028
16 8 882512
11 12 563048
26 30 997336
44 30 237742
10 43 740798
14 17 266338
44 47 168986
40 6 802969
13 23 241512
7 41 1079454
2 50 314902
24 40 1093058
28 28 544947
4 34 16851
19 25 470978
43 25 987584
42 5 73884
24 20 541389
24 17 839906
25 7 211938
37 47 148146
44 17 716027
27 21 385817
21 43 639548
22 39 799384
50 27 423615
24 29 199453
25 2 489636
10 3 83014
14 20 809920
20 14 798889
12 5 484067
29 25 7691
7 24 457847
10 48 282218
7 45 726068
22 43 144241
31 45 1021993
21 47 1040448
9 23 1072159
6 13 466551
23 39 267148
36 36 147793
41 4 951984
19 18 565224
30 46 708495
6 2 144181
24 38 868733
16 18 201699
10 48 803722
13 37 1091718
31 30 142212
15 24 432833
1 21 162595
1 4 605528
6 28 191121
26 20 439479
17 43 296690
36 28 387424
19 7 577186
14 25 775978
4 39 647164
39 10 750356
5 16 538345
40 30 949406
29 14 134315
25 47 93193
16 18 49780
33 18 39244
18 14 358915
38 48 879344
45 42 425197
46 30 795831
4 18 468719
46 39 516567
5 10 639512
17 29 439263
41 43 637327
2 39 195786
15 13 381732
38 45 20489
48 11 460636
40 9 214348
20 29 265023
10 20 513617
9 7 115174
38 23 106167
27 31 338841
29 19 820146
26 47 28504
33 27 828261
15 4 1082439
24 31 627239
9 50 159398
9 22 985121
13 35 919576
32 10 1107314
50 46 648279
37 17 1090020
14 15 530961
29 24 489054
1 36 982711
10 22 1047945
20 11 775569
34 45 148719
6 26 419465
49 14 920726
10 5 958016
8 35 965590
28 5 417804
8 10 729502
40 44 965934
25 26 802912
31 39 584335
22 35 533727
18 48 320781
5 40 355439
24 35 420172
40 20 870605
27 32 773970
44 12 10787
3 3 1017945
13 18 988696
4 5 552781
28 44 696472
3 35 778276
47 35 152722
40 29 289827
37 39 838575
44 49 98059
44 12 778357
22 49 80017
6 49 1033633
38 9 1057240
20 42 228555
29 11 475049
36 12 794303
21 43 505468
43 31 728697
28 3 160965
6 25 605826
35 30 1007448
6 17 542317
23 14 564512
8 33 177006
2 31 972082
44 25 372708
47 38 768799
48 42 740446
38 40 287024
37 30 960546
28 15 893858
23 36 1032149
20 43 137539
27 40 335461
45 8 673316
20 16 1014152
10 22 602122
17 7 1069602
48 7 153986
23 37 908947
3 7 552289
48 22 879924
50 2 610435
31 49 1033715
37 30 837510
18 28 44592
42 6 930218
18 6 33937
41 17 899820
31 49 551090
35 18 161844
43 3 877389
17 35 602885
29 19 113768
24 19 731502
21 38 787687
47 15 506627
34 31 750500
2 28 940887
22 12 489700
43 17 738786
31 10 512468
5 38 863901
15 46 809757
39 45 681713
7 47 50608
44 12 693943
20 7 450499
22 11 882371
4 42 931123
9 39 350765
4 46 498943
1 13 435972
15 19 93405
41 2 375683
38 30 470629
20 31 496614
18 21 747216
36 10 492850
28 47 479769
22 28 485270
9 22 491616
21 32 1093282
37 26 617729
15 12 798614
43 39 789748
31 41 112591
13 45 377676
27 8 504942
46 13 659700
21 48 218015
45 26 58665
13 12 167694
2 2 71447
18 20 979571
2 50 207672
14 9 666874
4 28 42235
11 44 420606
8 18 114334
32 31 191479
25 30 690960
31 2 799807
48 18 1109602
11 35 412715
42 25 744732
48 16 913416
26 30 681573
48 9 829230
6 43 577365
19 37 1010895
18 9 675336
6 6 513256
44 23 360067
44 9 424320
20 1 592606
23 28 134321
32 47 92293
4 44 588495
33 29 104948
35 4 585058
44 5 1053983
45 45 121449
32 20 850077
22 42 348467
3 40 215324
24 8 262386
2 35 628629
21 31 413566
15 25 888186
2 38 949596
18 43 19753
44 29 532542
44 25 828651
40 27 931228
20 45 173349
45 20 721148
47 48 552547
17 24 68504
45 23 716987
10 12 537889
46 34 227564
32 1 18928
18 48 275285
17 17 225978
2 40 423994
29 27 411505
42 14 717813
46 13 302809
26 49 478406
17 43 445453
15 47 1012789
25 38 920068
28 17 582884
50 19 342453
31 34 230823
44 20 343085
30 34 1047810
13 14 364684
29 24 174797
19 43 879310
8 41 404410
8 6 567148
34 1 458382
1 5 363332
10 3 876463
26 30 844889
4 33 678164
40 30 913764
13 24 257537
18 39 571630
8 15 459896
32 2 645648
6 48 29903
49 16 280400
47 3 306522
15 41 1055090
17 14 427654
18 36 141891
35 40 386850
43 15 104914
27 19 270941
44 32 77239
8 17 550011
22 20 16892
30 1 575906
44 17 1046422
11 9 176077
38 10 210947
50 5 630609
42 4 569130
1 7 755815
13 41 864942
16 48 345398
38 14 451468
4 16 790951
27 37 412993
8 49 905339
47 6 232053
47 2 284851
6 30 902511
6 11 241935
47 25 627115
3 26 300227
22 45 655855
1 43 399381
11 46 652987
20 28 423692
38 26 951465
38 49 164461
50 50 352316
31 50 626622
22 14 939521
50 44 390801
27 44 1103425
43 33 168498
37 49 1055273
18 17 123951
49 1 45460
19 46 568865
44 26 860425
47 24 913824
21 40 174767
32 39 506620
47 7 658236
37 3 145114
16 24 767951
44 44 181595
46 7 821849
2 37 120863
43 4 336460
17 8 935815
17 34 190735
42 31 102546
25 32 743418
25 30 677057
2 21 186541
46 24 230292
26 5 517659
35 30 983956
46 34 611476
47 18 963920
1 15 472896
17 16 650410
6 8 87757
45 15 974464
40 43 993051
40 45 993457
42 23 613824
6 17 850437
9 36 429699
39 39 1063834
39 14 1108735
37 15 628904
25 38 115043
40 26 160202
43 37 906420
4 30 691695
33 2 733728
38 5 114965
19 30 96820
27 42 407600
8 4 81324
14 43 1109056
46 7 177324
19 6 254371
27 37 579033
10 33 19238
16 9 897740
9 11 133247
35 7 350108
44 15 906680
45 31 1025411
11 27 37771
29 13 831871
37 45 178397
5 45 59621
45 20 410319
7 43 957088
12 15 391779
44 23 450883
44 25 32641
14 37 44011
4 42 907033
11 41 148929
18 17 1056207
26 28 424282
7 23 40952
45 12 753391
35 32 1108811
16 28 922792
2 40 1013755
50 17 1009051
14 32 153938
14 37 301787
20 9 753136
19 29 774225
39 40 261450
45 6 233823
22 42 170870
4 27 479176
22 45 686089
30 34 576876
27 39 908476
45 47 1026875
46 31 512764
24 8 892125
10 26 613318
42 5 31776
16 14 1024298
20 26 1095399
26 43 1008380
4 45 118944
32 47 1042071
23 34 769111
46 27 798684
20 2 425471
42 19 927182
49 7 793747
33 20 980166
7 31 813608
45 49 797658
17 32 993640
34 39 1012905
32 18 202690
31 33 346320
19 34 1097711
18 48 1075179
45 29 749503
50 9 130183
4 38 542929
10 43 852138
6 36 395272
17 48 178903
34 31 938374
35 23 219002
3 30 86447
19 20 1087580
44 46 344921
18 31 498709
25 19 210084
24 38 878105
3 21 1099245
48 23 177383
26 20 199700
20 39 486259
42 6 924005
16 49 491739
40 29 3913
39 9 754138
36 40 620786
49 22 638647
41 22 705102
50 3 1005824
50 12 1013363
19 39 404037
39 47 596335
42 49 353173
31 25 1049246
6 48 144587
12 7 1093449
36 49 340110
43 11 462333
26 25 66907
48 34 426902
13 10 267875
5 14 782804
37 7 698749
27 10 11611
26 17 526440
15 27 1038208
11 31 158962
45 33 212576
35 30 75450
30 8 1068489
45 23 576472
3 46 637864
40 21 1099734
12 3 199956
44 49 277820
27 35 642595
43 43 330488
12 39 740541
7 34 190751
1 3 307052
15 33 906126
35 16 673226
20 46 1096789
45 50 483918
47 2 1079022
26 9 664852
3 47 573510
48 10 1048262
27 18 292428
22 7 500493
19 30 492862
37 19 617084
39 3 452505
20 14 585855
27 30 531803
6 17 272949
20 42 779444
26 11 212648
39 19 392602
43 46 620944
46 46 1007800
43 2 1070223
16 19 209515
27 21 610101
42 35 94238
9 22 510450
49 31 39954
41 19 374302
38 45 985736
17 38 778739
6 14 1071981
31 34 870892
26 13 602273
49 25 547222
7 34 114989
43 10 578202
13 32 520039
44 13 338305
5 19 872716
40 17 460354
43 20 221916
29 21 675357
3 28 1016603
16 21 44179
13 31 836502
17 27 708536
25 30 402005
50 17 112661
17 18 512506
19 16 892837
34 13 37082
13 38 1053217
29 42 592982
34 35 861245
27 47 1051683
5 8 61125
8 2 972349
23 43 141722
14 17 348288
6 27 957371
5 4 666906
8 31 868008
28 17 1074212
4 15 969079
12 14 296278
33 34 293848
10 41 413847
23 38 398914
7 11 1067690
25 39 986662
48 2 288255
50 28 352780
14 45 608114
10 5 760102
46 43 99749
7 38 57927
35 2 118549
5 17 646500
29 31 976810
33 39 112437
47 36 1071520
19 38 923646
28 20 168453
42 39 571378
45 5 372500
9 3 67284
27 32 61269
27 21 552666
38 11 945808
12 13 565892
1 33 644482
46 22 865956
12 23 1062950
45 1 29868
5 30 603753
11 24 480791
42 8 909046
43 9 715476
13 22 95535
24 34 969110
43 10 342315
45 50 340111
14 20 288396
1 22 604719
6 47 248010
36 4 37392
29 13 370831
18 17 243591
5 39 53136
10 16 1103815
4 22 195545
47 15 527287
31 34 76824
34 41 404936
39 15 131068
39 15 574315
46 44 1038878
10 20 782043
15 45 226251
36 23 722716
14 18 968290
34 47 543331
47 47 1057317
3 39 338684
22 26 839785
35 45 145035
5 11 311678
28 29 363549
48 2 354832
38 30 65577
32 17 1036920
24 44 713797
38 21 294014
12 23 492356
36 42 527787
49 47 82543
21 2 323654
32 14 126799
4 44 324237
25 22 513117
20 12 711204
37 38 23658
37 7 163459
48 42 190813
47 17 295717
4 21 171849
49 16 249319
30 46 1006740
48 11 800287
11 1 670173
43 8 792680
39 48 1087430
3 29 97928
15 25 1072024
34 17 391476
33 20 1084738
5 20 869167
18 43 578089
10 33 228464
45 40 529299
45 34 763957
27 45 323170
33 49 997111
29 32 557727
9 15 765351
16 10 660526
12 44 595539
4 32 756578
7 46 367315
40 34 752353
20 42 1036018
36 18 304317
31 44 448374
46 29 365087
22 43 159367
28 18 501901
12 25 720795
5 28 961223
40 16 112317
6 12 1012551
49 16 1018998
4 26 747037
42 29 1006603
44 41 856241
40 32 1069251
28 12 945111
27 16 866891
46 50 450778
41 8 1026428
37 43 7486
20 16 744038
20 25 922756
17 11 1096249
16 34 378703
14 38 39354
13 31 184467
20 14 111946
15 6 977250
25 13 505750
40 27 856220
12 1 123252
17 12 902804
41 13 739418
23 35 411869
38 7 251087
10 21 447108
47 36 213747
11 23 588071
28 13 116279
9 8 1092063
30 36 109990
22 11 62329
1 11 17864
45 42 262530
11 12 865731
8 16 643608
3 1 48426
29 5 490830
10 31 684034
48 24 914036
14 32 336932
48 43 248407
17 15 401938
43 44 687815
47 37 115928
47 13 691486
45 26 677493
19 34 110172
38 8 725265
35 42 431279
25 23 958642
48 29 195109
38 25 561525
20 43 612476
34 45 101890
30 3 240818
23 9 223052
37 10 696266
24 24 209625
39 37 377647
26 37 465037
10 25 321168
33 30 1040864
40 41 764374
33 37 188353
44 31 803456
2 29 384160
24 4 34794
28 24 145812
45 34 985690
48 2 869811
31 24 197002
22 13 195720
44 5 730968
33 6 196300
8 15 406168
17 19 247229
44 26 1100235
38 50 1079235
37 9 688153
48 1 568712
16 16 200815
12 44 530519
18 50 874647
33 40 756648
9 45 340683
33 12 215874
29 38 846987
36 36 942112
4 28 477139
4 32 978296
4 8 109257
6 20 874349
48 43 872317
17 23 532975
15 15 677339
31 17 523061
7 39 606904
28 20 262114
14 3 346771
47 39 43712
34 46 650392
41 19 719418
37 45 1103591
17 22 297901
15 45 737834
36 26 925650
20 16 839725
10 45 825812
48 7 119564
45 50 866460
24 2 310649
14 1 546812
48 9 418488
36 18 1065482
27 5 241494
31 18 403733
40 28 938945
37 34 703251
13 2 328699
42 46 698352
31 39 967932
38 46 654696
12 34 37911
17 34 402351
12 44 247319
14 36 937325
21 47 922585
10 21 227574
44 48 491626
6 7 922288
21 11 756204
28 38 663033
18 41 1022592
22 36 982234
21 22 996843
47 1 486039
18 10 777463
7 30 1100755
38 29 1050468
9 40 240066
18 18 398240
14 49 396326
40 27 1013523
35 12 60760
7 16 366963
11 15 959616
31 26 4832
30 13 963353
23 23 644352
46 35 548922
39 42 313220
42 12 102383
13 6 372968
24 5 1050159
37 45 810835
25 34 35482
30 7 131280
6 9 1058599
17 18 644010
4 40 516712
11 5 573874
38 12 401315
20 41 472525
17 41 359395
41 48 355757
7 43 103491
27 15 491216
46 20 896609
13 47 541120
48 26 702947
20 50 215063
14 40 178945
28 7 631099
47 35 1071570
41 31 290888
46 24 129767
1 21 554699
6 9 341702
4 10 174912
14 33 986741
47 14 635107
42 22 338425
15 26 484117
18 36 107878
22 45 377351
28 33 740989
39 39 232435
46 44 547198
41 30 786904
11 13 894505
29 26 14705
11 29 857207
50 40 528520
37 24 1050200
33 39 77427
32 22 413154
43 47 187543
29 30 401424
46 42 1018367
12 3 1029112
7 36 128665
40 19 873813
6 11 876274
8 34 76413
1 4 443866
6 46 455687
2 29 472523
11 40 824773
