50 2500 1000000000
1 2 15090067
2 3 109427312
3 4 29457083
4 5 86594214
5 6 58794779
6 7 99317995
7 8 2191084
8 9 10252419
9 10 16651780
10 11 30188188
11 12 50333202
12 13 94572829
13 14 107147672
14 15 55894474
15 16 25277215
16 17 46125841
17 18 100089234
18 19 3069652
19 20 74955248
20 21 55978030
21 22 89533599
22 23 62198162
23 24 73838032
24 25 18596292
25 26 101641899
26 27 93451784
27 28 5048540
28 29 71167551
29 30 26069796
30 31 29361504
31 32 104083242
32 33 8267002
33 34 49977662
34 35 78558080
35 36 102621915
36 37 53183396
37 38 40330988
38 39 100857970
39 40 47374488
40 41 59217202
41 42 62727399
42 43 80345996
43 44 108560687
44 45 104939558
45 46 68611551
46 47 63904982
47 48 37837620
48 49 37839745
49 50 52920737
27 41 128066
26 49 53466
42 35 785269
41 41 633449
43 11 907668
7 21 441233
15 21 854765
7 1 851068
40 25 512953
32 41 532416
17 40 410125
20 36 16943
25 24 991638
43 40 12229
36 49 1052097
27 4 948043
37 16 388963
9 46 453607
12 27 615555
31 15 578511
47 28 915762
31 32 233857
30 48 584909
19 15 6883
1 23 106799
30 25 300283
12 8 112641
43 7 849553
16 11 867999
40 22 360803
2 29 444443
16 25 811770
42 18 771016
33 48 532798
40 30 48868
5 49 596156
12 22 303219
5 39 670451
48 46 6123
30 32 176228
32 5 1068534
31 4 886112
18 18 886794
24 36 411487
50 48 801404
37 38 583719
30 42 166273
15 45 1002507
25 7 1093490
17 30 140418
45 18 214584
4 35 375314
33 50 88107
8 14 642514
19 37 450157
40 10 613427
28 8 1105049
27 31 909643
48 36 785928
9 39 528132
31 31 155294
4 20 515898
14 21 629988
18 14 917198
1 13 644675
12 6 375729
49 33 698282
50 31 119509
5 19 55005
22 32 242264
28 27 479174
5 2 106370
26 19 579128
45 40 256871
15 31 322665
32 16 222517
12 13 524023
17 17 899079
48 44 622281
4 9 631213
33 47 305800
18 16 679514
41 37 1109631
3 12 743466
4 21 486702
28 50 926486
42 4 885253
12 28 425519
15 24 972362
12 36 652491
49 36 622534
25 2 699433
27 24 225456
15 10 195923
4 10 1029689
19 42 112933
40 19 443496
5 25 778773
42 37 625611
21 2 996535
9 46 432494
38 38 696247
9 24 328860
30 42 506213
4 43 1095059
36 33 54192
29 37 711218
23 14 164714
49 14 788412
1 29 1109245
42 32 1047502
7 28 173011
33 10 435666
24 39 849572
4 43 342830
11 13 943476
13 1 93256
34 4 1008330
15 41 43441
13 1 190608
48 13 680720
45 5 823645
1 18 472061
7 50 999796
43 50 939355
31 7 434547
21 22 646756
15 27 894512
30 15 1041158
26 38 112010
35 50 140785
30 17 150837
26 28 70762
47 23 468015
45 30 404783
31 8 194900
5 3 353278
15 35 624623
45 48 548760
43 29 233868
12 13 344332
13 9 515192
17 30 640755
36 37 309817
12 10 968129
47 34 964373
38 49 887703
20 8 235853
28 18 271971
8 48 564851
30 44 195730
39 33 508695
14 35 156530
7 28 773223
8 28 824660
32 33 215596
11 2 327858
18 49 173292
5 18 673852
34 38 495833
9 23 174612
3 35 208929
2 34 910604
40 42 258171
29 44 791755
11 39 279948
22 21 85983
37 48 328479
50 43 371343
46 48 338245
19 40 1060725
38 46 703294
41 33 163762
34 7 493649
9 33 1003303
4 6 1037419
21 2 996010
31 19 946475
29 29 603580
45 14 1083367
6 14 115667
42 32 792560
21 19 606475
18 42 1016118
1 32 665686
42 19 276333
25 5 846384
27 20 205395
39 6 114606
2 33 298377
41 40 1045081
23 41 873761
47 40 563926
32 13 583489
27 47 581410
11 47 807427
36 34 528034
11 20 348517
12 9 384905
13 50 395838
25 39 258463
40 6 97655
36 39 743420
50 3 767967
5 19 467025
27 26 721421
41 35 321160
21 20 406912
50 16 69885
6 11 439914
49 11 1009808
12 17 524305
31 49 923007
50 42 437368
44 30 687486
45 28 940617
29 50 222667
31 32 202805
36 28 978237
40 45 899445
27 5 45786
13 49 568518
17 49 763652
26 5 79390
14 9 648567
23 42 242750
15 33 852770
7 16 617746
20 28 251581
7 4 432441
1 2 337527
17 12 33316
1 18 921083
41 12 314937
17 39 5080
11 31 390908
24 47 379708
34 50 238333
29 45 80906
50 29 603541
35 11 942591
34 49 478357
15 37 1011293
50 17 743911
9 15 741239
11 28 352725
33 33 340095
50 9 146912
18 13 567504
48 17 769110
46 7 632027
47 27 381609
33 27 489170
45 12 23542
36 21 580863
22 34 641026
30 38 599697
39 24 56540
21 35 923506
37 32 812410
14 34 999913
26 39 649890
25 44 695147
47 22 952024
49 39 128923
28 16 438515
50 17 740884
49 33 254031
36 44 56598
18 49 715030
46 5 707154
3 18 119764
30 15 141665
27 29 264474
1 2 1016271
24 18 136341
11 8 199281
18 26 591264
44 24 789736
28 39 117733
37 49 417186
42 10 508174
9 35 754664
14 16 771596
39 14 831494
27 41 1036608
20 31 545498
39 11 936446
15 38 1079005
11 43 93881
29 13 57973
17 50 880305
8 28 1015887
16 45 743201
6 11 1097952
29 14 974675
37 14 977881
15 3 553790
20 47 810162
42 11 320358
11 37 241295
28 22 1060268
47 28 385919
25 39 633925
3 2 926846
29 40 63885
10 15 1106295
42 20 919607
37 2 906090
35 36 634176
11 45 631019
7 18 80820
8 18 367865
7 12 1090641
11 37 823490
31 16 1035998
3 27 231115
23 22 1062297
37 25 722733
5 20 1108891
25 1 19052
31 50 930686
13 28 968546
6 36 490540
39 4 291446
21 24 128031
30 47 843067
29 40 31524
4 33 322179
13 25 517784
48 24 996979
18 50 895972
1 34 614451
20 23 755237
48 4 1012378
11 45 34273
44 49 54050
38 49 1056723
10 50 512954
1 41 131996
26 43 190022
40 12 975462
26 24 549708
15 32 1012004
18 12 1015693
6 42 788290
24 9 102863
32 27 222338
43 42 787514
26 6 333461
40 28 360535
34 30 957543
44 24 287360
31 31 446525
7 6 697358
50 42 1060308
26 5 59716
21 42 66429
1 28 420643
5 16 242279
21 26 751810
16 34 742581
22 42 941524
23 17 767250
12 48 399960
11 1 653389
40 28 445863
23 36 407749
22 18 489101
30 24 452802
41 38 837509
30 49 906023
16 37 885828
11 4 246349
37 35 284292
16 13 766767
37 41 375146
17 18 487337
34 25 422424
25 36 663311
13 2 416864
48 27 438831
3 34 1043787
5 10 412655
10 29 993138
35 37 1063703
16 23 61244
13 2 1032924
23 10 965996
10 37 284343
5 48 140612
4 12 834681
38 33 509631
3 14 1052435
26 9 986495
3 32 714409
14 2 161203
28 26 104843
41 10 172951
42 48 606265
24 50 867075
17 32 576132
21 20 559891
23 30 721341
9 47 583008
13 29 84715
36 6 586071
38 33 647620
17 33 856000
35 40 1057613
46 13 752615
40 41 671159
17 17 189452
37 36 728527
11 18 124917
44 44 287215
11 27 886144
43 20 939313
27 5 154565
36 3 1057532
35 41 1008385
50 25 181051
14 15 885344
5 30 301190
12 16 257329
38 17 45806
2 37 200640
36 12 1043533
9 26 494333
31 50 404414
6 41 944941
9 30 233390
4 23 787695
47 12 41553
4 38 546080
27 33 619315
44 49 629375
3 26 575961
39 47 49655
9 24 323672
31 49 538270
22 12 754514
44 16 1093074
40 29 323585
8 29 603124
1 19 209607
18 26 1084349
48 1 445940
17 47 529763
29 32 1008722
42 46 1009725
35 46 394643
14 28 14985
3 8 283321
14 41 7268
2 4 794283
46 1 166068
14 27 880281
17 34 1083344
18 42 165167
35 11 524937
1 8 902224
37 1 212566
40 2 1000236
48 29 1075491
46 10 618015
12 37 60433
2 14 840493
39 2 542736
31 9 792681
20 36 504687
7 40 411300
15 11 1096448
41 17 856469
1 9 822841
2 18 253357
7 34 97345
38 13 552717
41 15 964217
13 31 492401
31 47 160693
43 7 1047036
34 40 861886
37 15 52852
47 29 869706
32 38 1085150
9 2 545440
43 18 21990
26 14 521704
11 14 634611
24 44 856960
9 24 313701
12 16 881936
33 32 703633
39 31 279602
12 17 696748
28 46 921588
26 15 397077
13 12 589529
13 22 1086750
15 16 151193
21 32 84995
14 29 987143
46 13 563231
38 16 871696
2 24 729985
35 38 693214
6 26 733792
50 7 755207
9 15 62403
40 47 891649
49 21 1092133
39 20 64793
45 46 845741
4 12 560651
38 12 812379
38 6 34547
15 16 106656
35 6 1061704
4 10 921216
23 50 449828
40 12 652759
29 44 501167
23 43 978025
10 21 984832
5 43 596557
16 9 443172
20 25 21230
13 15 219624
34 44 346870
28 19 1071042
36 25 471144
10 19 50896
23 45 417463
24 40 287248
36 47 987247
6 38 835995
18 1 869063
36 45 1046894
46 39 1058165
9 42 182590
10 47 294626
14 47 163769
2 5 737596
30 27 1082970
13 35 114407
8 40 350414
16 21 348486
42 17 295114
47 10 472659
14 33 526502
47 28 88882
8 50 105224
47 23 268466
35 44 571651
38 16 716134
17 17 661729
13 25 748311
5 26 719294
26 25 799476
40 16 202727
48 15 585564
13 36 508182
50 41 492785
26 3 69949
48 2 944596
6 43 447628
41 10 274111
21 23 882984
19 16 722125
4 40 544027
2 7 731744
20 46 53988
2 42 1040873
17 25 1084354
19 34 404619
24 44 984946
25 43 82316
48 49 2436
16 11 780883
10 5 908068
40 7 814385
32 23 393645
2 10 494660
17 26 868471
11 32 8499
27 35 1035281
50 45 569393
3 13 607080
17 31 558171
8 26 813691
43 41 1049810
13 22 94791
29 13 594351
35 41 1090041
2 6 231963
2 28 870038
21 35 493232
44 48 961021
21 2 134932
3 45 497701
31 5 374574
29 16 278974
50 49 518368
37 33 328575
15 20 164323
20 10 728306
26 26 530358
23 46 268566
13 36 197891
12 1 643843
50 1 634797
14 49 818779
6 23 547491
43 38 336088
30 22 516327
3 18 737668
43 39 1069370
11 47 159988
19 1 811117
38 21 1024818
48 43 487370
30 22 1101832
48 4 392194
18 29 426429
7 23 687011
16 25 1019011
36 38 943030
24 22 24274
42 30 472870
12 33 193658
21 9 581881
7 50 210762
3 19 10113
48 48 1035801
6 17 625818
28 27 360319
43 46 103671
11 42 157217
20 18 685616
15 30 641094
1 34 579300
19 4 902016
49 25 249079
41 39 395020
7 10 492660
33 4 468152
28 16 835798
5 24 1027857
39 47 677281
22 38 477924
9 47 636281
10 50 615556
19 14 686843
8 2 521389
21 32 995481
45 11 1091280
44 13 18054
10 33 360268
13 5 872691
45 9 759630
36 5 184483
26 8 644927
21 49 58269
19 12 324404
27 9 759720
13 32 1000522
46 44 755967
1 39 108394
48 42 241805
43 32 286224
29 26 359281
38 36 182543
39 21 609433
24 20 1086888
5 35 566792
11 37 869917
23 20 849974
24 47 21426
22 44 779116
41 16 145737
10 40 470110
49 34 175105
49 39 449272
21 10 1102933
22 46 572248
44 47 526174
7 29 191874
44 13 21907
34 18 584807
35 7 616769
30 25 866700
35 17 1041436
50 14 530668
10 47 239693
34 40 324355
26 41 993410
16 11 1059010
11 11 957203
32 34 773534
6 45 136183
10 41 222760
20 8 314150
49 19 266035
44 7 567406
1 49 1108971
47 39 168899
32 15 946747
11 19 1025998
30 5 577345
34 11 188574
10 8 178232
32 24 876912
4 38 859941
44 29 150279
15 43 114808
9 10 893648
20 23 294521
11 47 593531
1 44 951046
37 11 151366
7 23 250450
31 24 1052871
49 16 87262
32 38 28048
30 21 584018
48 46 431769
20 18 297585
16 33 265027
32 7 486483
46 42 252116
44 37 1017372
15 38 271788
40 44 1080205
10 45 731145
9 16 810265
21 21 545444
37 19 823825
8 23 75995
39 34 518383
45 47 724133
26 49 985969
35 22 233953
18 43 548645
17 38 892798
28 7 968515
45 49 1072828
4 29 380339
44 44 551082
26 16 1082941
9 15 624795
15 47 948259
29 50 114733
25 46 620093
16 11 295954
13 13 752389
25 18 505073
36 30 364400
46 47 861340
25 33 185738
9 12 614567
20 37 108577
22 21 1074353
26 21 339390
14 28 408847
16 37 235953
2 37 392968
35 33 336982
39 39 304208
39 49 607444
27 15 39766
10 11 731661
50 43 936303
6 4 707072
31 24 173580
44 48 317279
14 38 54265
50 49 129573
22 6 802085
44 14 767520
46 39 638620
18 39 65408
47 25 668749
12 5 456831
3 4 181476
14 22 324965
12 28 175659
36 36 847639
46 31 879207
32 9 88286
24 10 907448
45 39 425972
7 38 1102081
26 47 1056266
43 40 204903
41 40 499846
24 25 32400
35 21 63163
34 9 492282
42 7 1080576
18 19 80400
21 26 545231
41 25 550361
36 30 372958
27 36 771718
30 4 969935
8 43 481227
14 11 852182
44 15 1081382
27 34 1026568
46 41 497945
49 15 177411
3 4 347385
41 13 350360
23 4 431117
19 4 992259
17 33 914978
40 4 300429
4 35 773539
15 34 777400
20 37 210502
29 43 249675
34 45 569729
40 18 850236
15 21 134267
45 27 882437
45 27 551748
16 27 792017
16 39 784173
41 48 10259
41 7 669276
40 6 781847
46 22 535705
25 16 428671
23 46 430773
31 25 892235
34 5 467079
11 1 46336
20 5 94568
25 48 351899
28 46 632757
25 28 918469
2 32 944473
11 20 321121
17 33 240761
8 22 242344
28 46 695965
16 11 638407
39 14 19423
29 24 697423
48 6 651438
8 43 471926
31 31 974271
38 35 966736
14 12 1040849
24 6 16525
37 39 496731
39 42 489685
33 7 775037
49 16 672024
8 31 368350
14 19 538473
27 38 221074
25 31 449392
26 23 1024093
1 39 735383
39 22 939200
23 48 438892
22 22 552999
43 15 276664
3 4 843244
6 29 593077
2 7 350118
1 1 1034558
46 20 997430
12 46 900525
25 35 473534
47 18 235357
30 28 1103481
48 46 812468
23 9 656246
43 3 490237
47 4 920104
30 49 580363
17 21 106648
23 49 168184
20 3 441284
25 21 44549
10 34 971998
21 43 764230
9 23 482189
16 26 920083
40 27 868023
48 20 311799
45 14 716170
43 34 389295
12 34 393626
41 11 587110
45 29 539183
39 18 397354
28 35 580055
24 12 733514
29 16 210756
1 38 737919
19 42 94334
5 37 1051637
31 17 68622
12 42 636461
17 37 678193
4 36 480338
34 42 950788
42 26 1068867
6 9 790778
12 8 499553
37 38 925811
42 34 1098501
49 2 393237
44 25 537472
50 14 372298
39 49 162048
4 34 277060
1 34 1023422
10 3 490038
47 43 731168
12 34 591584
5 34 968116
1 10 373345
23 16 303431
39 12 1103225
41 19 363167
11 43 113093
27 4 1106475
24 16 376349
48 44 31726
34 35 827562
40 27 716680
36 45 396020
48 20 156983
42 49 20460
39 46 1011662
44 33 241476
39 44 1095455
42 15 695270
46 19 275895
25 24 692487
30 39 549626
22 18 308745
38 20 110202
13 16 910482
33 27 738595
14 19 800759
26 40 707873
21 13 854461
24 15 372625
8 40 438771
4 17 411364
32 16 167954
46 30 746433
48 4 956706
9 45 23750
13 4 709625
47 13 557553
24 8 313922
14 22 274285
29 27 946630
27 13 936676
22 37 896055
17 12 574297
35 24 805752
24 21 510768
3 42 84532
7 25 142757
44 50 494813
33 9 9422
9 41 9882
5 11 586026
34 14 924756
9 18 856927
6 3 588253
15 39 143773
30 23 81458
15 9 219979
10 46 664343
50 30 876999
17 49 16164
38 22 1086692
39 41 1343
49 34 1034802
50 47 944943
3 44 157138
4 39 423887
12 8 1032983
4 50 593403
37 12 308397
21 49 978466
14 10 837690
13 12 664828
23 21 576263
29 48 415873
11 49 910769
23 41 890484
12 22 156390
31 40 342390
44 14 525284
19 11 531027
13 1 640975
39 28 1050949
28 1 115892
19 6 270112
29 9 297443
25 38 734777
2 27 426953
20 33 315940
19 21 521197
30 19 779882
39 37 599679
11 3 907226
38 6 424595
39 38 1105699
26 13 619809
6 6 185369
1 27 511426
8 40 898444
46 3 973626
14 11 615431
7 18 44164
22 44 913328
37 48 63354
13 46 404618
48 2 588366
27 30 988278
1 18 986605
21 4 363637
40 26 1025642
47 19 499759
28 15 1043922
25 46 1044571
25 5 150778
19 21 632225
13 27 985199
2 44 1105562
2 33 574588
1 47 388504
43 2 922765
4 24 396454
9 17 714843
40 2 787565
20 29 149228
7 33 806845
16 18 252589
30 19 25926
15 20 306054
50 33 707605
38 31 1044734
30 35 681073
39 35 625897
49 48 996028
35 15 324388
15 4 183680
10 9 953719
1 40 893224
15 8 1091152
2 41 292382
49 25 372609
47 7 605789
23 17 311958
39 24 932106
37 13 125594
32 32 343840
14 21 275015
1 30 959182
5 6 232235
1 19 808608
22 25 286823
2 26 1068781
49 31 760646
50 20 216640
45 29 543256
14 19 425881
41 42 1073915
10 50 637853
3 44 493234
49 48 209676
28 42 72939
22 7 150299
8 39 601277
41 17 180012
37 37 1031160
43 37 828017
49 5 482810
2 37 292482
49 26 514303
28 20 749333
34 23 13338
8 7 730264
17 18 812657
4 45 23637
19 15 388497
10 11 577104
35 7 658059
24 42 887754
43 34 624952
40 46 691968
31 24 761137
6 27 236546
1 17 1104792
18 31 569403
2 34 312216
47 49 274344
41 11 876265
36 30 380594
29 26 248186
22 46 1045549
11 16 22514
16 32 888539
27 11 487693
8 20 563775
41 37 981776
9 30 48254
1 11 240511
20 3 740315
13 39 245379
20 19 635161
31 33 129532
49 30 667400
50 17 806424
31 40 95719
49 35 831978
17 23 291675
25 36 932062
13 11 218821
50 3 431263
25 6 674413
40 46 681780
23 31 843029
39 12 982448
18 42 769956
1 48 858907
16 43 851082
45 46 1060206
15 21 87373
8 13 786463
12 45 766023
30 49 298650
13 49 28032
3 24 936064
50 32 689895
39 49 876362
11 32 1057243
13 44 1030446
24 49 498424
43 8 880559
14 6 593794
37 3 269936
42 12 51088
34 50 464943
36 28 475528
11 24 631077
43 16 512303
43 42 769424
50 7 535491
37 50 1064394
4 14 575785
10 50 110741
37 33 1051629
32 27 563670
20 12 791403
6 44 532509
42 9 80254
2 17 843984
2 21 410128
40 35 990174
24 28 627710
39 21 1061766
26 42 405161
22 16 1090027
21 1 403676
39 33 737610
5 8 299506
45 38 335616
20 21 789060
21 11 1093836
3 34 729342
42 14 561032
13 43 576006
17 48 903028
2 42 59611
4 11 388824
40 44 671562
43 28 46833
13 11 379017
25 41 522481
28 19 1008176
34 23 152002
17 14 340914
43 15 1048152
30 14 393329
18 44 388789
50 31 912559
27 1 828513
14 36 478911
48 42 884277
47 21 96142
16 19 130678
45 48 645113
34 35 415316
2 45 964804
1 7 738946
15 30 562787
32 26 215068
35 2 942804
39 14 413720
3 12 698439
43 6 996198
2 14 789795
26 48 62148
5 36 923650
49 26 857797
6 35 399219
18 17 533944
17 50 577700
26 49 544117
29 1 381623
24 16 397233
4 21 393952
9 43 878339
40 5 902482
13 18 723148
42 29 341241
22 47 716674
35 47 176939
32 1 755140
38 36 846758
19 26 623822
19 24 186288
20 48 977256
14 41 451
18 41 811674
24 50 532664
13 27 728137
17 28 284321
26 43 728788
12 42 136058
15 46 207344
32 49 1038469
26 30 888470
42 29 9675
41 8 392504
42 14 10657
11 21 954927
6 34 1020394
24 37 602176
50 44 217655
22 3 901609
42 30 486991
37 5 732533
46 21 106166
26 26 61009
12 31 561185
30 12 144328
25 37 887305
44 39 488846
30 22 479721
16 47 520171
18 33 309384
41 36 279090
22 39 157910
10 26 944025
2 49 25158
38 7 522617
48 31 366939
18 8 219807
46 5 981626
1 30 860842
4 39 345886
39 50 856157
25 7 493373
14 2 856053
41 40 594453
15 49 812609
13 20 1031228
31 17 1084207
39 49 174687
17 23 425472
47 48 661712
43 28 93600
10 24 106929
8 6 756120
25 49 1002116
46 24 449001
50 50 329470
40 28 728886
35 11 274380
26 4 967352
1 15 1052492
38 41 119394
8 37 99917
12 8 311313
28 8 288172
1 21 630984
29 32 955933
22 18 842961
8 16 336197
12 22 696686
8 39 652799
20 27 451874
16 50 199669
19 13 852620
22 32 770413
19 8 347371
20 25 828446
13 22 76070
36 30 169840
5 1 922440
42 41 100335
7 9 751280
27 41 659630
1 22 901845
33 27 695248
17 7 398249
48 45 459303
49 40 1049373
28 7 763023
39 4 184854
6 49 651092
31 12 489507
39 18 898463
32 50 643323
44 25 144763
26 9 871428
5 8 315565
22 33 851119
33 17 758106
48 9 681460
28 15 963355
9 1 879612
37 4 955946
43 48 600090
18 3 922837
35 35 731194
41 48 1093482
3 49 183106
17 9 629369
25 43 450046
32 37 522390
29 41 587794
3 36 94465
40 47 398745
9 34 742025
9 23 780926
15 33 111279
40 7 1076115
47 21 887501
28 24 166670
13 26 1093432
6 24 370792
44 10 734434
22 48 921566
12 26 393102
39 10 535269
31 41 304792
13 42 966494
25 16 991387
17 30 292501
49 48 812258
12 48 663184
42 38 843027
1 13 127400
21 46 1065814
15 15 149707
29 9 978931
49 20 226523
4 34 849316
28 41 890025
35 36 912359
34 49 1047595
39 2 593881
31 38 950100
41 10 614458
11 38 376462
15 35 426703
9 46 257611
28 50 985480
43 41 906348
29 36 1003703
47 11 843796
26 2 1026422
35 22 73077
19 18 42212
9 44 1074978
25 15 1072136
22 39 134085
20 12 734789
49 7 12165
42 24 844714
47 15 437861
49 34 603428
11 21 873536
6 9 285143
2 12 837283
47 7 369137
16 11 525614
21 25 73674
41 50 690266
29 30 1042664
6 21 331307
10 31 173724
50 8 802543
9 1 114110
39 26 738889
29 39 548842
50 19 353540
14 38 1061476
32 45 185348
26 4 703048
16 47 636398
47 31 260180
17 35 1009466
23 11 169410
37 19 741671
1 18 624751
5 3 593777
48 12 745747
11 36 121686
1 12 1034477
32 7 348833
41 28 725147
26 22 580476
36 35 1103597
20 10 319573
5 42 515137
40 48 113083
19 29 344799
9 19 947858
30 47 837524
38 11 271822
6 15 782735
48 7 243134
13 22 978385
19 21 690718
30 9 153361
48 25 415391
33 35 616148
2 38 227463
43 19 1053041
40 21 764222
27 25 865245
42 5 833496
37 4 135815
18 16 487934
39 15 793405
44 46 460436
28 36 823213
23 45 37497
50 9 541064
1 7 19726
42 37 214762
6 9 1049092
10 2 681473
33 4 928126
30 29 212559
21 37 639173
42 11 830132
10 7 417572
24 40 412305
4 11 619106
10 49 18701
35 40 1090897
35 49 273463
18 50 612603
50 20 548698
2 40 5399
22 22 833653
7 19 800290
27 5 293718
45 33 712915
6 22 932013
45 44 249632
35 3 393366
32 21 725384
20 27 719857
25 38 475712
9 4 38845
48 41 744871
34 17 155404
23 37 635420
3 1 866323
1 1 575657
33 11 1094017
33 49 286415
20 5 1023623
44 29 741320
1 40 896140
24 16 872162
23 26 102268
42 21 602660
50 50 23925
46 19 164431
15 45 525189
30 35 855524
23 6 846279
27 1 577844
38 33 975450
29 34 800757
23 15 643596
22 9 606728
13 45 528462
7 20 253207
8 23 559263
41 12 181150
40 50 5941
30 11 1092278
17 30 762064
38 21 715139
25 22 879249
13 21 283046
25 34 1905
18 29 659321
12 46 1100565
45 36 575852
25 29 641145
43 44 123668
25 50 378977
6 47 1094191
38 46 678304
25 37 1103941
50 47 292256
31 12 1007198
31 19 151641
47 29 747575
32 24 1017137
31 33 721752
23 50 924259
37 14 632857
49 4 249044
11 35 523677
35 32 440490
11 31 688155
10 30 389127
1 18 1049964
19 15 972306
8 45 808018
42 24 895634
16 27 720554
14 21 188844
50 13 589103
36 31 30071
17 3 557694
21 35 926097
21 24 995420
43 39 475377
24 47 833299
5 17 122042
12 47 1022080
43 29 1018542
16 44 37833
9 39 972397
3 46 374335
29 2 631687
5 12 826161
23 39 280494
6 10 738621
31 47 23619
36 34 145699
21 38 286358
10 22 421675
19 11 509414
44 16 918037
46 48 117971
48 36 84396
9 4 1002839
7 14 1072364
22 9 70938
8 45 336478
13 19 513178
2 21 1027407
14 44 1083288
23 2 281309
31 39 56232
38 25 829323
9 25 158032
42 6 585238
19 4 918705
33 36 68835
27 2 950056
38 8 240622
46 1 393051
32 20 541918
3 15 86814
19 33 288456
44 15 58233
42 25 398400
45 39 745486
47 45 157432
49 10 109558
39 42 1051463
21 46 378691
8 27 977968
19 47 710625
6 7 884895
44 42 1056620
15 8 743625
26 11 114248
34 6 839477
43 13 379617
35 14 61344
39 29 786518
32 27 831980
6 25 266848
36 22 285756
30 41 663454
22 36 227370
25 17 924679
45 45 838273
27 36 959625
38 6 434937
45 44 289699
15 30 21381
38 43 1100194
19 29 984223
4 48 546012
37 30 294727
33 50 941207
6 1 699743
19 9 491988
1 20 772960
22 2 653994
20 7 640174
9 3 555226
43 12 867428
19 38 966997
25 45 1057018
13 4 486486
4 35 627324
35 9 92663
46 32 509938
33 7 272272
20 18 68018
42 30 179194
18 47 881723
26 8 900959
17 7 720613
21 11 854949
15 21 267333
42 37 831919
40 26 646902
37 29 303861
48 39 865432
31 35 1024881
37 48 580831
5 15 557936
38 21 658025
36 48 985066
49 5 838000
34 45 616657
7 8 353724
14 10 557517
12 3 1085359
22 2 921284
23 48 133417
25 1 775137
8 49 142688
40 9 117900
16 49 1005209
10 13 114830
47 15 180345
20 42 479968
21 8 863963
11 13 655349
23 45 507438
8 48 717455
7 1 1041355
9 2 52828
45 10 592938
6 44 238134
27 50 846700
44 44 475904
22 49 211207
36 10 781052
9 39 440608
35 2 91737
2 12 860492
1 45 24476
1 32 179702
34 43 1003701
37 44 533114
49 14 996141
41 14 270635
18 20 835712
11 30 167225
35 20 617151
28 31 507019
19 32 899294
3 21 981296
18 24 450729
5 3 55513
3 30 913635
4 49 713882
36 36 377678
4 35 361246
49 11 1079422
39 43 59977
41 27 456243
28 37 604151
30 16 703670
50 49 429498
24 16 708188
22 40 49332
19 15 485551
40 49 1087153
10 35 985811
48 5 382051
29 39 945617
4 7 1076838
29 7 185578
37 11 656155
2 25 789469
44 14 740421
16 31 298439
4 23 446265
33 13 811611
40 2 32264
15 48 460125
11 11 612892
31 43 1049714
3 29 805065
6 40 167879
3 8 931847
13 45 112949
21 27 826397
20 34 62955
7 18 337065
34 9 963996
48 50 281599
27 11 964052
39 25 954539
21 30 263756
7 41 413998
42 3 451124
28 26 844901
37 44 688964
18 10 844003
32 17 966923
31 25 521709
36 23 146826
5 4 547221
27 46 371134
24 46 204014
25 22 170471
49 36 777272
23 24 385962
6 17 827249
15 35 280549
30 2 864183
17 14 155929
38 20 21840
11 6 8924
38 41 810507
28 33 86183
42 50 378583
28 19 939745
26 46 1044656
42 32 352634
11 23 836359
3 18 578539
12 32 931023
20 8 459664
24 17 911662
21 16 342043
16 38 157705
34 49 626837
41 42 500073
36 8 979779
37 20 743804
36 50 54282
49 48 87324
21 46 480969
17 17 975055
16 21 662697
41 22 207706
27 26 821203
16 42 418776
4 35 964431
29 32 1033546
47 28 949789
25 34 52025
25 11 929996
36 44 477739
17 50 366918
38 44 511582
33 14 139743
14 48 172366
32 13 624071
15 26 1110997
22 37 886903
8 2 1086867
42 49 551970
25 41 35266
42 12 429658
41 15 111859
1 22 113277
2 42 1102886
35 30 499686
21 9 906176
36 30 777502
10 28 904727
27 25 44759
33 28 528860
42 18 28060
2 17 926033
14 42 667686
50 21 597485
42 46 821678
38 36 894212
33 10 530156
15 4 227360
37 2 490745
5 48 443084
44 46 837266
14 1 947184
49 17 1036298
11 4 1039266
11 11 818709
33 18 962344
49 3 579276
48 1 816908
48 11 260372
12 39 577479
6 42 271026
49 47 538929
11 49 187538
19 35 1083436
47 20 925269
12 37 965269
48 8 559821
14 8 816819
7 8 1086880
47 20 333828
9 20 1052676
45 14 665458
17 48 495361
22 39 959688
43 36 91824
30 29 1042458
9 44 359448
26 50 851187
44 5 1076616
10 33 201718
4 49 1019278
33 30 243602
28 33 727342
6 27 151014
46 35 832359
23 40 763641
47 49 750463
28 29 489316
13 32 960143
7 41 1015838
39 12 744050
32 35 55643
47 9 805990
32 34 109581
31 31 174308
23 15 1093060
30 8 1053643
24 43 10474
11 24 774111
34 27 603621
19 15 657674
11 13 260389
19 44 152936
30 8 835972
18 48 191265
39 33 83079
7 30 830288
10 32 296232
14 11 815094
30 38 473406
25 34 332072
27 37 576578
18 15 467952
1 30 405331
13 46 649009
2 41 340010
11 46 792618
17 20 946753
47 4 179400
43 49 236013
30 42 483665
2 12 1090675
50 34 523949
34 45 529958
20 26 873854
32 18 646245
24 16 405985
11 3 920947
21 8 490343
35 44 203062
13 38 521598
41 1 948496
42 46 821314
47 27 508663
9 23 319060
15 31 202605
31 27 120521
15 2 603829
24 16 333811
16 48 887113
10 43 121178
6 32 614319
46 35 959748
28 2 187464
31 24 184576
22 2 654223
21 31 1010503
18 41 1019437
48 29 1006324
39 31 88759
46 19 1099001
7 15 442983
2 30 922639
29 33 816525
33 3 759966
45 17 492882
11 5 1005233
16 37 453468
26 30 849439
49 5 905950
38 32 844326
21 24 893152
3 27 814725
13 11 360293
32 27 294792
33 28 853756
34 20 897318
48 15 215321
42 45 143999
12 31 892020
34 21 56203
13 45 621438
35 32 802158
22 22 624046
45 40 410379
8 14 402423
49 4 765302
26 47 356785
38 45 683962
30 14 1106743
11 24 1105968
18 20 334439
48 22 191949
48 43 370735
17 18 226006
16 40 1095987
44 13 1092289
11 39 1051318
25 18 783471
40 25 90783
23 35 949246
45 2 912787
20 25 195606
29 3 42229
5 17 722240
14 13 125134
23 35 491456
32 37 204424
30 41 400408
6 46 134630
24 12 416484
42 20 1000283
5 22 487617
12 23 82815
9 20 790596
35 4 686291
42 23 546372
13 5 465574
41 47 584060
8 30 415616
1 31 143158
18 28 433879
36 10 135223
16 27 658083
6 6 497302
30 34 1060634
45 3 199334
9 16 936118
35 7 442211
42 9 256358
31 12 1049477
21 16 346105
37 7 312825
15 29 169199
20 42 512592
37 47 660428
22 20 260159
23 23 1088775
3 29 454978
7 4 264079
20 31 772654
34 41 936359
28 37 161869
17 22 1079556
41 11 925177
25 36 819512
3 35 388730
10 50 151176
7 44 338171
3 29 732160
11 31 1086963
46 41 981651
48 35 580755
26 1 189659
27 11 879696
27 17 33981
26 15 168305
13 43 972372
38 10 229357
18 31 455086
43 45 721289
1 46 227712
1 30 684083
17 12 259261
36 4 393987
17 24 566515
24 49 1019176
24 44 791147
7 26 506462
16 43 158430
10 21 46230
50 14 7013
38 34 869816
12 20 802676
26 14 1021880
31 4 578263
45 34 1009070
13 33 98195
3 37 796919
7 42 280748
42 45 194010
42 36 707447
14 48 75503
35 44 996414
30 14 427526
2 1 974083
38 23 308289
49 42 492230
11 38 364854
44 18 101739
20 47 242483
25 19 473575
5 20 883587
18 5 634486
36 30 185134
44 15 732846
10 38 931223
48 35 416976
21 50 399583
20 43 813702
30 47 807423
22 26 254624
14 34 939704
43 1 25528
21 9 806213
35 50 1052470
36 20 226568
32 2 725684
41 15 379483
22 2 153255
12 18 569310
40 2 147601
21 22 162676
40 44 730286
2 8 139675
37 25 676376
19 29 190009
23 32 201268
5 21 765241
40 21 1089035
29 7 759903
49 28 878737
8 43 703789
22 32 146093
41 26 912352
20 34 671652
42 24 557380
10 9 430857
27 35 862207
5 50 533569
46 43 393842
50 12 176517
11 27 492934
5 21 980927
17 32 104305
46 18 1074769
42 16 189265
30 17 979019
16 47 333157
46 33 463342
28 31 997129
49 42 473580
18 38 530435
19 44 180198
28 17 586867
11 7 796469
45 39 355919
33 21 891368
19 8 995333
34 9 23691
50 49 330566
15 22 1092601
20 47 617811
43 9 31359
24 9 526876
23 3 963067
7 39 170247
3 3 939211
38 20 174750
13 14 925637
9 21 496871
14 35 813778
21 18 421457
28 4 108872
6 25 281524
43 48 388435
7 20 358404
4 33 380940
3 14 571087
45 20 888408
49 23 352554
21 18 1086051
14 9 655803
20 7 352447
9 25 982529
41 39 153646
1 21 469795
33 7 476798
30 34 993704
15 47 1007897
34 43 294231
47 2 306068
9 32 711526
2 14 16888
1 16 428728
18 30 430972
21 35 176822
6 4 150698
37 35 127460
45 46 403755
28 12 9225
15 46 178667
24 40 47840
5 10 861175
31 37 817432
1 21 402253
50 33 287516
14 24 695159
22 46 745676
48 13 725796
23 47 856586
25 47 710889
22 39 586995
33 39 898357
49 9 874852
32 29 439002
38 21 266752
17 4 561943
10 15 562756
34 48 371271
29 33 328656
14 25 376085
50 26 684393
24 12 14994
18 48 657880
30 12 512581
28 25 159524
6 39 863953
19 32 1099741
17 50 425209
36 8 881934
41 14 743628
49 44 624189
10 7 497571
44 18 903389
40 41 197416
33 8 592673
13 29 423169
14 28 886376
46 34 1063304
14 19 833077
38 28 675031
24 10 81738
11 33 785316
25 7 80154
12 31 51197
37 40 183351
14 12 1072097
23 4 57600
43 25 853515
43 5 162877
10 12 524827
29 33 133571
6 19 1075174
22 36 400980
45 25 894348
48 39 733011
11 6 198102
4 34 970094
18 41 999408
6 11 84319
34 11 450595
41 33 161929
21 44 516824
38 41 132422
11 17 889408
23 49 187568
31 16 681062
27 43 719160
7 48 665619
18 4 574414
3 48 720611
39 12 808158
37 44 755410
43 27 304564
37 10 715258
26 4 212610
20 47 84145
18 47 917845
42 6 727813
21 48 657308
29 20 68187
2 37 462820
39 21 491889
32 26 269320
8 33 183917
34 48 587509
36 23 995222
20 1 454727
39 43 1021621
1 36 752539
16 37 358993
34 48 390293
3 3 18341
22 38 1072035
30 2 731942
49 14 812628
46 41 802600
47 41 155005
22 33 395975
34 1 44958
15 12 545259
15 37 577061
45 33 5931
31 5 90425
22 50 6761
50 25 659346
30 32 1067948
29 22 60805
1 5 805077
42 4 54932
13 29 725041
16 48 31206
39 39 480814
25 35 1070006
17 7 921602
8 22 155407
26 36 516837
9 22 148886
45 10 1097835
38 41 696705
44 11 470488
18 24 552071
43 43 735733
41 36 734656
34 14 651644
16 34 964682
14 26 583953
19 39 401759
10 1 731147
20 6 887253
10 30 759351
43 41 587622
48 23 213026
26 21 191441
36 24 1038974
45 25 125991
7 10 736706
32 48 1096566
17 48 434148
20 3 1038086
3 22 485768
49 7 666436
23 17 63143
15 30 638218
2 36 20111
32 27 170447
40 6 731415
13 13 159605
9 11 280177
33 19 277776
16 5 658307
38 21 339776
20 43 983398
47 26 483011
31 46 1014307
15 17 602446
41 9 1030878
10 29 722241
33 46 444479
17 28 574309
15 30 417389
46 20 847852
24 23 214501
40 7 312483
18 33 865432
39 32 168854
36 5 122745
35 45 301594
19 9 547276
25 22 537517
28 14 933567
39 42 341735
2 19 388267
6 30 954750
33 38 77399
36 21 852272
11 43 1059237
11 23 476518
17 18 537705
30 27 338393
1 44 360153
42 14 1006583
11 24 489625
6 48 992898
47 7 799360
23 17 561375
22 14 732750
8 38 557048
2 42 228637
24 17 360727
32 17 619602
15 21 488636
23 30 1057836
11 9 510574
40 32 995817
10 25 158754
18 26 839790
7 14 966682
41 29 520831
38 45 576406
39 35 1027204
2 42 517926
26 43 682836
5 15 757357
10 10 973805
19 18 886744
5 27 714442
32 49 158408
48 32 758858
15 33 843976
46 47 1038774
35 24 650946
14 35 548252
26 35 63567
42 4 865103
32 18 327487
18 40 412373
50 9 84290
48 48 965195
8 21 198184
13 14 993909
14 42 925355
9 8 1006810
32 30 332291
14 3 287289
37 17 332802
6 23 402733
10 7 526974
30 4 924014
15 25 329572
47 13 317093
6 34 369933
9 4 824095
29 32 367686
20 7 1099148
19 17 430502
25 16 906379
9 48 200909
36 18 450353
41 20 574181
6 17 789619
29 49 210497
22 11 727084
43 46 892599
11 38 619582
35 6 961918
21 27 603885
16 23 459403
15 25 708655
31 41 979700
20 50 465249
35 13 1052896
34 27 814045
46 12 340990
9 17 131329
6 13 1044488
50 15 70310
42 20 215870
16 16 261042
8 43 362515
15 20 1007894
19 28 218239
32 27 552898
45 3 278324
11 19 824169
47 19 805328
8 23 233599
21 22 528762
23 40 1088584
12 44 1102716
19 14 441180
1 48 947656
46 20 795557
9 49 945390
23 42 611231
28 3 1055292
20 35 1002604
10 41 678235
11 47 453422
48 24 432320
49 48 1103862
36 27 632802
32 21 487264
9 21 972821
29 15 852788
43 21 845872
42 50 848150
6 49 738009
7 36 868128
48 44 748233
32 45 468230
25 13 670125
34 6 326867
22 47 1024529
24 38 96535
25 32 162450
37 12 410313
24 47 392694
35 25 712797
47 40 1011311
1 1 500
34 46 217185
