20 200 100
1 2 11457588
2 3 70292759
3 4 73766533
4 5 67014101
5 6 44721942
6 7 32363714
7 8 48170513
8 9 96901455
9 10 42615446
10 11 50613501
11 12 66240196
12 13 21680019
13 14 90416694
14 15 105478938
15 16 97308300
16 17 99058100
17 18 37938332
18 19 69155581
19 20 63017174
19 18 226011
19 1 388326
12 20 250787
12 3 469495
12 5 690842
19 19 1097170
20 1 149332
17 14 238946
1 19 953653
13 13 819195
15 11 685043
7 10 859559
18 11 1043666
19 16 757332
16 11 1056921
6 3 300772
17 5 303203
14 18 240616
9 1 302739
1 19 706583
14 6 155341
6 3 749416
7 3 737439
16 12 657315
6 7 989346
9 13 72733
11 2 1062867
20 5 910160
15 2 188975
16 16 728728
2 3 753448
15 1 239035
9 2 489465
11 14 183476
17 18 242179
12 11 391695
10 6 1027880
12 7 530066
4 17 1041080
14 5 720174
6 6 275604
4 16 210676
18 20 485331
9 16 556225
2 4 128118
19 19 983925
6 18 710838
2 13 916038
12 7 520044
19 17 969071
18 2 424481
6 17 569452
20 2 67896
16 2 992756
8 13 988724
6 13 522944
19 17 324683
20 3 1098607
11 14 447838
3 6 201550
3 13 737027
8 10 553005
5 12 722637
15 5 168364
8 19 1102528
17 3 432525
15 17 477432
5 15 169240
12 17 513574
3 4 52606
17 13 1007046
16 13 201510
7 6 1055895
11 1 927253
2 6 769939
12 8 78396
10 17 772831
12 16 843416
13 13 51415
10 5 350273
19 19 567137
9 9 61283
9 15 756405
3 12 415900
7 15 169924
19 2 224331
17 20 174549
8 8 292660
1 3 223174
1 3 133642
15 2 692048
19 8 116423
8 5 291679
9 13 624091
4 18 304344
7 3 637837
1 1 1059255
11 10 354058
9 16 284980
15 13 793879
3 16 527045
2 2 27258
11 10 535923
15 2 229765
14 4 703337
8 11 830649
7 1 981985
12 12 613429
4 4 158238
9 5 698271
18 10 302626
19 1 934714
16 19 843564
15 6 543306
12 1 807166
13 20 648857
14 9 533825
19 14 930526
20 8 25791
16 15 484076
12 11 724451
18 11 481419
9 4 373261
3 12 829331
14 18 395891
20 5 1076074
5 1 313944
17 2 1053954
6 8 284593
10 9 310543
13 17 1003480
10 15 348014
8 13 95117
3 13 342353
18 13 280244
19 16 554502
1 14 434208
2 10 283329
5 5 973185
13 6 113655
7 20 431509
20 16 371286
7 15 679210
5 14 523386
18 8 980359
7 20 342397
1 16 428478
17 1 1050655
11 12 414800
20 12 810219
19 5 18334
4 4 160632
8 8 348434
16 16 543329
4 14 241315
13 16 128761
9 5 615159
11 14 179271
11 5 407544
12 2 708535
4 20 1007629
15 14 827287
18 3 295193
2 10 934505
17 2 662446
20 6 249245
2 4 58957
4 3 598611
10 1 614822
16 18 56357
12 6 284961
3 9 175029
10 1 79798
16 11 257695
17 14 182920
1 20 336414
17 11 608553
16 19 196852
6 12 550401
13 3 276136
13 16 554994
