50 2500 1000000000
1 2 36031786
2 3 91752647
3 4 81285984
4 5 102443325
5 6 11069103
6 7 39594731
7 8 15232598
8 9 99190697
9 10 16074898
10 11 57663430
11 12 12144026
12 13 91621558
13 14 65087565
14 15 67387583
15 16 9663523
16 17 17919700
17 18 102621673
18 19 36616956
19 20 67972939
20 21 84652145
21 22 42851687
22 23 85333302
23 24 71128564
24 25 67368799
25 26 57168014
26 27 59031273
27 28 80755919
28 29 11176158
29 30 67883431
30 31 90781842
31 32 44145943
32 33 95810194
33 34 6242475
34 35 35752330
35 36 9318275
36 37 9473224
37 38 20714542
38 39 77759907
39 40 29976600
40 41 86566815
41 42 2679554
42 43 99767603
43 44 53933402
44 45 58991615
45 46 62167958
46 47 3227603
47 48 60070882
48 49 90657300
49 50 28819632
38 36 370988
35 37 150822
12 50 932276
22 38 339676
26 48 921885
36 36 73585
21 7 834084
38 19 432754
47 38 19850
14 44 167043
45 32 543118
33 50 765039
9 30 1028431
35 39 613379
49 32 888185
46 31 78345
33 7 64048
13 46 906602
47 28 408547
5 18 894356
19 38 45308
4 24 243823
20 50 466191
19 41 754900
17 6 429934
36 39 642688
6 9 505541
21 6 700299
14 4 889237
30 50 665996
23 28 469372
18 25 316114
11 36 145933
45 44 1105401
2 35 388283
4 37 966241
15 5 677811
39 30 616973
29 1 35715
2 31 138128
25 12 284665
34 4 620463
25 19 723261
43 5 900191
21 3 795040
8 39 1000402
15 3 1033529
19 22 169173
32 16 1005431
9 38 463607
45 6 805902
21 48 732852
40 21 453053
36 24 66223
25 29 725027
35 26 187142
43 40 1047325
16 20 956790
10 8 619948
46 9 622889
29 38 515958
19 36 11805
43 48 82783
23 1 61730
4 35 596
1 1 62174
10 48 444251
8 7 313871
1 39 885394
17 38 511879
20 17 326319
36 9 554255
37 41 659949
35 4 849612
1 4 3796
40 48 278143
18 37 418622
15 34 351943
31 39 454133
39 35 1047276
9 19 314875
37 24 810518
48 31 348860
37 32 180735
19 48 785139
28 29 124617
14 1 87499
4 11 736631
29 44 1092722
34 50 305386
44 23 668147
6 34 676603
38 45 1090350
33 26 1020232
16 36 695282
40 1 1001113
38 43 269981
14 12 47658
42 13 740369
11 48 159211
36 46 964136
47 46 350608
34 15 1035790
6 1 614961
37 17 663510
47 27 335680
44 44 18753
2 13 381626
20 25 201415
38 22 632562
20 34 1012407
16 8 126769
4 46 434921
46 5 594940
42 47 148170
1 40 655201
24 9 935204
48 9 471638
43 10 40188
23 12 454460
47 27 868363
50 32 996098
27 31 355859
42 48 56412
45 3 218294
16 2 443343
14 5 427346
27 28 107014
33 34 340823
13 27 869727
32 8 949590
9 14 40298
40 36 840444
25 36 888304
21 37 758738
38 12 953014
11 36 57914
14 43 1059608
4 33 506622
39 19 633992
29 43 739569
19 41 146806
1 13 633219
13 39 1079839
4 19 556695
30 33 703092
32 16 628447
39 6 272880
8 16 796886
21 48 179880
33 32 664646
18 32 790592
16 30 937629
45 12 549045
32 44 842981
38 5 588110
36 21 424248
48 17 1030128
5 50 880239
49 32 986082
27 22 139530
44 32 800158
4 43 42358
30 5 328751
19 33 1012166
46 30 936416
21 12 589524
12 24 730617
13 23 615959
16 3 100147
21 46 633458
34 35 769884
33 34 374244
22 24 156722
12 22 704842
42 15 470637
46 17 769446
1 10 550631
2 28 1086816
16 14 42369
10 27 933568
27 16 854453
1 43 898546
36 38 939999
6 15 752793
32 47 569335
11 21 282759
21 5 747779
1 25 376056
41 24 267936
11 27 876951
16 31 300774
5 13 229484
49 27 1035463
24 28 616361
2 39 987591
6 16 670425
22 43 775954
3 47 936384
5 41 319391
47 4 711574
47 25 713188
12 29 546349
45 27 1029849
20 8 453253
7 7 682175
5 4 933001
48 5 860239
16 1 329835
21 20 222956
25 45 85121
25 16 678350
48 4 62240
9 29 1093817
21 6 774296
37 32 898473
5 41 877239
35 35 538162
1 4 946201
50 47 808733
41 10 751784
39 5 497158
18 31 531803
43 11 987994
39 3 438786
46 48 681004
16 5 89566
39 2 443744
9 11 705288
16 44 395013
37 20 361162
30 13 434018
17 40 107324
37 10 320544
19 7 522459
1 14 641630
10 26 85804
38 9 861294
18 17 320904
9 7 332505
1 11 209844
20 15 982116
19 43 1005480
46 32 1032735
11 6 331532
49 39 787762
46 9 275144
35 17 204048
33 17 976224
21 46 475389
6 20 1052087
41 5 815911
43 18 595106
22 13 463706
30 39 1037459
6 22 1098836
14 34 285246
42 45 834988
32 2 765746
1 44 882453
29 43 716478
38 19 891802
10 24 465120
17 26 596155
41 23 1017375
29 27 527325
41 24 741644
16 32 303529
5 14 652478
25 46 76969
38 5 698193
39 27 1039913
38 27 531488
24 29 21546
24 16 890028
41 10 300495
2 42 817885
8 16 658666
43 15 659289
8 42 633370
10 23 730401
49 33 188893
31 31 616435
21 10 993480
11 9 469405
34 1 252979
32 43 73031
34 50 187725
18 48 740844
16 40 1044145
10 11 422319
34 1 1090092
4 40 156268
1 18 930315
26 2 806530
24 49 773
9 31 1014838
37 44 406125
18 5 402727
50 32 1073290
43 15 85836
50 38 1045420
2 12 250883
15 31 363810
49 39 77295
31 14 759978
8 40 588367
36 38 666875
7 24 205522
30 27 923002
36 18 782492
34 45 9154
6 32 638
33 10 548502
10 28 390543
17 30 912244
49 10 1085515
5 19 718428
16 21 416428
6 13 145988
39 41 555338
50 29 658594
34 10 1036375
34 9 735770
4 12 666382
35 27 334808
21 14 29151
35 48 539202
39 6 254498
40 30 450943
17 46 698371
18 16 217579
12 22 468972
37 37 142885
30 14 138868
49 20 489442
3 27 521759
36 40 456383
25 41 50978
47 50 967397
47 42 1051669
44 22 261145
28 26 1036598
9 25 9741
9 21 265820
32 16 626809
16 39 848184
45 18 943824
29 47 1078512
47 34 540428
31 15 188128
34 29 70295
48 5 1027394
37 2 531785
28 23 352564
29 50 92802
49 1 653518
17 15 367327
17 20 387612
40 42 965050
2 27 917751
32 1 436886
12 4 255956
28 17 101859
14 29 1025778
36 8 118352
42 37 770385
4 13 987610
20 31 1056005
49 23 1009787
47 45 862744
50 48 347887
11 26 177777
46 22 572120
4 33 375672
29 49 271472
21 20 879913
45 17 67851
17 5 191749
46 26 985704
1 47 750632
4 17 196599
17 2 841941
47 15 365034
45 32 171489
38 41 46606
45 14 298829
47 28 202552
8 3 354377
25 47 1047739
18 48 754049
23 49 506056
19 34 986307
43 44 155441
6 23 430988
45 39 851995
38 11 325793
21 5 746930
26 24 1083109
8 12 301629
19 30 53962
33 15 724733
42 14 850228
24 48 1075504
49 34 810819
15 43 226008
20 15 368207
4 23 757368
48 34 952129
14 15 983638
36 38 610331
1 21 739761
37 2 1073856
6 18 965369
42 27 8821
42 9 551861
37 50 838763
17 49 89275
20 21 891189
2 11 292763
39 24 397876
40 45 403061
43 5 425588
24 5 644952
26 38 647719
49 27 361752
17 14 733581
29 33 323470
34 47 256500
42 47 708993
1 3 749993
39 1 290059
40 49 235700
50 18 863270
14 6 356130
16 38 416915
50 10 148076
45 5 419321
29 16 654389
48 46 629634
42 26 82189
2 13 894289
25 15 1074372
22 21 1083518
42 8 1091858
47 4 1036598
10 14 514836
9 28 610177
8 19 667866
34 43 418509
41 26 282888
3 49 260919
25 10 170752
38 9 675382
44 2 594893
9 28 102577
13 49 939504
48 1 193950
16 19 999532
26 15 570456
27 45 907146
23 18 122709
40 17 555105
10 32 784849
2 32 449280
30 16 808287
35 33 1014480
34 34 639277
35 12 681238
15 42 861630
34 30 89979
39 35 635719
23 22 205735
40 43 228266
3 10 815462
4 12 231911
35 38 698276
7 14 300077
43 40 627915
49 22 470236
32 30 222180
3 9 106904
28 35 107958
48 28 184727
4 21 743291
18 7 643379
44 17 265174
4 18 394431
12 27 104519
1 17 489096
9 49 264819
14 22 918998
33 48 357747
14 2 217360
9 42 171398
33 24 343997
42 5 81439
49 29 302121
41 3 161328
12 38 822881
22 20 441172
21 38 707444
5 16 309006
5 28 1032562
47 31 955259
20 8 280384
10 18 356518
24 11 304646
20 4 865091
30 12 1096197
27 32 756294
36 45 127828
44 13 65087
35 15 318203
37 26 300499
14 34 631417
14 31 391116
4 8 686370
29 43 416108
7 30 1091315
13 33 732758
4 29 989529
31 30 833216
8 23 122702
8 35 1050844
39 19 3
32 4 7109
3 10 744147
14 12 202462
37 23 982651
18 42 819341
8 3 342919
50 25 775689
42 13 336079
30 16 984424
42 24 1064282
48 30 933067
24 10 433533
15 15 73009
30 38 905295
15 1 342063
28 33 879540
48 50 915990
3 29 199331
30 9 498825
41 11 92232
34 9 533468
47 49 861497
24 36 151745
45 45 694143
3 37 116441
27 44 636543
2 25 756784
18 20 735075
36 5 416605
34 34 1085706
40 14 559551
48 2 732686
11 47 421318
48 10 853591
37 29 640451
24 36 10544
38 12 864239
20 28 436367
40 36 695694
21 19 307070
29 25 203945
28 8 1020584
14 31 849995
26 2 430050
20 46 716233
49 10 183257
28 35 427854
49 16 176871
28 22 436896
26 28 239169
29 28 975665
35 1 723807
11 44 218671
43 27 69942
38 28 997160
17 22 686565
20 13 84703
45 33 855909
1 14 4699
5 24 219733
28 34 240417
3 42 503234
13 10 623896
15 37 687185
33 15 809452
14 26 193983
49 50 814911
36 16 870068
37 39 312039
6 1 805100
42 15 536193
40 4 3305
23 1 1006623
9 50 913637
33 7 860826
25 16 829472
48 35 439437
26 45 927983
9 2 280822
1 25 626069
34 4 478908
34 10 325047
43 48 539281
27 35 419169
16 5 368555
30 36 785057
43 17 157409
50 21 880107
48 27 1104961
5 11 911616
46 42 592363
27 10 1081381
42 28 320669
29 29 870824
33 19 369470
40 25 423037
3 15 370333
46 6 215288
37 33 243648
22 33 1081342
1 49 322637
49 38 644091
13 38 860568
42 24 311002
29 6 107912
13 17 640926
25 4 793664
16 5 981918
18 9 141368
41 28 962190
48 43 464350
32 13 188617
8 9 273614
24 25 321683
42 11 1011617
31 49 505902
41 24 1097439
36 26 714873
27 13 859464
7 14 216293
28 25 660714
19 50 423625
23 5 926473
14 14 464306
34 45 656998
40 18 239570
2 34 425191
47 18 319557
23 11 705224
6 5 521075
5 40 340010
6 39 403082
20 18 487073
42 41 259425
6 31 42748
7 28 613049
39 16 579635
36 44 99939
42 13 607681
27 3 695262
50 12 491410
39 11 918643
46 20 463478
36 33 730772
17 14 1013680
4 9 567929
33 27 325238
8 43 334125
20 39 231888
7 1 606842
42 26 300608
16 33 398535
44 50 990202
17 32 416912
36 9 802363
10 37 725278
7 28 661214
32 39 860252
26 13 210562
18 18 675132
31 10 1078480
7 24 1041600
22 46 82135
19 18 832618
44 40 592985
15 44 283867
7 20 100289
28 34 292334
20 7 509501
24 33 103661
40 28 833493
35 12 397969
31 39 427237
47 29 400914
8 42 547674
43 35 998446
33 43 215374
7 29 585441
16 6 596003
19 21 54777
9 46 1104871
21 43 358449
26 16 220869
4 14 401125
33 9 1014720
25 44 920036
38 19 113671
26 30 152464
15 23 643248
16 29 48683
39 35 763102
13 9 725201
29 6 51947
27 47 563236
25 30 916138
41 22 674496
13 9 983073
12 35 762355
37 17 583766
19 45 235075
43 23 11833
37 50 484042
21 44 956141
39 3 240974
15 46 95939
31 50 483137
20 19 904491
47 36 1109806
24 41 378082
26 5 386388
12 8 540902
28 47 488539
42 19 464610
24 6 308545
48 26 889716
33 26 342230
49 16 47772
41 20 1062432
36 39 191829
44 11 759570
43 5 717421
4 6 1068450
47 25 358434
45 10 326785
22 43 631911
44 44 977314
4 14 774583
48 3 389945
13 33 219181
45 12 481264
17 12 618770
9 27 935271
46 23 916271
22 1 534359
5 2 836493
31 22 783814
7 46 918557
32 9 327515
36 11 283688
28 7 104679
12 35 537782
23 22 979367
9 25 788856
45 11 348554
25 22 173512
12 40 763216
48 32 206945
2 2 340020
46 45 687048
9 11 807123
30 16 129657
39 17 442544
47 50 817834
25 39 222559
3 9 34077
27 21 741932
15 29 644936
3 31 334926
42 14 1070815
20 45 897952
30 24 637852
44 45 890557
15 35 392853
42 18 321637
14 17 706315
23 17 527927
47 46 744019
24 8 592180
41 47 345825
13 40 272902
28 28 768357
12 48 257920
1 17 301893
27 30 546544
27 3 824904
34 45 422736
10 11 313132
45 31 982970
27 45 1105610
3 28 284286
28 24 857415
9 3 460194
42 42 588844
9 14 22068
30 1 356297
7 12 1035744
11 48 729242
1 29 536333
42 26 499259
2 27 821318
44 34 145996
19 50 28929
18 40 1029309
35 18 776609
20 45 845228
29 34 1110394
18 32 868546
19 1 362234
1 3 457672
31 45 634204
40 44 681518
4 14 658148
15 29 29914
15 44 609356
27 46 520017
34 15 472346
37 16 820209
6 16 225045
3 32 817570
19 29 865292
5 7 766615
31 22 488806
31 28 868805
18 46 327727
8 45 956125
30 3 466275
46 36 51339
14 26 693743
6 35 883396
17 36 236757
26 42 946176
50 1 487582
32 22 752963
7 2 940461
49 25 429530
33 19 478273
3 33 791190
34 27 119146
14 12 814770
6 5 147752
18 32 622752
12 17 619459
22 11 520249
50 45 269629
16 26 445366
45 30 1016007
44 35 799573
5 27 654259
25 42 1027862
4 13 216711
6 27 1098636
47 38 683500
38 28 243856
16 2 843372
28 18 361406
31 44 814111
50 50 389857
50 38 308089
30 48 311196
38 18 776593
26 46 961617
49 40 369970
36 38 956130
43 37 407853
25 50 628668
28 21 74323
41 23 1076754
49 28 742997
32 11 794121
36 49 390796
19 15 446323
12 46 10346
22 45 348467
49 45 698880
10 43 874461
28 5 1031443
3 10 61959
50 42 778847
5 8 437685
20 20 352792
44 23 573451
28 50 107307
39 6 829283
41 8 874749
28 36 361864
21 37 1057553
35 4 217586
46 29 1016015
4 33 254240
13 20 172581
38 13 139077
12 4 675877
9 42 220565
29 29 1086909
24 24 904590
27 37 594299
43 15 646788
31 40 849250
16 10 13116
27 33 1092438
28 5 682125
47 34 605721
4 35 253355
15 27 730233
47 15 198202
16 43 663955
6 34 486218
18 43 111950
12 41 178357
24 29 800473
48 43 1002849
22 44 952372
32 36 788407
3 31 456367
22 11 1054726
28 7 535707
44 23 377298
6 28 955605
25 11 796425
21 6 961998
6 23 753206
30 32 112384
23 6 923259
44 3 599374
25 34 1004481
17 36 283520
14 43 905875
47 35 159977
23 10 1093181
40 45 867272
10 12 686270
15 18 1097399
30 9 414375
42 2 947625
25 16 202735
29 32 832643
31 5 408655
12 32 893999
47 43 335197
33 29 954958
47 47 1031260
29 12 120711
26 32 648310
26 35 602397
10 25 798321
8 24 940694
11 20 108428
22 3 70764
26 49 788006
16 43 247097
34 50 610620
22 23 222861
28 44 995965
15 10 654265
21 23 621376
31 33 885936
44 44 282266
9 15 300196
8 21 534638
15 50 260937
19 25 358153
36 5 540474
9 23 138351
21 35 720902
6 31 80120
21 19 1060543
16 16 408786
14 46 884806
12 23 939001
32 14 543520
19 30 601256
32 30 794363
12 37 1060133
45 41 671355
11 2 190902
40 43 311464
46 49 790745
7 47 747565
40 43 489777
33 33 47150
43 42 442052
49 50 194079
34 49 558920
7 17 542483
6 24 810619
47 41 462220
4 7 654471
1 31 796072
36 19 430929
33 49 519824
7 2 264649
26 1 761895
18 40 410114
31 4 134477
3 19 166232
11 18 677629
27 33 14364
27 6 834265
33 16 920292
34 36 147231
42 14 358781
18 6 57372
13 36 483214
31 32 410384
11 37 60310
48 33 87203
21 48 381923
29 3 859791
29 36 1002379
42 50 223528
15 40 90870
25 13 951167
15 26 948392
32 3 522499
43 32 640963
42 38 854691
26 23 90806
2 23 1108591
39 16 401583
50 13 929781
21 19 608825
3 40 14997
20 30 781671
26 22 890594
7 13 505725
37 26 61363
10 44 982538
11 37 865067
46 41 306356
22 45 354192
29 4 1001609
49 40 478479
9 19 489938
19 8 1073431
27 41 29857
39 2 844387
31 42 441567
35 27 610343
10 26 861560
40 17 968217
29 28 983798
13 5 663399
38 3 398288
8 30 751996
12 47 11211
25 17 697172
33 45 807230
3 40 582835
9 34 919618
10 25 963460
18 11 973463
25 30 155353
37 19 300996
29 22 1093340
45 13 451938
43 15 642822
40 38 407552
16 41 782364
34 6 674979
18 8 543723
35 31 212756
17 39 473774
39 25 292926
5 7 223558
15 50 784746
30 41 752365
2 4 58019
1 42 147464
41 44 659746
2 37 235026
32 49 257193
13 38 1008362
16 35 563106
45 26 12271
47 9 382471
46 16 164318
22 29 350579
27 29 787108
41 45 420383
20 23 164072
12 33 184043
33 1 814739
40 2 163905
34 18 723568
22 13 103592
25 15 981054
24 45 255125
22 14 667727
36 41 368685
12 15 700330
29 17 370683
43 19 722195
29 12 672779
44 22 575899
19 23 722186
48 22 571286
16 16 319645
11 39 356221
7 17 273424
15 5 880691
45 3 526571
28 16 860278
9 26 807061
31 16 240735
11 49 973430
17 17 528622
12 3 794719
49 7 262265
14 50 847325
14 39 257122
19 43 1081682
37 5 280316
17 13 310235
1 2 45317
45 32 636135
24 14 652752
10 26 923057
33 2 809115
23 19 305554
43 38 486963
33 33 658590
5 18 537637
49 3 543422
48 18 1036822
17 29 354268
46 14 76223
22 24 115954
38 5 977782
32 26 916582
7 36 738448
30 25 316257
40 41 752098
47 28 654572
39 17 562263
41 17 664410
36 37 16995
32 16 736149
43 28 288617
21 41 964923
13 39 649410
10 20 855418
48 33 614018
22 49 470240
34 5 861822
14 2 783234
39 43 1093889
18 27 559777
41 48 281757
39 5 120515
17 37 418165
15 45 276181
1 38 145469
18 7 255406
7 2 952125
30 40 506700
13 25 241211
17 8 1013632
34 31 972075
1 4 26344
39 23 736323
15 24 475350
17 3 513887
22 36 529219
40 18 509136
19 31 855472
33 40 765873
35 32 646073
11 1 300164
18 28 708563
15 13 14634
8 5 467736
34 30 112127
29 31 268497
28 29 963160
4 24 922600
6 7 694963
21 42 418335
29 46 1088353
15 48 408605
31 25 210582
16 22 56582
23 3 8290
37 34 983838
24 16 684608
27 21 638016
13 1 150036
26 22 929900
14 25 259459
18 25 1057568
22 43 799951
44 25 28006
47 43 561591
3 5 735981
33 4 1010120
5 45 324118
10 21 457890
11 21 728994
4 20 952300
43 31 833605
14 44 317983
39 27 49028
15 22 1001489
47 33 937186
40 48 100378
9 11 124077
28 27 621898
33 43 967838
30 30 559958
28 44 824496
32 44 849391
21 37 492550
4 14 549699
23 6 984349
29 2 1102684
41 12 483469
8 24 890757
33 37 114813
19 49 95929
41 25 489549
48 35 514918
41 42 1049458
21 34 413301
4 45 235263
4 3 285535
16 42 791294
1 10 792841
34 26 778936
44 2 120014
13 8 364387
14 42 569968
36 23 834424
42 34 343769
33 41 873403
4 22 442616
22 39 150691
27 11 577187
20 2 576944
11 49 950586
49 16 344445
4 42 762892
35 34 408414
10 21 266793
40 23 190652
25 31 19949
49 18 575230
45 36 862012
33 5 441870
12 46 1102766
19 13 834426
34 16 238229
11 43 704994
44 43 300866
36 49 817406
43 6 1041405
34 8 1023582
42 2 312545
24 15 159098
17 23 797414
11 24 96064
23 46 210192
44 34 390570
25 42 341256
50 35 648168
42 39 340542
3 30 1081485
25 34 645637
39 29 755086
22 37 345307
14 32 50175
25 10 890744
20 21 849294
4 11 57370
50 37 583435
25 14 95705
25 45 1022257
2 45 104062
14 16 879551
21 39 515556
47 7 123399
2 1 956976
25 29 1105246
24 18 1070936
8 2 775056
46 29 707813
42 8 990330
17 11 319063
40 23 252293
21 25 572874
15 33 513888
8 9 733409
23 33 938729
6 39 1067274
41 26 374498
49 19 858465
7 45 29707
22 27 353240
17 36 1008277
10 8 715916
1 49 560557
5 44 871089
46 44 544945
29 29 936372
19 50 1109765
10 23 1070003
23 49 294931
39 41 487064
14 17 372564
32 24 699524
6 43 679837
13 13 655618
38 26 246587
23 40 318103
38 7 346778
15 43 114165
18 28 814056
2 49 881586
48 27 317989
21 33 145300
7 18 927686
37 42 228727
9 20 1014019
5 39 49252
24 11 692128
41 30 807892
26 28 62358
48 44 458909
43 26 89790
29 33 949094
14 19 106050
19 12 1049147
43 41 694230
21 18 957289
20 14 108501
37 42 160065
30 46 766046
34 29 299408
26 44 1054552
14 35 154013
28 14 202285
11 37 1066844
45 10 98107
39 9 256488
11 23 549923
17 47 293050
9 44 773186
37 39 786651
27 15 903547
20 19 801586
22 36 916243
2 6 638285
38 2 59126
18 2 27553
26 39 768703
36 45 1085332
1 21 173096
5 39 1110386
49 17 900265
34 17 1041613
44 9 909970
9 9 980015
32 7 49300
48 14 717924
21 1 861830
16 9 566928
23 17 856703
26 31 869444
8 2 1010799
6 13 111049
45 18 762093
44 33 1028346
3 12 86071
17 50 744057
1 43 171877
23 13 988811
50 26 640827
16 10 387083
10 15 300644
34 44 690427
7 39 944863
16 9 22237
17 26 619351
36 19 102563
21 1 1061501
28 26 1010719
36 48 684383
28 30 1035085
24 19 574295
11 1 1006887
50 35 52733
37 23 911123
32 18 610725
9 40 490940
23 9 731664
26 18 1017063
37 17 703542
18 21 774138
25 49 754883
8 18 323481
7 14 667016
2 26 598021
1 46 765365
26 35 1006008
42 22 203778
46 18 870832
44 35 26735
29 44 976915
29 10 257791
47 27 1070125
46 46 1028634
36 24 678941
12 26 6750
48 17 336564
22 6 971731
20 18 944061
44 9 307200
10 30 183743
27 42 687467
12 46 719192
48 50 48972
3 16 296578
16 42 746733
33 15 626972
11 31 384718
37 12 424930
8 1 461534
14 38 152805
47 21 1003434
23 36 38613
14 34 742252
14 36 355663
13 39 257616
2 22 792455
15 36 614944
38 28 1087901
33 36 865340
27 24 168008
12 14 1026883
35 18 519187
32 19 495173
22 35 654419
19 49 269119
5 49 200619
10 38 327447
13 49 629247
23 38 249010
32 24 290677
9 2 361144
44 34 777444
19 12 230225
30 28 1040249
42 8 426768
12 38 53590
16 15 277851
2 43 535709
49 22 1048785
8 7 777775
23 10 685027
8 46 531077
35 1 323348
41 8 921426
24 18 712449
4 36 479952
30 20 158067
18 1 559070
5 35 808677
9 27 443926
29 15 632600
4 2 494146
25 23 712663
5 37 436308
14 29 715636
4 35 296011
16 14 1101620
36 3 419203
23 33 729945
26 3 438319
23 12 534279
19 39 106972
5 24 193777
41 22 205939
13 20 284639
31 26 220888
8 2 335064
47 48 616777
4 30 255045
24 43 1001258
17 36 1099233
33 29 744448
7 14 413048
37 42 717570
7 39 558463
36 37 689242
28 25 526345
23 4 46466
12 35 417154
12 31 171180
29 17 570457
1 4 173288
2 35 763758
38 39 635621
35 2 824107
31 21 813681
12 34 935195
21 29 627670
41 3 903638
7 38 407288
37 23 658820
27 49 870682
11 26 168699
25 47 919713
49 1 997762
47 29 588935
17 25 270214
42 43 716181
19 42 933754
6 2 478597
34 32 1046088
25 15 491007
3 50 241785
24 28 1072399
44 5 1026176
44 12 945138
15 23 711987
36 9 122281
12 1 371491
33 40 1052536
46 26 299234
29 30 735687
1 42 55069
26 24 295852
20 39 392098
11 35 294308
48 48 519570
27 35 1066961
28 42 9610
1 1 141854
31 10 908301
13 38 658874
24 48 424004
32 21 679943
5 2 222555
43 50 1000677
15 28 484978
40 22 43064
50 36 178890
41 13 748760
11 5 784683
16 17 713184
42 13 926603
35 44 299773
10 6 338850
42 40 515235
8 25 522509
11 38 204459
47 35 1093854
37 42 1013567
13 2 925954
15 48 626058
2 39 1029739
14 3 712283
47 39 201726
28 7 521189
4 37 808590
15 9 37437
17 4 19375
21 1 301510
36 15 1059853
39 3 991041
5 42 1074783
34 5 181017
2 38 809563
35 39 1022150
26 20 82582
23 50 124971
20 29 991970
16 21 720801
14 15 475748
41 38 779855
39 49 263319
22 43 449976
50 15 901340
34 33 954321
42 31 687553
34 15 179857
34 2 282628
30 42 819535
23 13 265906
49 36 286703
19 42 792043
29 11 470448
17 31 696380
29 30 96759
35 48 904066
5 4 706321
42 40 100943
14 45 579692
10 10 197198
9 34 759414
2 28 310861
33 36 147980
3 46 87308
14 41 938279
43 33 851475
48 19 1010361
13 38 377701
40 31 1041584
3 31 1047812
3 11 412093
47 3 1087192
5 21 356193
5 5 562327
4 15 795872
44 33 46741
48 50 1085880
3 2 666934
44 7 715411
8 46 428549
33 6 784617
31 3 531920
36 45 143314
32 45 1040041
2 30 229739
27 13 115989
4 48 943285
19 30 601554
32 33 1002185
37 24 572932
37 30 805751
34 45 1044980
19 22 777988
49 9 850838
42 19 206515
26 12 764247
33 30 908523
1 45 859672
15 31 656746
34 50 167964
42 45 502584
2 28 358229
47 9 452219
19 27 795751
25 44 575984
46 11 913294
7 35 210566
11 43 821728
7 12 453168
29 29 619693
1 15 1006576
1 17 184164
13 33 479021
5 15 77908
8 1 546420
40 21 762770
50 27 529004
22 45 513999
33 43 1107345
17 45 837612
23 31 350303
25 46 851936
10 46 253649
41 20 103067
47 31 475400
14 1 489969
30 4 361617
12 2 368419
35 24 503831
44 18 474341
33 9 1002668
42 15 556424
4 26 145849
34 14 752861
44 17 853350
50 49 99270
33 10 70454
16 12 319431
8 6 879300
38 22 113289
23 22 318234
24 3 186016
1 9 248325
1 7 80090
31 8 135598
19 41 766281
28 26 723764
30 48 621918
31 48 309763
2 19 353950
28 15 77828
37 21 868901
25 45 45491
27 38 545376
48 30 1075862
1 43 957879
21 13 2587
49 30 355380
25 25 510774
30 24 247635
50 25 283739
12 42 953682
31 5 867271
44 10 178157
8 44 122316
38 47 123806
4 38 467396
46 10 2500
39 3 249104
20 20 643147
5 46 885937
11 12 821712
8 48 423415
42 5 215507
23 24 936196
10 44 778013
37 31 607800
7 9 489136
26 2 948661
38 18 4219
44 33 834066
39 13 76846
19 50 824404
29 32 180461
14 15 173151
31 39 28719
11 16 310677
2 7 104187
37 19 964658
41 22 822541
4 34 257555
2 40 622216
22 35 399185
23 47 418173
3 3 262724
40 29 756803
15 34 108788
2 21 692926
23 3 237418
41 37 758528
38 43 1049882
42 26 37689
43 37 127964
2 41 470962
24 39 592966
37 41 315584
11 28 108476
17 20 896619
37 6 134635
25 11 667518
29 47 73021
19 9 616936
49 14 373688
38 38 107302
32 49 1022338
32 7 822616
20 6 181705
40 11 494629
45 5 486400
46 40 66447
5 35 881732
13 39 894660
15 14 708863
15 8 650520
14 19 200287
31 41 27710
11 5 491539
1 30 290463
36 28 1073398
29 30 662613
47 18 306657
23 24 316297
29 15 548956
37 40 104317
31 50 872538
15 1 850216
15 2 503690
44 7 633336
26 21 326239
8 13 427852
31 15 713432
25 7 271867
33 15 1000982
43 45 507316
23 9 223447
1 33 510492
15 46 601884
49 4 695161
37 20 565153
8 29 63583
29 34 389406
39 35 966678
7 30 623637
49 21 179157
3 38 1026901
38 39 830392
4 49 981862
40 50 599127
35 14 520310
34 43 894996
35 29 944861
36 32 849700
4 32 768209
30 30 857204
18 19 612582
27 7 777134
17 19 10497
19 19 627318
29 33 306524
1 9 334816
33 39 343092
36 15 1013437
12 30 681504
45 25 119019
34 6 395000
30 22 304276
14 23 811804
15 12 861067
13 10 751859
16 34 198635
45 26 1065834
20 21 402381
7 19 358547
33 50 541830
35 20 700760
5 47 636746
28 36 30814
43 44 745177
37 26 1015688
22 36 285670
19 29 246523
21 40 176282
23 7 886921
15 40 44412
40 30 654206
14 32 248274
22 40 754719
31 17 1059350
46 47 887341
33 39 71736
42 3 904066
47 10 269626
26 18 530655
21 35 292021
9 15 467314
5 39 551672
42 38 342014
50 32 538432
35 35 868292
34 18 570836
3 27 862845
23 7 909230
5 42 690806
32 12 709843
26 29 30162
48 46 400863
3 25 234844
33 9 355135
35 28 657505
49 13 190209
43 34 713847
27 7 247235
25 20 1087374
19 1 952694
44 28 1083283
50 28 1024656
33 32 499110
13 24 1046735
18 30 586636
1 1 623921
45 16 165528
47 20 188219
34 47 993078
50 37 486551
16 8 786414
19 35 1081979
18 42 989848
25 45 573038
3 29 478365
22 18 1070655
28 3 854143
44 8 15265
15 47 293656
20 15 155299
13 37 375434
47 14 315862
14 50 4250
40 2 878780
39 29 1092145
20 36 968355
22 16 1023603
43 8 872750
16 25 341960
45 7 156777
32 21 783661
49 2 454282
27 12 475469
29 41 130056
29 5 413394
47 15 74037
16 41 1109232
10 15 663509
44 29 242293
11 22 396271
17 15 969256
14 32 282716
32 45 109731
15 24 613360
17 25 929480
25 17 967181
31 33 1077368
4 24 650702
6 23 887524
17 10 648166
43 6 804550
29 37 362996
48 26 907632
1 2 690627
49 33 1028260
43 8 953718
38 15 760012
21 18 188287
34 1 617998
29 23 464217
36 33 687942
12 30 422532
19 2 17299
29 19 94392
36 25 64380
5 19 1003876
6 16 931521
36 46 900215
15 8 888201
45 4 1106
6 38 443679
33 5 916213
3 10 1049073
43 4 785248
4 29 80644
13 12 299511
2 4 1074126
43 1 230411
18 32 1023701
29 25 1084140
31 35 384093
39 2 737468
17 4 773302
4 13 608763
22 49 248883
16 36 85690
27 44 107713
13 7 552085
13 23 647943
38 17 760070
31 2 220906
12 16 1014932
29 10 758849
33 2 325236
48 11 973532
12 11 436409
32 37 262100
31 42 51273
42 3 202888
18 15 853621
42 31 483077
40 44 940487
8 28 258576
31 28 171121
36 17 239588
41 48 212931
25 45 25198
34 9 671046
34 43 529147
31 21 257903
46 12 623450
35 49 548290
16 36 605896
47 26 282809
31 28 310386
31 4 83725
29 3 380127
27 27 396227
27 20 440659
3 46 1087226
24 50 56913
9 41 804184
27 3 138413
26 31 196312
43 8 35874
42 31 1041174
31 4 625111
5 23 197323
27 50 860114
13 36 588831
1 15 86058
13 45 873470
7 13 12028
18 30 229873
12 17 810262
9 3 979368
46 36 815654
12 6 804003
9 31 658075
30 25 167432
24 46 801349
45 5 379552
7 41 182698
10 38 554804
39 13 527225
29 25 885451
33 12 1094144
14 38 53778
49 26 700641
22 33 118546
43 47 176496
49 15 50340
3 16 1000629
4 2 696095
31 6 676601
26 29 1087877
40 29 793873
44 47 396909
12 29 1058976
8 31 741334
14 30 898250
4 9 132818
43 37 69918
23 32 3434
42 38 671568
15 36 25586
31 22 983418
36 39 162407
45 2 412072
24 6 711710
35 18 324284
7 2 806224
4 13 359117
37 45 578605
15 37 73064
23 20 114586
45 2 331783
36 24 633104
49 7 130096
25 7 821158
26 1 969144
22 15 102248
22 8 765187
4 7 407249
42 23 999207
42 26 925955
9 45 687383
34 35 397383
47 39 259046
43 40 254850
20 6 163379
10 43 785433
25 47 494676
39 5 578410
15 21 934686
4 49 735204
39 27 831776
18 39 883314
10 13 953054
17 46 244694
45 36 617573
48 22 17605
29 10 947922
50 18 226069
17 48 594574
45 37 1034921
16 36 126500
28 37 640984
46 3 72205
8 37 309834
41 31 1057657
14 21 318428
39 14 192692
13 1 330584
24 37 993107
24 1 727495
5 5 513880
14 38 55609
20 39 411305
1 43 795752
10 26 395955
43 22 696550
2 19 384709
32 39 599087
21 3 878672
6 37 78855
11 19 698687
26 8 364367
29 44 578055
15 33 188254
43 25 780497
6 16 1087100
40 20 112532
40 49 649633
38 25 612851
31 33 166999
24 15 662228
3 37 538721
20 6 44880
12 17 99330
23 34 716622
31 39 62731
39 20 915115
38 41 1037278
34 48 744445
48 48 166214
13 39 463827
29 37 676336
2 45 463633
36 16 274147
10 25 252757
32 29 640525
24 6 178891
30 19 610536
2 20 591257
10 9 369851
46 15 322015
44 43 872391
10 33 436056
41 36 941245
25 42 437171
7 45 129499
11 8 1082126
39 26 589420
10 7 60694
3 32 25759
9 13 997413
35 39 81285
7 3 337188
3 41 691269
22 15 395434
13 2 915776
50 14 863496
41 37 904238
5 24 1086897
50 25 174990
40 40 961716
33 36 294900
49 29 218712
21 44 343020
15 15 1048550
14 21 927843
25 33 141991
31 37 658923
19 31 951815
8 25 421423
50 11 713277
29 15 367192
29 1 822034
20 4 33920
40 30 485644
37 24 774233
19 41 853975
34 17 118855
23 48 775386
20 20 933050
17 32 269932
5 27 41160
50 28 1035434
50 14 908139
8 29 815965
11 41 756920
20 13 177526
33 2 1088422
26 44 1072360
42 27 432540
16 47 800745
18 34 1056839
1 8 455772
3 4 830962
47 27 1005212
38 14 765066
18 16 49894
50 11 202709
42 37 760923
35 43 613513
39 3 495992
49 48 161617
22 44 648255
14 33 778663
34 14 1059104
22 10 275817
15 45 42424
34 2 966382
24 7 884674
15 26 874853
45 12 133595
3 7 834981
5 45 531733
18 47 1071303
26 2 722705
47 50 351747
41 43 370336
1 15 408631
41 4 1003961
28 45 886737
45 10 284738
39 1 362595
35 40 19679
32 28 814571
29 21 962795
30 48 1104295
15 16 122761
50 26 692231
11 14 1001084
31 12 1039498
9 49 928694
46 23 724616
28 6 155386
3 32 288501
16 35 65298
47 7 321255
4 20 40283
39 5 453839
45 30 523591
1 11 201917
21 11 337141
20 16 616275
36 20 165348
42 15 858596
4 49 964266
46 33 942753
16 39 299772
44 7 495200
17 49 997630
40 5 397698
31 38 1089672
31 5 939638
20 12 939323
34 5 171747
42 19 128127
28 49 77105
4 45 345964
31 11 1065379
18 50 475495
27 20 687900
36 29 343893
48 36 251967
3 42 281645
19 39 150589
34 10 407615
28 21 33664
8 4 381602
35 28 32485
19 39 841243
6 1 1058139
26 38 781055
46 10 890611
2 35 375122
4 14 94420
41 39 539753
6 4 897533
26 29 198760
25 13 880941
46 39 432171
48 45 382171
47 47 234343
49 21 838444
50 2 1083807
32 28 633862
11 4 833760
32 46 137160
13 21 386599
42 43 960301
38 31 210389
30 37 76875
16 30 915324
7 25 171575
7 45 827309
49 9 813634
2 17 498116
8 49 565927
19 49 1011399
24 41 622538
45 35 1086053
31 41 442967
40 23 1064016
43 6 209194
36 18 418389
2 29 1079711
48 32 414272
35 44 469182
40 37 419016
32 47 845430
15 35 216153
9 14 852737
13 37 462326
43 24 1017411
13 5 519170
34 5 586626
30 44 949387
18 38 271646
49 50 593118
19 17 340387
28 46 627043
28 17 1037271
24 1 772543
12 33 377021
23 40 1045821
10 16 654909
34 45 314513
8 7 877746
20 40 168873
32 46 753155
9 7 1039330
13 36 878114
24 48 1367
21 22 743828
13 6 385405
38 46 471925
21 22 476957
7 41 956771
4 36 262465
36 1 367942
28 49 468670
24 24 89023
1 20 791553
2 45 171645
45 35 516102
35 21 39567
7 9 352266
11 21 508227
13 19 1025263
9 13 7773
10 40 237264
49 46 519919
49 30 584103
8 15 936933
26 20 941180
31 45 119065
49 31 388641
6 19 347990
31 19 704529
27 5 84491
16 31 302512
46 41 867059
35 36 135444
31 14 555262
3 9 1093644
8 15 681254
17 22 67458
29 34 212567
27 21 151732
31 23 758489
48 49 21483
41 11 67864
50 45 733654
4 12 401110
28 19 229505
40 48 1092293
39 36 295374
9 12 610073
25 27 734534
22 7 161517
13 9 97812
25 13 210016
24 39 1093780
8 25 985689
38 41 531095
32 48 961525
23 7 230260
9 48 561206
9 40 67064
16 13 1056383
26 14 808804
43 49 67897
38 24 469835
36 10 474594
25 38 378986
50 37 421669
30 38 633122
49 46 966079
45 41 1045540
1 26 819394
32 28 484078
12 5 378505
26 24 201712
23 19 827149
18 42 637318
40 35 498682
26 50 837632
44 19 738731
39 22 138994
37 42 24517
14 9 264433
33 27 445247
8 50 25594
36 48 902089
22 48 731931
18 50 740905
7 16 1068019
8 8 791697
9 30 538809
45 4 166984
11 33 746625
26 23 1055715
47 18 712738
29 32 762068
31 38 258036
39 15 498594
24 15 809780
6 31 901950
17 2 805045
44 23 641977
29 29 774232
7 17 887017
14 17 1077568
20 10 706883
48 43 888555
1 49 63760
13 8 992649
37 21 275377
7 30 953248
34 32 564770
6 47 990023
4 35 1068503
17 9 547073
18 5 884919
44 28 673326
11 11 964821
28 21 674913
16 28 128268
18 35 50356
36 5 795221
14 26 105834
31 2 897111
2 29 854248
39 25 713756
22 47 501734
1 12 761614
23 42 757625
42 28 440479
1 1 500
44 33 1104630
