50 2500 1000000000
1 2 76047939
2 3 65943479
3 4 96702917
4 5 31691815
5 6 84014187
6 7 22127465
7 8 73179086
8 9 32051861
9 10 96787763
10 11 10021906
11 12 84084636
12 13 6873180
13 14 74676674
14 15 64075543
15 16 58572904
16 17 86239598
17 18 3006109
18 19 86107500
19 20 8772299
20 21 44129045
21 22 42484028
22 23 69760694
23 24 79174748
24 25 107486892
25 26 30276074
26 27 51973524
27 28 98105794
28 29 10615837
29 30 85857850
30 31 10158456
31 32 82468653
32 33 110488162
33 34 48000283
34 35 7916780
35 36 20223141
36 37 5412246
37 38 51304620
38 39 105482310
39 40 88116127
40 41 29604663
41 42 10340430
42 43 102996759
43 44 36934190
44 45 66984507
45 46 56322959
46 47 54789446
47 48 46223003
48 49 55299462
49 50 32358917
10 2 687921
3 29 96116
10 34 276575
41 47 198158
15 46 1050402
47 41 838664
42 44 479804
30 40 785794
8 38 581240
7 13 796493
28 7 795637
50 48 754812
38 7 659580
23 49 164723
50 34 456660
24 27 202179
10 14 1025624
9 35 183620
15 16 665933
13 50 71944
36 18 693229
31 27 797779
30 20 330828
30 38 894756
28 46 872700
21 5 933715
33 22 684794
18 2 874008
43 7 83071
9 25 277802
24 47 89307
46 29 524968
46 47 245394
43 14 1104360
44 35 813314
23 38 580702
42 5 421761
33 28 1068384
49 38 942235
7 44 715210
1 31 1029444
45 2 343429
13 48 389344
5 22 506147
23 25 1077080
31 48 917178
21 37 273252
35 3 1049925
15 8 548808
31 10 167605
29 15 316939
31 20 956702
8 27 368582
4 2 942979
13 49 496607
4 32 417080
31 24 242553
10 45 660819
30 29 271708
19 28 513055
26 38 698159
35 19 293160
15 30 249194
25 33 847409
45 3 501516
27 9 818311
8 11 106824
21 27 260686
9 35 53375
48 45 261428
21 36 828847
45 28 635742
39 23 276089
14 6 784243
27 48 375321
13 43 997200
38 11 144694
33 24 22619
28 19 704310
16 20 630861
16 22 491473
5 20 1035490
50 9 222555
4 3 682426
19 19 245703
18 16 897904
4 18 24231
24 7 1034220
46 10 59985
39 23 469723
15 16 1078985
25 50 337041
40 1 280703
18 47 1060381
17 47 961213
28 10 745592
39 39 1012632
41 46 228256
6 34 189121
44 26 40482
14 28 563552
16 42 110597
43 9 521871
2 44 941166
22 2 606642
20 36 53415
36 47 530595
45 39 922805
17 22 115120
18 7 350495
39 21 514053
44 5 221496
10 13 916862
24 13 509769
45 20 1042537
4 27 655699
1 1 780056
14 31 574498
18 47 1011253
36 27 689350
40 11 339092
19 20 500754
34 3 988112
12 30 985498
35 1 740340
14 22 1004472
14 1 172385
15 39 989125
28 31 338666
29 21 14191
3 43 85571
33 1 19953
41 22 267447
48 47 626141
29 47 26714
36 19 1028830
50 24 825786
22 28 677334
38 17 1089945
47 27 300908
27 32 936919
15 44 1077471
1 13 982837
9 10 591434
34 19 695195
12 1 593537
46 21 315312
25 42 715235
22 45 1086618
18 31 260538
39 9 293585
46 6 870970
26 34 407840
25 16 404710
23 50 283016
39 33 907506
26 43 620606
15 43 413207
4 31 1058607
11 18 223695
43 16 666781
14 34 839722
46 44 439553
12 14 1034239
38 22 126430
48 28 151140
46 4 689267
23 34 557230
5 44 212338
28 43 394869
17 48 310689
8 19 718310
32 29 42518
10 35 1037150
15 50 776577
20 12 762194
50 46 935292
25 50 627299
20 50 840944
39 12 209235
14 40 150291
21 29 603251
15 45 605756
28 8 960048
24 33 884534
47 28 60769
46 41 211287
26 24 1036512
29 17 948407
13 6 979390
21 11 864387
6 27 36104
36 49 540512
37 13 361805
3 26 1028093
5 49 192932
7 50 971796
41 46 476699
11 20 31565
35 5 802872
20 2 986229
29 11 114396
39 44 617063
17 32 787933
50 1 1056872
33 41 43174
13 40 832567
1 11 98357
28 1 572909
23 22 685843
15 12 942285
40 33 250367
9 25 141858
46 21 370705
30 43 679218
38 48 1023676
15 16 721310
24 16 50622
21 18 239656
18 15 230192
27 27 300045
14 42 359975
13 29 69266
39 14 150383
38 38 1052302
24 7 306010
25 29 876557
22 32 553394
28 47 872945
37 48 338119
38 17 984747
30 45 721739
11 21 906567
49 47 908117
2 45 1083578
2 44 985467
44 40 334065
2 28 262479
45 37 225320
25 3 807321
30 20 242730
30 33 861336
16 15 53301
31 37 1004028
7 22 683200
1 6 259272
50 41 307384
22 20 50606
30 19 1010607
35 29 694813
12 37 880430
5 21 206421
3 49 45488
10 50 362449
15 41 1097477
6 26 600857
49 38 10405
15 15 992882
42 24 595556
18 47 663011
3 19 595637
42 34 791224
44 35 220884
2 17 5094
11 7 706342
30 33 122695
8 41 866673
1 19 593577
34 48 420710
47 44 871731
11 49 267960
18 2 472811
25 46 334684
20 31 182991
37 46 206006
26 38 1050370
8 38 1085901
45 46 883412
22 13 819758
32 25 330151
39 18 230427
34 15 91664
37 36 489230
45 6 215096
23 1 1048798
43 26 555694
41 36 16885
28 28 441812
37 18 663948
36 47 781888
37 35 664630
20 24 1095776
30 18 121200
30 50 1045447
14 28 948638
23 19 975020
20 48 40201
46 16 905106
23 36 1082865
42 38 153489
1 35 1004221
40 33 295933
26 12 1031428
21 22 1008313
46 31 503418
35 28 425524
45 29 82706
28 33 423718
44 12 873536
1 7 602595
32 46 130595
32 41 508001
23 31 290405
46 22 603722
10 3 722242
46 3 323311
20 9 676864
19 33 753354
8 3 36151
31 50 34255
48 40 445355
9 3 336635
28 33 550509
16 11 1068820
25 4 591223
12 10 881662
44 3 69459
1 50 1100558
20 32 1078928
20 25 977840
27 20 561907
14 35 434811
45 3 186770
6 28 979548
23 35 642966
8 45 1026745
23 17 27750
31 22 781991
6 1 980134
31 2 400580
15 48 501569
13 19 521791
13 49 598594
24 18 618480
31 34 371056
32 13 770675
17 30 604831
48 6 696461
26 28 1067702
30 38 900142
32 48 654777
4 40 295245
18 5 855667
10 47 337118
30 40 455207
1 20 453623
23 46 75109
42 11 342886
19 16 252339
44 5 890167
11 33 143837
46 42 628675
22 15 959986
24 19 83230
15 26 547738
2 11 1053666
20 38 1019907
38 17 1003800
26 25 310413
18 11 772118
36 21 502253
7 10 1080817
21 3 261624
36 12 438264
45 42 1020743
36 2 826984
47 31 192561
46 2 438933
4 37 714842
27 30 257761
10 27 127871
18 19 205490
29 28 391225
25 10 507446
11 37 405651
30 43 695283
26 14 564348
30 17 280940
37 2 139431
13 18 321106
6 24 327033
10 50 2342
26 7 190140
29 14 880666
24 11 125822
14 8 620011
27 10 597892
4 11 691380
13 44 860934
33 2 222141
17 45 303542
2 25 340618
2 41 681078
50 21 1011813
44 15 216946
12 2 378644
30 31 798236
42 8 759242
2 11 749059
13 2 664321
7 48 862068
24 8 250951
34 50 1040963
6 8 705264
15 28 673303
33 44 803487
27 23 530810
10 37 489491
16 40 638579
45 33 13653
1 27 373302
49 27 761035
1 13 1034226
7 16 416104
13 42 839716
29 39 60516
31 12 925014
27 48 1066674
48 43 57417
2 26 654600
6 25 776658
38 32 301339
16 30 1034043
43 12 3648
36 2 950572
32 49 963174
16 9 348865
14 1 516022
16 4 100319
16 48 580649
13 31 1025450
44 29 884651
22 34 546009
45 34 1069807
17 33 193826
20 19 121954
24 8 526378
18 36 139350
16 39 885791
8 29 775568
15 28 553230
38 13 61919
31 27 22769
24 20 872106
39 23 533930
43 48 1054668
23 44 586954
20 46 74012
27 26 945135
34 34 738651
10 31 998792
4 36 315602
28 21 903555
41 21 899890
21 22 32643
29 2 147287
37 26 336103
29 8 463320
5 21 246492
36 26 402894
36 2 959008
32 5 1028045
14 13 904762
43 14 750722
2 34 981485
17 23 967799
42 16 541673
33 15 181132
4 39 495523
23 1 804350
10 22 716642
32 47 387115
7 49 820608
15 41 509218
29 8 931934
49 11 92131
5 44 1053771
8 12 269805
38 19 949272
25 35 326199
10 39 731261
13 18 814146
13 49 854441
18 39 93234
12 36 1018653
33 14 1104846
29 9 825996
38 11 650712
7 36 902453
30 44 150785
43 8 299754
1 5 343425
8 48 618813
32 25 387666
35 29 515774
35 3 844224
28 22 491349
12 7 812835
39 21 186674
37 45 435291
39 42 14704
22 40 333064
26 27 821891
22 41 1016935
7 25 466079
35 29 687364
7 7 859906
10 15 996643
27 48 1014905
10 21 611978
8 23 764121
38 3 761792
32 27 44037
2 45 690506
38 15 422892
2 33 977785
44 28 278389
40 27 509167
27 48 944831
8 1 281992
9 38 629415
45 7 190966
12 9 130532
32 19 968454
29 12 1029836
22 22 638532
46 1 852625
31 9 1044337
32 18 797322
6 33 639241
27 38 221270
24 5 829147
45 41 397043
40 29 1014806
30 12 1084563
4 21 1106412
15 45 508852
7 25 728984
17 32 915503
36 43 98721
8 7 586579
25 6 400192
33 44 830027
14 12 524686
41 26 245735
11 11 761509
37 4 61304
14 47 560675
2 19 649243
21 9 797960
45 43 713541
50 2 64183
11 19 437893
49 43 749260
12 14 765730
23 48 1078814
15 17 629611
30 28 295261
10 19 491617
3 16 936323
50 14 532553
39 49 579646
20 22 1051768
50 26 833278
38 24 717055
17 34 285851
21 14 424024
18 23 567492
32 15 644038
37 41 766709
25 38 410312
15 45 1085009
47 10 1065527
43 15 1106566
46 6 327503
45 27 294878
3 44 1031467
47 16 424502
9 22 469898
44 13 1041608
8 14 813519
46 38 77241
35 33 522052
18 48 252292
12 37 464363
32 16 1010028
11 26 487737
47 8 145086
18 4 992410
44 40 1042957
44 37 835487
8 19 758811
10 30 634335
5 16 325314
37 28 61446
7 25 735462
17 15 735385
10 3 533817
49 6 1076593
23 7 47402
38 24 420284
48 11 1096009
47 31 714298
39 17 762499
26 31 22942
40 11 1082873
27 29 724820
23 30 735972
33 35 495705
17 5 514627
36 39 518895
17 28 453370
23 19 1022377
10 46 407947
27 42 302538
23 33 791035
28 47 175559
34 40 844752
5 38 1091507
45 47 742805
36 43 849684
24 38 987640
32 13 493306
38 32 799577
16 40 209949
9 3 1054447
8 14 1022713
19 44 447643
32 35 294597
47 15 12173
46 28 850527
42 23 879494
34 44 300750
3 47 68658
31 17 27936
1 41 268931
44 41 160584
20 25 1065951
45 5 598282
21 50 174670
17 7 997149
31 12 1098976
18 47 941283
8 40 521531
48 39 301183
21 29 696914
4 40 101865
21 23 481246
7 37 83786
49 29 614440
30 36 286991
43 9 904755
35 8 43995
8 19 670536
5 19 132527
36 4 905031
32 14 131153
43 36 677453
16 16 76662
28 18 960112
14 23 675045
17 3 258574
30 35 805498
1 49 786258
2 14 160766
4 15 709253
29 34 603926
23 14 954044
36 12 716808
45 23 485916
32 4 648111
15 34 402079
2 46 384519
46 14 55190
4 34 721966
7 29 455524
1 14 273355
2 37 275952
35 20 244426
4 16 280445
20 48 64376
49 15 418953
1 27 310509
46 28 101517
30 37 492677
42 15 158737
30 8 911129
24 47 1052655
8 12 240509
30 48 1075049
30 42 276810
8 42 1073703
33 3 640950
10 29 163466
15 33 497849
22 3 757984
11 8 855702
29 9 192918
21 37 168606
48 15 409260
16 34 945358
37 18 847655
20 50 153124
46 32 268179
22 42 853669
1 11 440632
10 38 479250
8 43 837040
46 16 438393
9 48 421571
32 50 793464
46 24 67812
27 34 989085
42 44 358152
34 50 146963
31 34 500028
7 3 322970
28 22 320155
23 23 163231
45 27 353578
26 18 1083091
14 3 190411
30 14 542523
33 48 1076191
1 46 263251
1 9 1036125
1 9 824409
17 27 36873
22 47 22285
34 31 24542
27 34 566079
32 44 507599
2 29 19050
22 5 1107151
27 31 548824
38 23 1089944
43 3 596381
24 49 802686
3 15 243611
15 12 140231
1 17 263029
37 44 759496
33 37 962261
39 45 931939
49 18 478255
4 48 564666
44 27 55209
38 39 868353
13 11 308329
12 22 780516
1 50 909583
6 25 974736
36 42 573156
35 16 280084
49 4 348229
13 17 879524
20 23 119792
50 37 721421
38 39 524327
22 7 985472
7 3 803643
28 8 271216
9 30 372647
17 47 719641
8 19 329353
40 18 318688
17 34 411515
15 5 524328
31 15 288803
35 9 538699
33 39 1074724
22 33 90667
30 7 896547
8 39 311246
32 5 666611
7 45 872843
48 6 155303
24 23 255624
49 47 82113
8 28 791756
32 35 291316
50 30 969935
45 15 843755
47 19 573085
38 4 775487
33 49 1068100
37 35 231307
36 30 1098159
38 44 53136
46 15 1100073
26 10 804726
49 21 264310
45 33 345982
20 21 363058
19 31 582448
46 6 924564
33 44 574949
49 2 3533
9 3 32821
1 7 411586
34 36 1874
30 39 859645
13 48 143866
1 6 633062
1 9 57591
31 15 320562
48 42 35296
24 18 946351
45 21 565303
12 33 380851
13 17 159847
50 11 476098
12 13 915310
16 8 138311
7 18 61762
43 8 874195
14 10 78473
16 17 399330
45 44 810064
12 15 875995
7 44 265294
15 37 115255
47 27 437521
20 1 334236
2 25 403792
48 36 628306
6 25 850130
41 50 397336
30 8 925082
7 38 245168
15 25 211268
5 29 222296
4 38 346206
48 20 1048188
13 48 258797
46 42 845777
29 43 513458
30 50 413169
32 5 471049
14 48 623042
18 17 129414
25 10 288548
22 23 678341
4 19 650522
37 33 1107374
34 3 1081859
18 21 1077448
37 40 352218
14 16 366679
10 17 628626
3 39 1036635
15 21 533574
7 30 124696
28 18 758795
32 30 629836
29 25 747746
29 18 2439
21 33 154016
19 18 895874
27 44 29944
13 18 405120
22 10 375405
4 38 862650
35 50 1012284
21 25 20482
28 48 93078
14 27 1106934
29 7 706294
47 32 112867
46 25 721697
46 30 141577
37 47 599289
20 35 29686
3 50 1058615
22 8 949179
11 18 752838
22 18 808372
14 15 468805
27 42 947410
1 46 732724
38 28 143177
6 47 744736
12 42 157067
1 15 685357
22 8 274719
31 23 205819
1 42 219121
31 11 632358
26 20 62828
16 42 526988
24 15 276025
28 2 469614
31 48 410101
2 45 526873
26 48 971869
32 18 372971
5 5 239523
48 4 724995
16 9 823214
25 31 93792
5 34 1018906
19 24 904642
28 42 858214
49 13 378442
31 45 108683
22 35 1075592
49 25 528704
31 38 727761
35 9 89246
12 22 278169
36 39 1107149
28 22 48498
50 34 916701
28 4 1075901
23 25 652439
47 39 99409
19 34 51025
13 14 337044
35 18 1082247
17 19 651678
40 16 721436
21 11 997121
5 6 818303
36 20 223266
1 1 635136
37 24 799433
45 11 830549
20 30 912657
18 32 535595
15 36 412982
1 33 516456
27 44 31326
35 35 34719
44 42 424886
22 29 53383
42 44 983557
3 38 568417
40 29 291891
17 14 917955
1 9 830300
9 26 1080316
38 24 233981
8 16 574337
25 49 466478
36 26 748959
49 3 6662
16 10 86248
43 29 174619
12 46 733968
14 25 876501
16 48 177504
31 17 750420
22 48 775250
28 20 994529
10 32 298196
43 48 575104
23 17 220273
3 13 442982
29 33 387252
41 50 222764
12 46 652957
18 25 1070523
18 3 609358
7 12 398075
37 43 270665
41 43 787317
47 47 665918
22 20 480187
35 36 744547
47 28 735679
26 46 251870
33 29 1005167
24 42 143361
12 50 746398
28 13 277573
50 7 346132
42 38 478940
45 24 937445
24 37 972340
48 45 855700
36 1 418024
9 32 143195
12 19 934238
27 33 333629
40 5 360747
11 17 880222
23 45 592574
6 15 440645
28 36 70040
40 25 374577
43 20 146589
50 43 502994
3 19 450561
17 35 983854
1 26 952177
9 46 1040449
12 30 376280
37 41 588467
4 3 879904
17 21 936966
41 12 643477
1 32 954340
26 14 750380
32 46 20430
32 48 160359
30 30 461106
12 20 639555
10 12 416602
3 48 357804
6 46 863158
15 29 236238
18 18 910718
39 38 1020524
40 4 654819
37 22 670190
49 48 898494
41 9 1068577
29 50 460144
10 37 571654
15 18 662729
1 12 1105341
6 41 612165
21 10 1102697
9 6 455880
39 23 783774
18 30 546753
17 40 153984
5 46 122306
39 1 668260
22 18 990159
23 1 611136
16 13 109153
6 36 270610
27 19 34928
49 36 172593
7 40 1088601
31 14 483360
30 47 180481
41 40 988245
48 45 883749
36 8 554796
26 19 357794
22 5 294481
45 33 218853
37 45 194578
32 2 93403
41 11 526950
37 11 101972
41 31 584616
41 49 160841
19 45 233146
45 39 189641
38 3 162087
27 41 961690
10 9 344939
23 35 467500
4 48 482352
49 5 300446
30 19 467480
3 27 856157
4 12 139203
5 20 687230
38 30 1066736
9 26 65379
28 49 269327
49 4 495137
45 19 428146
16 41 755523
5 46 987694
22 47 412981
32 16 487779
36 34 564787
37 42 62514
9 8 632326
43 41 997328
21 32 881503
14 11 266115
25 24 633578
42 45 126396
17 18 45463
23 45 891734
17 12 82172
2 27 636724
6 42 305585
10 45 350639
25 24 673050
46 41 795759
34 13 1054010
14 34 286982
31 12 312026
7 1 321516
11 33 833422
39 36 412527
42 29 106222
15 46 675558
21 22 717592
10 41 8054
42 35 1062570
14 38 664783
50 16 452852
1 18 1041789
12 44 784332
37 16 655573
17 28 400858
10 20 1011277
49 7 234138
43 41 921081
2 32 996992
36 43 1077698
26 18 970179
4 26 185139
12 1 1016743
5 40 1064442
2 1 993745
39 20 358690
36 23 595824
30 14 827434
26 17 287472
43 26 590095
16 20 1081782
35 17 138528
21 28 942500
32 42 857682
4 48 64351
26 27 987732
10 41 768402
20 5 546422
12 35 833858
30 49 97404
14 9 1019892
38 11 602689
50 43 795047
23 49 145146
10 2 381590
19 34 770446
15 25 385823
1 2 547293
37 31 1109484
9 13 831499
48 14 477264
1 29 609119
27 14 320335
27 27 31142
45 38 329706
2 6 896156
37 50 512050
50 30 132036
28 15 187875
30 45 192851
20 40 574562
1 38 902303
11 35 70541
1 5 173468
15 35 510875
4 48 210915
25 16 584808
16 43 220438
31 38 943629
19 31 1102025
38 26 32207
23 47 641085
5 40 875562
49 13 566255
24 35 991542
50 16 1065060
4 4 1019934
27 38 748190
5 6 758311
28 40 392283
29 45 400720
35 25 578840
47 24 312610
11 25 483794
21 28 1104433
10 6 658544
28 47 461583
11 29 638036
28 4 811721
29 31 1016433
40 47 856457
45 30 936660
33 2 147240
21 15 128468
10 8 513908
42 20 168829
16 15 930635
37 7 258083
28 21 493115
24 38 371042
32 16 1074824
45 27 787597
23 45 740724
5 22 811913
23 24 990588
15 1 879873
45 26 186232
16 39 1013274
4 44 675309
31 36 652052
9 49 1070817
5 8 649956
16 47 21332
8 3 1059934
27 43 6376
46 5 577055
30 4 464831
37 18 235050
15 38 915720
36 16 17961
35 44 211761
14 43 411539
11 33 258525
42 8 205069
23 2 625076
33 31 586825
3 18 853265
10 34 767988
17 45 79419
17 43 980518
39 24 403731
50 2 269298
1 7 183506
49 33 58603
27 39 992194
42 33 746367
44 11 860622
18 11 528445
40 28 839969
5 24 159033
34 37 493150
44 32 839190
38 21 793921
18 12 787044
42 16 103949
10 20 687245
44 2 254938
9 22 1025377
29 25 984758
25 32 1046127
32 29 199038
24 41 659349
46 36 560121
35 39 635590
1 37 593783
17 33 798142
12 38 555454
38 6 379544
49 13 526426
21 37 930776
10 27 981822
7 44 120938
34 43 1045798
26 7 460281
15 24 885674
11 6 285011
38 20 731330
1 32 613690
40 47 45855
40 50 97510
31 39 283027
47 41 468817
18 15 197487
33 2 555655
17 34 1016216
13 40 646108
29 16 748433
6 45 994580
22 15 904704
28 33 151615
42 38 983221
38 42 115602
19 30 1082682
9 25 689442
38 24 208572
26 27 51901
34 9 123396
23 13 336218
44 41 38236
18 32 272383
22 40 654750
23 1 156694
1 6 812972
41 16 994005
3 39 337419
20 26 1047700
14 15 323684
33 16 43123
34 22 882887
14 10 926191
4 46 933906
49 25 91679
45 7 240974
43 49 429320
48 24 231245
14 46 501667
50 37 848831
26 48 396395
35 30 60800
30 36 84110
3 13 4851
24 44 314466
30 41 853995
26 35 659833
20 9 619399
20 8 848926
2 42 662003
36 44 978709
35 10 785920
23 2 769400
41 6 1019673
41 29 181137
14 13 316599
50 30 444988
50 28 342474
4 47 1032146
36 10 854128
29 47 795774
7 29 852388
13 5 801211
3 39 754601
30 39 382551
28 22 324071
9 40 492282
6 44 1034355
43 21 78713
16 46 1086503
36 25 658558
30 26 906224
21 42 926041
36 20 837268
47 47 911045
11 45 882572
9 44 653981
47 14 1105539
39 16 552613
39 44 436455
29 11 637301
12 34 173881
14 14 407071
44 37 875290
35 40 894674
29 17 642124
21 3 201817
30 47 633335
50 32 510731
14 11 438238
10 11 1001118
9 36 628711
4 43 952091
50 44 643341
34 26 1070043
5 37 160113
33 10 770030
1 7 64299
38 34 822894
19 16 320127
30 9 27608
10 28 951193
16 10 387058
32 50 806428
48 28 247605
4 1 955476
7 36 531981
38 21 753456
3 4 228292
18 37 661067
27 25 151101
38 17 854395
15 40 1041008
41 2 281863
26 7 916370
18 8 303451
26 31 47699
16 37 443244
26 27 250218
32 40 683317
25 29 539548
32 14 432075
41 15 114201
12 33 275627
27 4 950615
2 24 580830
29 37 95669
46 46 155250
40 25 1048457
31 47 319987
18 31 52037
28 4 199688
20 4 755544
8 50 284629
20 5 338244
14 21 52790
7 12 687018
34 38 743665
11 7 823787
8 8 264732
18 16 317757
3 7 12659
4 17 923568
22 24 265454
12 2 1052645
34 22 726357
6 47 1082911
17 15 534826
27 33 1094078
10 11 490126
21 23 356817
25 35 737944
23 25 733450
14 39 80786
32 45 248266
20 31 115420
48 34 290846
21 19 715571
14 41 424701
36 32 145055
15 43 651795
44 6 14349
31 20 366876
6 4 993583
11 47 1092276
48 27 3866
15 50 133993
15 5 713942
48 32 273218
46 25 106083
39 18 966976
13 19 112772
24 33 699400
41 25 44604
6 16 269670
14 15 542654
17 19 106176
11 28 855566
20 21 87205
47 44 271946
20 49 804186
33 23 180118
22 32 502944
1 36 316941
42 28 493634
35 31 153976
31 8 240763
26 9 60036
35 5 972032
48 25 787972
23 30 1042042
31 39 924205
7 18 566487
30 16 1060870
45 37 1013459
12 47 685451
37 8 30403
8 5 437146
14 35 915895
14 33 512376
35 44 956305
17 45 416546
24 6 648963
40 36 912037
19 12 464124
8 35 709311
29 41 703255
26 18 1058271
34 12 299153
50 32 34068
16 5 917234
18 6 636171
8 39 131696
29 18 1050875
30 24 343246
34 18 133072
34 42 365176
34 22 1094568
5 42 824681
2 17 1034228
17 25 908428
7 6 80699
36 24 376545
23 33 884939
50 23 487642
15 23 291614
42 25 568090
36 31 1082778
32 43 1006965
8 34 671522
37 32 67226
47 33 814211
36 4 797987
5 30 794876
3 26 863885
19 5 695311
19 41 532835
43 3 701617
41 18 866162
30 33 1087274
10 5 281113
39 50 910631
46 18 220993
37 48 967011
4 38 389731
38 45 244755
9 5 577945
15 14 375810
15 25 550087
3 7 61308
36 21 609094
24 34 417426
13 17 334815
21 26 213323
22 48 1056740
36 12 952009
28 46 323360
21 9 1074239
4 5 24906
5 36 986397
25 8 1005326
44 42 708550
15 45 886262
7 4 453050
15 18 637253
50 9 197056
20 36 662181
23 8 485653
22 44 372263
24 41 480833
41 2 674185
34 38 133012
10 19 237678
5 44 219013
40 2 627012
26 20 245519
8 4 244208
18 34 786354
27 49 77260
20 6 1022635
33 13 122881
34 20 127941
23 1 931199
14 26 327410
5 33 547928
2 49 566811
46 38 400367
45 6 776213
40 28 1027313
23 20 501956
31 31 182433
6 10 242719
2 8 161963
4 12 305031
47 32 870963
37 44 386414
25 24 349433
28 12 846863
44 40 335473
8 40 195007
30 9 151655
40 15 489882
13 30 92264
28 15 639945
2 12 1073375
39 30 689897
50 27 564145
46 50 491180
38 41 1008250
9 16 586080
48 26 15547
22 41 808848
4 14 1099196
1 6 201301
18 2 432838
16 37 1035575
25 14 164535
5 39 816038
24 1 23149
8 45 497878
50 23 72389
31 38 635701
5 10 728086
33 33 1018681
46 2 802807
30 38 1047765
17 15 606867
9 34 559017
29 46 5468
11 22 1046924
25 46 175386
16 18 846432
10 25 383316
31 37 420027
6 10 686976
6 28 330566
19 19 441312
47 39 527603
24 16 830916
3 20 553976
8 7 236660
5 4 413537
41 28 275832
13 31 757504
12 50 658004
29 47 87333
34 16 108147
20 1 166110
23 50 612443
36 10 276438
40 11 543393
32 27 470315
43 22 667253
34 9 1068433
44 49 776842
27 21 971237
5 24 580967
46 21 29965
24 15 598587
16 20 114756
45 22 657335
43 36 504881
28 40 604616
21 38 64114
8 31 533980
22 22 1106410
2 29 560490
41 9 227932
9 18 1010482
39 48 142288
28 9 1081974
39 45 672535
35 6 1088956
10 14 809953
4 25 578298
17 41 45270
23 43 896858
25 7 179815
7 13 20370
34 47 670379
50 45 67054
40 43 191749
24 38 946002
41 50 605470
17 45 1101988
8 33 445840
31 2 816933
11 18 420932
13 34 74284
44 7 1027886
17 39 761915
15 33 811969
5 8 595118
47 16 823925
19 12 575297
33 31 47759
41 1 413439
23 3 802500
1 28 37198
6 36 211221
5 26 58163
21 9 875994
28 29 906428
29 36 1101867
36 10 450196
36 9 992457
2 23 512056
8 35 430482
3 15 841125
13 31 954437
1 17 526669
48 7 564789
3 39 299237
39 36 220467
45 7 2889
45 44 47239
7 33 876096
25 38 11662
14 8 371933
11 8 1027800
36 2 906177
30 10 464993
12 9 375670
46 21 683442
9 42 1033639
47 27 894503
49 3 1048798
8 28 317093
43 6 893453
41 24 343438
3 29 225919
45 9 568209
7 19 1086933
2 16 834741
26 46 252841
13 11 1051404
25 26 646311
37 2 423933
3 46 467034
27 46 1057038
17 38 333365
36 21 615521
15 16 840324
5 10 480178
50 22 1069639
10 2 936588
18 4 1077865
50 7 488426
27 40 126052
29 38 469969
8 42 240370
18 22 922932
21 33 615071
32 44 222005
43 15 548670
2 15 343634
39 16 361286
2 34 849242
15 50 666959
20 7 1077976
30 17 35726
48 19 907430
22 37 95178
30 6 769477
16 18 638789
23 35 151156
34 34 1030851
48 48 759775
37 42 768202
39 27 985098
21 14 767624
50 18 725774
33 20 686703
33 4 782636
33 16 240151
12 22 1031005
23 48 701113
41 5 854726
9 36 149183
30 19 501486
26 7 475276
10 33 172534
31 40 403573
5 20 1063847
4 4 939067
38 24 137634
26 43 151136
39 11 521686
45 32 201477
2 17 412174
19 43 799748
11 3 395964
18 26 901472
38 14 29052
44 8 312428
5 44 433054
11 29 1006894
40 46 379275
22 31 198747
44 29 155305
21 15 1034263
18 11 177761
42 1 1035705
18 16 835575
34 15 92921
46 44 411766
22 23 635789
27 5 348360
4 8 147332
41 27 74743
20 9 907334
45 28 929256
6 22 720754
26 1 1065610
33 41 483421
16 19 284149
50 31 151872
40 30 131524
42 19 291886
18 8 312350
27 32 20944
5 23 26222
8 36 56235
5 11 437991
23 36 1078261
18 28 1043194
33 15 532316
24 36 941449
46 41 922699
30 47 164784
21 10 810046
7 1 620501
41 17 126797
46 3 1075665
13 13 958692
37 40 481193
50 45 372043
50 41 338052
46 43 439701
40 25 92277
12 22 655884
19 32 918723
45 29 277842
1 14 1063086
15 40 933426
16 42 928532
28 38 69025
6 17 685239
25 41 726866
12 41 777669
26 47 576422
43 18 346463
49 36 773360
19 34 150699
50 5 983035
44 13 1083237
43 22 32826
12 40 749152
21 12 670636
31 28 229144
50 26 212387
34 50 244522
30 43 166102
30 11 122615
32 38 77819
49 1 396191
18 38 76549
17 1 391768
1 18 157217
2 40 285525
22 33 41814
27 44 583300
26 13 615158
31 16 479875
21 3 170344
22 25 700238
20 1 1021392
8 35 629210
34 31 759728
17 26 365437
45 39 545537
14 7 1032050
26 17 299938
7 7 601507
47 36 1075492
20 47 117415
28 36 979805
2 4 430022
48 4 532465
27 12 423434
44 8 823400
17 20 937209
25 23 581291
40 39 783887
33 21 568769
3 23 485520
11 14 321295
17 18 837253
22 50 1050573
13 46 5114
49 20 385738
12 7 664339
16 11 943169
46 27 1030862
32 21 504692
36 11 377771
31 17 272256
18 9 537085
3 46 712529
9 10 267505
33 13 526628
40 12 984778
44 13 218496
34 24 585932
9 33 587645
35 6 548062
35 34 100159
30 42 91768
40 19 1106218
3 1 514212
50 6 524199
7 28 394280
47 4 939172
37 40 281234
36 6 237582
44 26 706091
28 14 496049
33 2 559198
42 3 993701
26 35 243720
25 19 871823
19 25 83139
14 9 801862
50 37 822697
13 20 543422
19 6 496945
44 18 869563
24 13 679502
5 28 907968
13 28 76977
45 9 257999
41 50 1054389
25 41 201019
1 37 641585
20 19 225282
50 24 683054
24 2 554518
17 11 849734
13 40 908572
26 16 467534
19 27 723006
39 32 904689
2 34 928935
23 32 434867
18 44 639830
3 38 771218
33 28 233235
16 9 209301
17 46 680930
30 45 108144
24 27 859255
16 50 594614
27 19 632740
26 35 766169
26 39 905090
12 30 533776
9 48 310843
39 28 756266
12 44 130927
22 4 667734
13 42 179651
13 48 784336
16 17 905388
48 33 393367
10 33 548659
23 17 800279
6 13 65396
50 4 949142
5 31 394876
28 3 666809
13 6 9960
14 2 135160
16 47 481244
34 46 42839
50 9 837573
35 26 628679
2 47 658364
19 42 129651
31 15 1015022
33 19 1108696
30 4 402230
32 16 1005378
10 26 54436
45 44 845917
10 6 363801
40 6 185295
19 18 831900
37 50 224120
40 1 602594
49 23 675196
37 3 288032
18 48 148414
17 15 633919
10 49 250581
47 25 977551
20 9 737594
2 46 341463
29 32 457307
2 50 251143
44 44 847082
33 6 1037318
43 30 221527
3 6 841365
35 44 845286
29 37 2812
29 42 389512
29 20 762422
18 36 716125
35 4 1008871
29 2 425166
32 3 938564
4 1 203574
1 46 1095453
18 11 842322
46 3 644027
21 12 721660
24 49 13568
3 17 817745
9 50 490388
14 24 1071932
1 17 305271
3 21 132913
16 36 1101525
21 41 691963
37 36 177332
46 29 577114
20 3 643732
47 24 911980
19 5 443492
31 12 1109860
41 3 282024
20 41 705112
7 35 1090918
34 23 945543
15 46 418918
47 43 1079761
41 1 53466
32 30 386091
5 41 546042
12 45 388468
49 19 545183
5 46 491366
15 31 614472
49 39 485761
46 27 193022
24 30 707568
49 50 199221
34 20 664766
20 10 723629
39 18 1088526
12 7 360094
39 36 579023
30 2 168255
45 20 756683
35 13 894259
39 14 77717
35 27 980672
45 18 630305
2 42 857603
23 42 738860
43 14 1080836
34 24 757957
21 28 228980
24 9 18886
47 40 177553
12 10 561349
31 14 218585
26 27 971214
2 47 1023135
34 28 1088403
44 11 357680
6 50 448082
8 33 392508
41 24 174661
16 23 522285
13 45 307032
49 35 208785
11 20 71696
4 38 1095095
28 17 23436
28 40 285860
39 6 141533
12 47 544728
33 17 364962
8 12 565084
47 36 743132
22 25 619907
31 33 660528
30 27 345293
50 14 697929
9 14 350617
1 45 693925
24 44 160053
11 28 457421
44 31 109
26 48 570816
16 43 468009
34 8 728979
1 35 524296
12 11 946190
13 11 981221
27 46 855915
12 33 709641
46 49 1027596
48 33 548555
9 32 906706
50 18 864016
19 35 28393
8 44 487093
3 42 709423
7 7 233099
25 12 384472
31 45 478826
29 43 878985
7 6 1017922
3 13 88244
17 21 333208
3 12 347268
49 44 823544
3 11 1053314
5 42 948881
15 47 659166
7 42 697043
45 11 1105415
44 20 963038
24 23 120199
8 50 107719
36 36 369612
13 48 881650
40 47 690634
24 44 770014
45 43 712329
36 1 1102080
35 19 1054748
7 49 23084
3 22 1082992
33 9 994653
3 2 1079739
32 38 305580
9 21 599671
7 42 992888
24 46 343240
43 11 347761
33 25 736624
47 17 614112
32 12 565617
13 10 706739
27 6 959840
39 49 238387
35 16 526612
45 24 1004670
46 12 212058
8 10 191094
33 47 1062938
13 46 1004164
8 8 1027616
21 46 448082
10 7 295215
28 8 721053
28 38 495176
22 49 321465
5 25 259956
17 33 1092216
1 20 794480
8 40 223163
32 42 894333
31 30 967000
3 17 714131
13 2 650170
28 30 279021
48 4 634235
7 1 829395
44 2 1037756
16 46 665951
11 8 840276
28 33 329790
8 8 689427
8 27 992536
14 45 254559
43 41 890159
9 2 229182
19 45 441450
43 23 858396
36 50 900210
41 6 1092678
28 30 40334
41 35 705943
34 46 968987
19 11 900652
46 10 633266
22 28 604331
44 2 769841
10 46 533249
22 5 934135
12 40 990402
39 39 83089
26 15 221339
42 29 613301
50 15 818668
35 13 756154
38 32 166180
25 30 899868
45 8 744275
37 23 147683
3 46 471953
4 6 854220
11 2 164571
32 17 440476
46 10 244735
45 17 895042
8 1 108151
11 34 305744
25 4 368837
13 11 20107
43 13 978944
14 7 847956
16 34 137791
42 26 836635
26 13 4392
45 43 179425
38 40 521222
40 30 572165
23 30 498239
40 7 753800
8 33 158844
45 1 1039874
27 39 944111
47 48 933007
24 16 342658
7 11 908024
44 28 792909
9 11 867558
40 36 1092869
20 34 338089
39 21 167968
40 17 876616
32 29 126775
42 41 411395
24 15 548272
40 43 433263
30 11 895758
2 47 626445
29 50 910895
20 16 727860
4 43 981746
6 30 1053690
45 16 849435
4 11 939587
2 15 412718
49 33 406283
34 3 522931
35 9 278500
28 19 271161
15 47 432457
29 5 785010
8 35 351302
50 28 192385
17 44 489118
26 32 452842
2 44 143531
49 15 911510
19 37 105205
33 39 797819
32 5 412922
18 8 111002
3 38 352022
31 47 561500
25 31 452469
33 43 65465
9 44 66618
35 5 118620
40 24 1110525
40 49 1038581
5 49 702902
11 32 250364
13 1 66916
28 26 611444
9 32 55274
49 5 622725
29 44 964668
32 41 19627
41 13 442079
14 43 1025777
26 12 1023011
39 37 246482
12 9 828599
24 44 865838
40 50 625867
35 6 697119
30 32 680754
9 29 1107247
26 23 640951
5 2 880030
34 35 780376
48 22 201828
30 11 292924
6 35 812767
18 6 52797
35 43 623554
16 13 151748
37 40 840795
43 1 401579
26 25 384352
23 23 349901
41 48 703681
27 2 432148
34 19 109425
14 34 938909
46 39 350371
26 15 270139
19 18 26693
33 20 516159
4 32 132875
24 32 120690
48 6 538298
44 30 192293
35 18 804344
7 14 970025
6 49 435835
10 16 272332
12 6 919093
9 46 856983
26 50 184603
13 36 809809
21 31 196780
12 4 623263
3 16 792192
24 41 541889
21 22 1104725
1 38 54871
20 33 490608
4 25 41548
43 44 326557
4 40 560177
28 49 959650
15 38 734621
19 46 280986
10 4 36425
32 1 297873
48 49 993099
10 7 196238
19 8 466352
23 10 489146
39 21 168056
2 45 635488
8 38 497940
3 14 242544
28 27 843710
2 19 14151
23 25 670377
27 44 514210
42 48 795582
33 50 137126
26 32 47019
27 19 452207
3 27 569747
31 10 705861
9 43 558618
1 42 352096
42 11 148567
27 9 837133
32 12 1087387
33 38 397441
30 33 924241
3 28 56556
17 43 78527
12 16 362978
6 18 1025056
6 17 62120
10 2 832703
21 32 282441
4 41 524957
1 18 130374
42 43 261944
26 39 594084
3 43 281365
42 2 839052
49 25 1044408
45 8 520749
38 35 920437
36 8 962186
20 6 315736
16 35 534927
28 8 73258
11 10 832294
24 21 58347
26 38 935425
36 29 903359
36 26 950809
49 12 563922
22 42 603260
23 1 585077
42 1 841285
16 10 55641
24 30 496910
18 50 644700
29 14 698248
36 7 421052
38 16 316057
4 8 438335
34 31 878377
36 10 184024
35 2 640970
42 10 810993
19 46 853000
39 17 908351
29 9 625435
20 50 253435
39 42 741274
39 27 234248
40 8 332742
49 36 424031
23 28 541204
3 38 46425
9 9 1010294
24 11 427442
13 26 911158
28 43 427083
9 35 365708
38 21 325259
33 20 912954
42 28 861417
18 19 277137
43 8 644557
30 3 363229
44 10 923804
44 48 991028
28 7 479431
9 7 10739
22 11 992796
28 35 318389
35 24 659564
36 12 96646
14 43 992606
22 33 333291
18 34 398590
46 11 531824
50 28 569431
46 10 278310
44 23 886641
44 21 356253
2 24 904140
5 37 256365
1 8 598232
27 18 693610
48 19 1032953
39 43 295930
8 21 814115
23 20 959255
10 33 1032405
22 44 432009
18 1 111956
6 46 148640
44 4 1019985
37 12 654081
9 47 622481
9 23 103189
24 48 973002
41 48 905161
48 2 723908
37 13 246729
49 5 709276
10 49 114231
21 29 905873
28 48 998822
49 49 114586
16 47 1081127
42 44 237573
31 37 341200
32 24 202705
45 14 604686
20 10 91388
5 45 351443
30 46 1086869
22 35 428097
