20 200 100
1 2 83869631
2 3 28585703
3 4 95825100
4 5 70446078
5 6 25933621
6 7 39205606
7 8 57975920
8 9 85360018
9 10 26154650
10 11 83497139
11 12 67812705
12 13 93025055
13 14 22056474
14 15 49293358
15 16 70430385
16 17 108095236
17 18 4735732
18 19 15222231
19 20 62743040
19 20 302155
5 10 561765
13 18 444495
6 19 632871
11 7 543209
14 12 327370
7 19 988272
8 19 755405
18 15 1080841
8 6 1069696
14 13 882104
9 10 369782
13 4 771464
15 7 339617
12 13 659717
6 9 563210
1 19 508044
13 5 438492
2 8 696619
11 17 1073849
11 10 824417
1 8 1103909
8 7 791888
19 20 1048232
13 9 87435
2 5 872318
7 3 10111
9 1 730597
18 9 1055721
1 11 189762
13 4 446458
2 7 324774
12 8 525978
5 9 665985
3 16 941620
17 17 588777
12 6 205125
5 20 97078
13 8 371765
9 2 635726
19 12 703747
17 18 870625
17 13 90511
8 14 912518
3 16 790203
6 16 641209
7 20 1041736
15 9 4323
15 2 942722
6 18 65810
5 9 89951
3 2 980340
9 7 430439
13 2 946800
3 7 663039
12 17 778981
7 17 179362
4 12 878763
14 17 111824
20 3 344706
20 8 523142
8 2 787282
17 13 1105471
4 13 941017
2 1 409042
11 5 294657
18 16 116555
4 5 873035
15 14 18133
1 17 748708
17 6 468242
7 2 901383
14 11 248774
15 8 196281
16 14 786583
4 6 507009
9 17 42418
10 6 235904
15 7 350851
13 7 854464
6 10 573668
8 1 925753
12 15 880153
3 8 108468
8 10 239177
17 1 904112
11 3 722511
14 8 826231
10 18 301876
18 4 941461
11 16 1086930
20 7 910505
3 12 582385
5 3 645684
17 15 836663
6 17 233864
6 20 1100172
1 2 576369
19 4 825748
17 17 350556
6 19 395774
17 19 11977
9 14 261148
2 7 238057
18 14 325074
2 14 109714
1 12 156531
5 12 763672
17 7 656971
11 1 889265
3 16 903838
4 13 164924
6 7 42804
7 8 666123
13 14 1021475
16 15 329795
20 17 206418
2 14 845869
8 9 19286
5 7 806554
10 4 459922
1 17 554604
20 16 774994
6 11 1031760
7 12 176431
18 16 353886
2 14 1058687
2 10 810160
6 7 1068212
1 4 563947
20 10 304555
19 7 223159
14 17 918007
3 10 975558
7 6 760536
9 17 876763
2 15 316995
9 5 873167
3 6 223215
7 7 220735
10 18 726878
17 17 984375
13 9 1047166
8 16 248631
18 20 41196
7 1 235287
15 2 1033458
14 3 656684
1 14 337107
12 3 1083462
18 8 674529
18 20 876193
11 7 266226
2 7 438181
6 6 479986
4 4 700874
8 10 731627
16 7 582727
12 18 1081670
18 8 129792
15 15 1102536
5 15 160185
14 8 804217
1 1 957381
4 8 788958
14 13 1091644
9 19 132655
18 12 587680
4 12 800921
10 6 68905
17 2 2848
6 14 782531
11 15 600145
4 6 1093771
12 7 205643
5 17 52412
20 15 279874
8 19 304086
10 7 46996
17 20 264344
15 7 913712
