50 2500 1000000000
1 2 74261033
2 3 93598112
3 4 84057447
4 5 106814331
5 6 73889456
6 7 20127409
7 8 29994354
8 9 50157161
9 10 51963339
10 11 108459345
11 12 7543775
12 13 62713939
13 14 97315098
14 15 60060453
15 16 20066876
16 17 83864105
17 18 67036613
18 19 89237948
19 20 61048283
20 21 43374283
21 22 25294243
22 23 103593976
23 24 47016132
24 25 33823463
25 26 4782293
26 27 58225634
27 28 68556517
28 29 29489122
29 30 82789112
30 31 36012041
31 32 38278963
32 33 68522989
33 34 78462707
34 35 16010303
35 36 24261006
36 37 91767650
37 38 8726510
38 39 37904070
39 40 19006426
40 41 22869953
41 42 53792035
42 43 92552848
43 44 23179974
44 45 24723488
45 46 97727641
46 47 71240816
47 48 44544922
48 49 69447724
49 50 107970526
33 48 93534
39 32 1052000
18 32 205731
15 14 409469
16 1 682013
27 8 1072023
1 18 294927
39 47 465279
16 47 996583
41 50 731292
11 21 732457
47 12 786393
26 11 674637
28 32 590616
9 15 41007
23 21 1045001
47 50 889436
39 23 1034464
6 4 434361
7 13 572654
25 38 998469
3 35 30439
10 41 381747
25 34 155577
36 39 959353
44 1 496534
18 17 209644
41 16 839720
42 30 216810
9 6 135367
20 32 302596
21 7 431661
29 14 446243
8 46 893587
16 13 709096
33 1 82430
42 35 223642
22 32 20914
41 6 306061
21 46 134047
7 21 842353
17 40 412275
2 9 767231
37 46 151375
40 1 18327
20 37 719566
28 31 91177
36 19 143997
8 42 435017
9 28 905293
16 24 33104
8 31 402442
25 22 721493
22 4 671785
42 7 286216
18 32 236707
37 37 482796
10 36 685058
22 5 227889
23 48 801755
39 28 314388
44 19 1084969
43 16 960738
3 17 144254
2 34 754658
15 24 46482
12 2 391127
47 9 945650
6 13 501151
26 1 394275
31 22 1022390
46 44 617563
47 44 347174
23 35 74946
7 12 229452
43 20 386346
40 36 1104115
41 16 275930
23 39 568193
7 46 746429
5 42 609250
2 9 488617
41 46 83821
32 8 201816
40 21 112951
21 48 336431
25 14 837393
15 19 99825
44 2 305467
8 40 406493
38 18 1012425
37 27 920008
12 27 57423
10 41 874441
25 5 239152
35 46 17229
17 31 142450
30 28 799998
8 21 50352
47 18 247487
26 9 164075
29 44 788638
4 42 170254
20 8 716660
16 37 824168
48 14 554447
28 49 881308
27 34 667972
41 23 32632
32 21 29316
42 15 456959
8 13 166191
19 38 878867
26 18 995406
32 10 715293
39 27 1092135
36 7 28213
6 30 268119
23 18 677117
24 11 16328
21 6 1005209
29 26 676201
4 13 224056
5 19 599522
11 14 693501
1 36 371693
48 24 618916
11 24 1073644
42 46 265803
31 23 688714
17 28 386991
8 9 972073
34 11 509151
25 9 176372
10 20 100656
3 30 244982
16 38 236739
18 25 22332
28 14 939651
44 48 499599
8 18 1090885
31 47 520949
19 14 310244
32 38 471915
35 37 236465
21 50 973045
1 39 666667
21 2 632052
11 2 440911
5 2 223647
3 25 97014
3 20 1058420
22 8 169594
49 28 711309
32 44 817995
2 36 193608
3 27 545477
21 50 444635
12 41 6589
40 32 937687
10 31 558682
38 41 122784
38 27 679863
22 46 1037510
30 25 594512
36 11 487342
50 28 696623
19 45 928097
45 22 600522
40 34 506769
25 26 385811
3 30 544834
27 10 706186
16 7 1033496
20 6 665428
3 31 873033
49 43 845134
45 18 227480
17 39 66724
16 48 1021272
49 28 980621
7 41 874316
49 41 598121
27 44 768374
44 42 190089
9 41 1053045
24 50 994714
20 26 1068387
36 7 567023
46 15 768141
49 13 540187
10 16 632416
19 9 830881
47 10 672630
41 8 844760
14 10 29063
46 7 556635
38 29 400004
36 6 501689
42 16 194584
37 42 205604
6 17 146543
19 8 655290
12 8 1107842
13 39 649405
25 17 931535
44 33 996940
13 10 872895
14 14 896654
6 38 1031647
12 48 612114
33 8 995092
16 25 852929
19 29 980499
10 4 249842
21 30 349466
34 49 124828
33 29 314330
10 5 376093
1 5 129154
27 8 551553
34 45 281814
9 15 730478
48 25 478373
35 39 140534
46 12 215893
39 25 275184
6 49 848948
18 13 679448
22 11 651196
37 26 281613
45 39 815586
40 22 5656
23 44 626762
42 50 324394
11 14 531703
14 40 207055
35 7 984674
40 15 289680
18 4 23995
29 36 658573
12 41 495136
4 22 585226
30 36 939594
10 15 896823
33 29 560141
18 20 259300
25 28 1020364
46 19 126667
44 24 343111
9 15 806233
33 17 997017
8 39 684693
42 36 670760
42 33 934622
44 39 1090018
10 23 879109
27 30 372142
31 36 1076382
23 25 1088585
24 13 690830
44 4 229669
35 29 1063300
4 14 889427
38 50 578523
49 23 86211
26 7 60576
26 44 607524
13 41 398345
37 43 982478
42 25 1090264
11 42 117439
8 35 1051798
3 4 531432
39 49 1012965
16 7 227052
33 20 922098
42 7 464763
40 45 983654
47 49 176877
26 24 463155
36 40 128140
4 1 1089818
44 28 659189
46 2 90111
30 38 792657
30 42 464204
39 6 91540
23 3 1042774
32 8 358505
19 45 304948
8 5 398773
50 17 433342
31 41 379161
31 16 753309
28 19 1030565
47 50 949569
41 5 520290
21 35 319300
29 16 136138
28 27 657239
37 1 256761
48 3 798347
14 24 525503
36 47 1101694
23 29 162053
4 21 406099
15 23 763257
33 30 19657
49 8 42565
24 35 149246
45 9 655686
42 4 126890
32 23 210642
25 35 244516
40 36 73190
7 38 1028204
37 47 812902
5 44 362507
24 6 401533
10 49 392177
17 11 748979
34 41 883328
1 17 63716
28 9 452061
5 16 758168
5 31 280241
23 3 448432
34 11 618296
9 5 803066
45 39 281078
32 22 483665
6 6 352165
44 1 753774
10 4 539139
20 46 229240
44 12 274992
26 11 565203
11 40 298435
1 9 466310
26 17 630112
18 32 438985
23 28 1054349
27 20 146515
26 45 71545
6 37 984394
24 24 408344
45 21 931821
25 2 73735
21 9 46928
35 50 1084997
7 37 69173
36 2 992102
42 21 826227
25 49 342249
27 42 779788
8 49 916231
42 12 388208
26 42 916756
31 29 476381
13 36 440071
42 35 806021
44 27 711670
39 30 826770
48 32 829015
17 19 318389
8 34 1045631
21 40 545624
50 19 603710
6 31 762401
29 48 279084
47 19 130890
46 3 1027170
1 25 675540
15 48 821093
33 48 15483
46 24 809427
17 14 768402
49 6 59302
19 13 696429
31 50 1105114
8 24 751282
2 10 259709
47 47 869178
17 49 54291
13 34 363429
44 5 721425
43 46 530628
4 26 524535
50 25 447486
41 43 323659
26 29 274696
1 17 208310
16 43 890163
4 18 791588
26 18 292971
4 12 51191
44 21 896860
26 49 93308
23 35 177185
35 42 737383
21 37 1081885
40 33 672438
47 46 207617
41 28 252577
26 50 852091
4 34 819447
6 22 207304
49 25 728925
5 18 969247
1 37 731198
18 10 651217
7 5 255739
38 38 542456
38 17 204878
17 48 49904
19 14 1081323
22 32 898239
22 49 1071292
7 42 12610
2 25 590097
19 38 1035861
2 2 786415
50 16 506985
14 25 174174
20 41 1089817
38 3 273783
2 36 346691
7 34 67098
3 37 301288
30 4 621004
1 46 1029712
34 34 927171
43 10 316795
26 1 790082
6 6 739507
45 46 93589
18 41 659900
35 8 769593
3 42 568388
18 7 1077627
29 13 1082582
45 24 902030
16 10 348679
38 21 962651
19 15 140909
11 10 232089
43 6 889399
26 3 549657
43 12 275527
8 21 130999
44 26 281559
48 38 514113
25 13 390424
6 27 766646
27 39 1085192
18 49 65540
32 30 900634
48 22 593758
4 30 33524
5 5 245164
32 33 952062
4 21 404207
13 5 318795
11 3 198439
48 45 608995
37 8 221127
2 10 837691
6 47 212550
48 25 198830
28 23 995922
14 37 1010681
21 42 145618
13 45 1109965
47 39 291982
23 43 779106
40 7 878960
41 37 806760
35 43 534662
48 2 717936
36 4 850761
18 36 441548
36 43 251547
29 15 40006
45 21 171912
9 47 408271
3 41 703427
13 26 368788
47 45 166338
23 39 683624
1 30 932025
12 13 474829
13 47 427951
40 21 661283
46 41 535356
34 23 145833
33 21 942656
44 8 686088
24 24 875210
23 44 446881
8 21 860621
44 2 647084
14 39 711717
33 5 367786
22 2 63217
30 13 465131
41 35 973535
45 7 433038
12 15 108373
29 32 744331
28 5 456950
23 14 885256
32 22 340256
21 37 760880
23 19 172085
34 3 1079057
24 12 369718
27 41 503140
44 13 479784
36 26 933305
17 20 204445
19 48 881709
43 14 910465
30 2 1108419
17 31 147727
4 49 933840
40 2 276881
20 33 488310
49 10 780161
39 30 206569
35 9 445903
10 1 491831
17 22 1095934
13 18 683118
43 26 12990
32 26 1084166
39 41 934135
6 47 1045177
7 22 411880
6 32 611057
18 18 781212
43 50 53483
22 3 62198
44 9 535254
14 16 1017390
8 29 255043
32 7 756673
2 24 728985
17 17 313115
38 21 742122
45 19 518413
34 20 811531
26 27 431023
45 41 875858
10 32 984541
34 25 65384
32 31 145179
44 48 464566
16 10 2329
31 49 424586
27 42 256028
23 24 1083923
35 15 777307
7 46 950024
17 8 352454
44 36 275720
15 40 1004988
19 30 882311
37 35 378711
50 28 678596
14 2 451119
17 48 146768
11 24 811730
22 37 647701
50 41 344543
34 49 690988
33 38 861955
7 26 363387
15 11 41947
8 41 682591
42 42 105812
50 2 15664
3 13 817023
17 22 209325
8 8 165351
7 44 30651
34 39 743364
46 14 492699
24 36 704233
5 31 791118
44 3 85240
24 17 1076022
30 39 1026445
4 6 117446
42 48 445726
37 11 965355
38 15 319136
47 40 734168
11 19 809844
20 33 376681
49 21 412582
18 20 249675
45 50 1105350
32 21 1108802
21 38 303638
24 25 780454
28 44 991400
3 32 529124
19 11 451792
24 24 172965
20 38 1081421
42 32 884591
31 43 995397
21 34 368323
37 35 278602
41 45 934174
29 33 67189
48 41 635403
29 8 544093
28 33 554222
8 18 915792
42 14 836708
22 36 915543
7 37 34038
11 41 1038434
8 21 740332
38 50 886663
6 43 73942
32 19 397174
28 25 573077
15 5 470840
25 14 198114
25 5 110261
1 37 184959
48 38 150061
44 31 141307
50 48 1060572
7 10 208541
21 33 104938
38 6 696887
6 44 266441
33 6 93934
49 45 833388
29 32 511649
34 8 1043576
41 14 690546
45 7 714481
48 6 675801
6 26 1008293
26 44 159155
31 11 8609
3 46 798877
2 16 181052
15 27 799503
48 17 595406
19 20 543912
16 37 101789
25 50 764685
23 41 235056
42 22 753013
47 6 53301
15 23 594821
44 18 1080419
24 5 618007
29 42 376274
7 43 1025676
7 19 131864
45 26 832626
47 27 179590
47 24 747142
47 12 640371
1 19 714005
10 39 916513
8 34 618372
15 18 96372
44 35 554054
15 43 1089338
36 4 477983
10 1 226831
30 15 48664
3 26 200407
30 18 548159
4 3 605182
26 49 27497
21 36 123431
48 50 272460
7 19 560334
38 31 703968
30 15 607976
45 9 649815
29 26 367774
33 45 692294
49 16 535106
29 30 670881
12 32 479603
10 3 110512
15 22 317902
45 2 142561
2 3 329577
23 17 872482
26 47 836589
16 13 780800
38 6 798172
15 33 851876
46 20 724861
27 5 1012557
3 47 273110
27 8 923752
10 22 975247
46 19 728620
32 40 758057
43 21 418884
5 4 819424
20 28 88654
48 8 501518
9 10 47568
30 49 275197
47 13 532089
30 12 497740
2 2 1095896
20 50 177337
12 11 871414
7 13 939464
38 12 882072
22 39 606806
45 27 18388
36 35 839175
40 6 777029
12 49 806903
39 28 625748
2 42 1067592
6 22 809797
4 31 308845
22 9 670522
44 4 134684
21 14 287163
50 25 203793
10 19 1098823
29 22 675185
35 47 388810
15 15 168034
30 24 202828
44 29 410329
46 41 1061428
42 34 779600
35 4 661356
13 13 365070
6 21 1064951
15 13 4778
21 32 942968
19 2 29504
21 29 553299
50 46 90227
48 19 451000
5 7 722041
33 34 123183
32 29 780709
5 12 992192
18 15 702673
22 44 977027
3 49 574728
12 3 728704
40 11 252469
50 20 295372
15 17 889523
8 8 189486
47 10 183714
9 43 10156
19 45 1075029
17 4 911494
24 15 156429
28 15 1050628
16 46 993630
44 31 781324
44 8 994980
47 17 237463
34 37 658779
19 26 879185
48 26 651304
11 50 66857
23 49 968360
29 19 411934
36 13 215300
20 44 376760
37 25 891720
11 49 125411
6 46 546799
23 27 991162
45 44 114950
34 16 1061333
21 14 394488
32 47 1063818
6 40 166452
40 23 175461
14 14 1035029
47 41 1022008
8 46 640328
30 11 842579
29 31 158543
6 48 308631
19 35 76178
22 10 141835
5 48 577330
31 10 1040296
27 3 696545
47 23 1044261
15 31 712484
37 35 146691
43 2 1002034
43 42 106721
19 34 982098
46 43 641627
38 13 34623
27 8 901617
1 32 709773
21 44 985126
48 9 871903
27 14 60044
10 4 705362
18 20 636061
9 38 265713
21 3 701504
45 2 647609
24 31 883812
35 48 895199
14 2 176992
8 8 504636
3 1 679428
15 22 367481
31 44 197146
26 6 792161
17 28 685937
2 15 40073
17 34 409415
24 11 56439
16 31 236992
16 10 230452
29 28 388985
26 6 263064
40 37 1044122
39 21 540818
35 17 322985
25 10 537965
5 32 70388
25 44 379462
7 43 1024939
12 17 23693
17 8 296502
47 6 641386
36 27 1057273
17 19 149864
42 45 587841
26 33 1042793
26 36 747846
40 36 71110
10 7 757553
26 28 250237
8 4 391790
20 31 913990
28 12 666521
3 18 714363
1 22 150283
34 39 660872
36 31 318737
48 45 106763
26 20 1029666
44 26 487012
8 6 300750
47 5 842938
16 47 320384
39 37 771927
30 8 243648
2 47 146887
34 30 385655
34 44 787176
29 45 928672
34 32 995475
43 40 914527
35 23 769208
14 4 151140
1 2 712475
46 4 226688
41 47 1083857
50 17 627374
26 37 458750
6 13 924390
5 38 770238
12 25 890902
8 18 754105
13 10 952485
34 39 430795
46 40 453866
38 40 379655
48 45 719936
21 37 791581
36 37 262857
41 27 706641
23 19 256059
14 15 690113
50 34 915137
38 44 187113
16 24 268574
23 14 1092904
17 11 663867
16 1 708380
48 29 117065
28 41 714632
5 32 840668
16 30 646881
44 30 931391
36 38 1048489
4 24 428218
45 22 551904
15 8 249823
1 26 874230
22 47 764912
11 36 104232
18 33 562947
24 29 879930
6 50 133841
50 23 664120
38 36 782292
48 6 457787
13 15 770604
18 43 1019545
30 41 699244
37 25 838934
8 26 331940
28 2 1012522
32 27 2077
4 32 1088436
32 13 1076599
21 47 213077
19 42 594564
42 10 96214
39 10 664246
47 25 646452
35 30 695421
39 24 938642
45 21 388067
50 48 614037
1 8 914243
49 18 483416
48 36 598316
25 4 263381
1 20 491259
45 30 1022022
45 3 814095
29 6 965681
22 24 465893
46 33 872031
14 26 979989
16 1 901187
7 9 781887
13 3 649613
39 49 711487
46 49 548286
37 10 350911
46 21 457580
10 14 912064
13 43 1095348
13 26 1070096
27 20 159983
43 5 435935
46 24 60879
33 48 1071530
33 44 100092
24 18 189501
11 7 440644
20 27 341423
17 47 852705
39 30 300011
40 21 265369
20 40 782727
4 18 983624
32 37 1014745
27 37 130834
12 20 642257
38 15 773282
11 46 17125
14 33 548755
24 18 765856
3 6 253736
29 37 318253
24 6 588976
43 47 985596
12 34 987604
48 26 972888
36 17 622066
45 30 216164
16 32 1050253
33 31 297163
43 20 830449
22 44 1043839
32 32 141072
12 45 1094544
27 45 569509
17 22 377929
40 10 954796
10 34 572982
43 3 292967
27 36 216896
12 19 274311
27 37 145385
33 7 620087
42 6 816921
39 46 242687
49 6 412806
47 43 1026020
38 7 802679
48 19 125719
12 24 34037
14 7 951004
48 46 10220
45 36 901913
26 45 282801
6 10 239794
22 28 823536
43 24 423892
14 8 1058154
19 31 707616
43 33 84570
29 33 784659
18 7 686942
2 24 44009
1 31 1085130
21 40 588048
43 25 333554
17 16 879016
27 11 998687
32 26 158287
7 4 206925
39 20 45985
31 5 127786
38 42 835570
35 6 80891
13 27 703557
12 22 903701
48 7 104704
9 43 926666
38 30 127915
37 44 696556
39 48 171774
4 2 548396
13 18 495282
5 38 553835
21 29 690355
45 48 818347
45 21 398716
35 16 215347
8 11 328445
29 43 780929
47 18 238899
9 1 1003261
35 10 459324
23 40 114185
38 10 1111104
6 2 460247
25 20 551347
11 12 662962
29 25 782814
4 48 648601
10 18 665778
21 9 555755
16 43 212003
22 13 435101
31 7 948948
21 19 786525
27 5 1060854
50 32 162887
33 7 257091
50 26 687415
31 34 677949
35 29 390981
47 40 566094
46 26 523882
27 20 772240
48 25 241574
15 41 237367
12 25 1068788
6 44 466938
6 43 143624
37 1 12848
50 29 968658
37 14 169590
32 12 605118
16 2 774470
7 11 10548
17 34 491817
15 1 478464
11 40 550974
27 36 883603
31 14 57931
24 27 734252
4 40 170839
44 48 354769
40 32 960268
7 25 536189
5 36 301859
7 40 327841
43 30 14831
34 20 148515
10 16 1057009
15 37 178440
26 45 933438
22 25 361645
37 19 521960
14 29 346573
21 3 235801
5 39 1019689
26 10 717307
31 44 504704
7 17 1087839
44 23 1002141
13 1 242860
35 46 650554
35 10 260334
20 16 1081152
40 34 534780
44 16 549124
22 2 218164
48 43 798278
45 8 748476
27 46 172142
23 3 426088
45 31 277159
47 14 991706
18 49 659794
13 40 613631
14 21 155080
9 2 329806
37 47 169262
12 6 1100834
2 30 143248
13 26 606626
12 41 896931
22 21 1096397
6 13 1067860
7 23 805130
31 23 1006760
45 7 35250
33 26 765819
36 28 199576
32 16 623286
30 45 518736
21 20 1044368
5 47 231760
41 24 522993
26 26 320927
13 9 1044283
21 10 604316
39 4 236834
21 2 900756
1 10 408438
26 46 291600
40 20 221381
19 48 879883
7 24 521062
7 13 119438
17 11 647493
15 24 125766
32 17 61382
27 10 311605
2 8 418345
13 41 27275
31 46 1031377
23 24 782812
30 49 532614
36 48 535253
27 41 354497
40 26 661653
21 23 978593
50 36 111454
39 49 658167
44 47 185212
1 39 127065
7 36 39985
32 48 1072680
25 14 271173
10 29 56554
26 3 929210
37 5 1068506
9 19 98055
4 5 766478
11 7 796911
44 48 519915
3 44 746920
5 39 943266
19 5 183535
18 3 1091689
49 42 835930
47 33 899559
30 40 368432
19 25 763553
26 32 980248
7 1 693122
32 20 1064781
12 30 641392
39 50 798849
29 29 43009
32 15 971728
11 40 543639
36 48 824519
8 25 59336
34 48 502584
33 24 420766
2 9 328864
49 11 71867
7 12 1046624
47 3 75825
11 22 114050
34 23 339830
1 14 408038
50 36 77035
36 17 288656
44 49 236379
44 40 517238
5 39 415376
28 38 526899
30 37 436119
41 30 695742
36 16 340811
39 9 949437
36 43 592655
24 27 514444
32 10 172000
38 9 470672
46 26 529707
34 21 657045
33 48 527329
45 9 1044663
33 41 451173
45 14 761442
16 23 215439
13 31 572545
1 12 465073
31 29 71164
35 32 153476
9 34 285178
33 12 712698
41 27 602946
43 17 408655
7 13 427846
19 22 483949
18 47 37766
42 30 277270
38 11 1026379
50 34 747938
18 39 867960
22 48 1044644
14 21 87003
22 9 768572
49 11 36846
20 42 116378
10 32 849887
22 22 749840
13 38 667513
13 37 869953
45 28 218380
41 43 215877
3 29 558557
39 12 854583
7 25 406854
17 21 933771
42 48 416704
32 38 989465
17 27 197355
8 14 146673
39 37 1044822
9 19 331988
29 46 1081058
11 8 474564
31 21 512587
28 3 242725
32 26 115546
7 38 25029
41 7 739298
38 5 805412
11 5 478929
16 26 693390
31 10 319381
5 19 513739
28 46 94684
41 1 774228
43 22 565545
26 14 551019
13 5 159159
46 19 171948
31 33 228833
37 18 767819
15 29 989129
4 19 741921
18 34 840258
3 20 170540
9 36 1088972
3 12 994150
19 25 923954
35 16 334759
35 27 497475
20 10 1009927
24 44 799138
8 49 941479
12 2 148931
23 42 347754
5 34 94828
43 45 20956
37 47 285971
22 37 737786
5 16 492427
12 21 502760
23 38 931773
47 19 736342
3 9 854370
28 3 99168
22 3 972640
44 30 740863
41 1 637460
45 44 960167
28 14 1048038
2 30 960378
9 32 511530
12 1 275753
12 35 248114
21 3 875906
33 25 968880
49 21 94768
31 47 932041
2 11 985624
11 49 834423
47 20 164806
29 39 16441
11 50 237655
20 22 891995
7 3 676786
25 38 35410
45 32 1028642
49 21 711940
44 20 987089
34 33 887684
6 31 1014456
8 33 152520
7 46 1021652
6 17 78483
2 29 445679
45 9 730245
33 28 243853
9 32 790271
21 8 841570
7 4 797666
3 47 1084233
6 49 916179
13 37 772088
47 41 655651
9 34 359968
36 16 509180
36 37 562546
13 26 786986
19 42 612447
25 16 554369
20 36 280468
35 42 88979
12 16 579467
50 32 859501
23 13 339856
43 43 54845
34 47 1108331
2 11 836507
35 25 468099
28 20 278178
8 10 642934
43 40 872817
1 36 799755
17 28 656873
13 40 239727
10 46 204526
39 4 76407
11 15 557615
8 8 295997
6 37 754703
47 33 1102978
41 19 480127
40 37 238648
29 33 562109
3 36 1071499
12 17 421845
24 15 580657
37 13 1018376
8 25 726595
6 8 463819
19 35 385642
39 12 51967
31 47 817239
5 12 1013552
2 49 976090
16 12 524616
11 28 885415
9 47 303323
10 26 424046
6 27 278564
15 1 130548
7 22 891094
25 47 166693
12 42 925214
13 32 1051203
32 6 443021
20 21 4934
35 50 180121
49 7 651584
16 33 179043
49 43 289924
47 8 373130
15 4 619837
25 38 229917
14 47 745496
16 21 310220
14 8 593912
2 45 731015
46 6 1037680
15 16 352006
24 9 643020
45 11 511687
26 44 249497
7 27 92291
27 44 154589
6 13 84602
43 18 670108
23 21 823119
37 31 985459
16 6 744711
42 4 602954
23 42 172913
29 8 303765
4 31 89113
36 27 393510
6 10 340071
16 17 945464
34 7 1052466
36 17 41304
45 32 672722
5 2 497911
8 50 400751
26 30 391030
31 17 150165
29 49 791033
27 31 624881
33 3 891014
29 35 860734
2 2 362382
1 3 575761
15 40 818091
34 30 648085
46 39 158232
48 38 397322
31 35 303871
27 17 722205
1 24 786136
19 17 200500
25 3 806957
7 11 592461
6 15 617472
16 42 28546
26 31 601036
16 44 876713
49 8 458330
33 37 247313
33 46 687963
26 48 177062
20 21 394486
7 22 105550
5 42 955600
26 32 1026682
33 20 1469
21 43 395556
49 31 225044
39 4 638577
50 17 351867
29 4 1066214
5 6 1101747
19 47 479661
27 46 991370
25 44 1008058
6 46 658728
29 24 123468
46 11 328056
12 31 1074397
22 20 975310
33 2 386942
7 34 107691
44 13 255539
24 35 408155
32 24 1039766
10 46 3692
7 45 186842
14 34 142323
5 39 557672
50 17 914787
30 12 113534
39 22 299950
38 31 58064
31 24 454093
49 21 745398
31 28 53023
24 7 389745
42 9 495607
21 14 1035217
42 43 333191
23 23 888806
35 38 799529
13 13 1053416
39 35 268139
5 15 62834
13 39 922258
40 39 1020505
29 22 1068050
16 42 540340
50 25 998902
38 11 81337
26 15 893111
41 37 587542
6 38 596483
48 43 190585
30 45 684675
49 48 234436
41 35 526629
23 19 343270
2 47 405018
3 1 357376
43 14 441203
10 46 608681
12 15 914578
8 47 438542
41 42 268181
31 9 575973
7 7 865071
26 28 1047380
20 31 405331
23 19 348670
47 16 406736
32 31 457193
42 11 460720
29 14 690196
41 6 810578
49 25 180401
34 30 99762
12 12 455665
23 16 626209
26 21 883603
48 41 938837
26 18 528501
2 50 483819
17 48 276137
4 32 236151
30 10 109346
19 31 216667
24 21 788621
5 18 970727
44 22 650687
11 15 377873
10 50 224389
32 17 27867
20 12 398669
29 25 886
2 2 433473
43 37 9845
13 26 485410
7 7 860785
44 35 88949
44 2 753699
13 32 286017
20 46 136941
29 17 60351
28 14 358497
44 45 930227
2 30 541167
2 3 748154
32 29 216682
7 19 593892
14 8 135579
45 16 1069050
48 27 125344
41 23 167301
38 23 255894
27 22 71036
25 34 392814
22 36 589667
13 38 215104
4 17 101978
43 38 529041
40 26 493908
34 38 193516
44 10 891700
43 19 763372
46 12 44962
28 16 926533
35 3 841384
41 25 440994
30 13 1051554
24 43 483088
29 31 28298
4 20 651838
20 40 689820
21 47 32264
2 3 71817
18 46 78123
7 30 831642
30 7 327817
14 18 979375
13 3 73855
41 16 836384
23 45 839899
19 17 16049
8 11 1002883
17 50 440936
12 46 978940
37 33 444080
30 5 1011185
23 29 1032743
38 15 338481
25 24 753889
49 11 534923
41 36 532692
45 43 245723
18 37 527014
34 36 206370
2 5 141782
18 16 82218
26 36 205809
28 18 264158
16 40 597257
30 13 191292
31 27 78708
41 47 44463
46 2 618213
6 2 895081
14 29 129861
20 5 936570
50 39 237005
1 34 172083
36 11 970077
19 1 334886
48 24 649871
46 10 518506
34 47 1006494
4 43 150068
1 38 930821
44 3 154768
32 1 968002
23 24 222356
36 43 202792
2 28 49682
19 16 879292
28 34 557255
13 40 86321
19 14 274903
34 1 974434
13 48 932395
38 13 384240
7 42 901133
5 8 27788
28 32 192102
38 48 370106
1 14 85258
32 23 662875
14 31 363230
7 20 992102
17 37 194431
46 49 608020
41 21 329647
41 14 393903
37 41 272131
30 4 161920
42 15 535890
27 32 579430
4 47 513443
36 44 394467
41 1 844946
11 41 286492
29 39 138227
7 32 529401
15 27 29422
7 18 82685
45 4 85545
18 13 132834
40 21 524364
8 11 517064
13 32 707602
41 44 368897
2 21 663939
5 8 304604
4 24 591173
6 43 598945
33 47 855663
42 23 245433
27 42 640677
32 12 634629
13 21 702887
1 36 167106
28 3 219631
36 21 685
6 25 1028499
26 43 769068
32 25 286456
15 19 236162
6 48 523279
10 14 91791
23 40 450437
11 13 1102411
28 17 711705
48 16 164135
8 35 261131
32 49 596546
44 6 1267
35 8 449447
43 42 170101
5 39 325848
23 37 266279
24 7 883056
1 25 565337
21 4 145905
13 16 1061036
50 12 856547
47 25 624458
45 11 430049
17 43 679845
13 24 392481
34 47 404933
31 15 416666
29 45 583162
12 20 93327
31 14 433564
47 31 527785
23 13 722850
9 14 796464
9 19 282152
42 28 1108597
35 27 241765
14 9 843142
10 33 20751
23 12 186923
41 5 773403
41 19 373545
19 7 950022
37 42 415488
20 29 834265
23 20 835346
36 8 811809
46 32 361321
4 43 446608
9 14 1026860
25 43 1026312
42 20 368705
50 33 156472
41 47 999899
13 27 1100847
6 37 613539
22 18 556635
17 39 179680
44 25 278704
11 4 333378
21 20 684050
37 45 1021925
50 48 53358
10 5 357028
49 34 844355
36 33 285885
42 17 424614
23 21 146115
21 2 1090237
5 20 12455
7 10 108674
40 28 194616
34 47 173935
26 21 5622
39 49 458371
24 34 16702
18 25 446518
35 28 641577
32 29 590821
42 16 236962
41 7 1042831
15 22 643585
27 13 703446
17 14 985858
6 1 591317
10 4 609990
42 44 976323
19 25 542916
4 20 970416
20 5 626238
1 40 263547
4 18 709157
29 8 149449
30 2 197410
9 23 322755
45 29 155866
45 18 161081
25 24 550454
22 2 306802
9 38 1071975
19 19 758417
31 7 1102310
21 33 764920
26 34 371539
19 21 704408
18 30 1092383
9 27 291063
41 45 116800
10 41 743817
21 35 413217
7 22 309512
7 29 1045212
7 8 757480
8 21 752441
14 37 39664
48 25 540899
6 36 626736
7 21 591346
11 40 416284
3 14 803720
5 29 149584
21 48 691984
44 6 492091
28 32 561672
30 39 35182
20 11 680995
50 50 606333
32 10 3935
47 14 807196
40 25 582771
25 38 126881
18 34 910005
41 24 203828
44 5 654702
28 49 651555
48 20 780937
18 9 430376
33 49 61142
3 39 1054863
40 31 713492
39 27 461460
45 31 286742
33 49 443571
41 9 152961
12 26 646381
18 33 52112
43 10 605388
34 9 469333
22 50 240212
14 3 51248
40 11 157566
23 10 315315
17 43 702443
20 5 317786
15 5 18622
15 14 410928
43 47 154892
9 45 468848
47 45 252295
5 5 944517
16 50 439655
17 24 258165
41 22 1063056
15 28 393195
10 16 449525
24 39 293050
49 9 129589
22 41 636090
25 43 309360
36 2 496392
13 15 496336
15 15 1052825
29 43 213906
10 6 807226
18 27 308432
44 48 205125
44 26 555942
47 30 558233
6 46 654087
25 22 425806
16 9 128117
31 22 204516
24 7 398336
27 19 170143
14 42 661778
34 14 309864
39 15 658321
15 39 827071
16 26 894660
45 45 465496
24 37 406076
31 50 769490
26 43 81517
20 45 497541
28 2 518830
48 14 287303
32 44 704943
23 47 186600
30 39 475529
33 2 996673
27 19 253306
13 28 312388
27 35 218675
22 5 756680
22 39 256163
47 14 69145
6 33 821152
17 47 121071
12 22 839477
11 34 528122
28 27 988134
2 2 800245
24 25 430777
9 36 142051
35 6 731551
35 30 464217
20 6 200681
11 16 510782
24 36 288827
10 14 206186
18 42 172587
44 31 922099
23 40 530559
41 21 211842
2 37 20557
49 26 1061546
44 7 914591
36 46 916721
17 36 32063
7 17 913193
42 23 645357
45 43 847587
1 1 615527
29 17 54205
40 15 664801
5 20 917496
24 12 532944
20 13 692344
19 33 855798
40 50 486338
10 11 967564
26 3 245708
48 48 596281
49 23 103420
8 45 390393
27 49 115015
50 40 554560
9 15 1047796
9 1 113832
18 34 387270
42 32 921929
50 25 65691
26 25 204757
39 27 389889
18 4 921218
19 4 4565
34 17 135953
36 23 305801
47 20 764955
25 28 481923
39 23 679735
24 41 27635
43 23 771702
40 19 480456
37 21 801065
13 23 1002199
43 49 823466
34 34 454640
28 9 956197
32 7 738528
15 26 185548
14 44 727194
25 41 116870
40 23 582747
44 25 755035
33 23 440577
40 37 294741
21 1 929629
7 23 326676
50 13 497182
41 7 247640
37 38 484405
37 49 369730
17 47 11086
48 23 118688
48 3 1031955
1 7 665106
14 39 161755
47 25 1074932
49 10 262321
28 3 1019747
2 18 385645
22 22 598832
41 22 1065270
26 4 414755
36 3 285207
11 7 754635
37 17 74197
24 39 451467
39 35 836384
6 12 228452
50 18 278640
2 39 348057
21 35 350835
17 41 454329
37 34 237923
36 39 615988
18 8 796620
13 44 725512
23 46 271769
33 19 523588
9 30 689245
4 4 72684
35 1 170614
49 1 921545
11 1 72848
7 17 202157
18 50 27269
28 32 172377
25 16 648355
16 46 167767
34 8 397840
11 21 553035
47 38 658362
40 43 142664
8 17 93963
47 31 949328
15 35 929296
13 26 61500
30 9 331411
42 29 252876
22 47 164896
19 49 990779
2 35 1067169
38 6 740673
11 29 498849
10 29 682473
1 44 524361
20 4 83392
22 34 450365
34 50 516309
33 43 875964
18 41 101279
34 40 870034
26 40 987853
10 13 824556
36 20 520549
32 9 575369
13 3 742938
33 41 878410
9 23 1046224
36 7 743181
31 10 986420
45 38 848834
37 39 951619
43 43 170294
3 35 644584
6 32 1057656
49 34 187523
27 2 678732
1 41 38632
44 2 96694
24 35 801686
31 7 1052327
23 38 801830
41 50 250321
31 40 1021891
34 14 417285
46 48 43504
12 39 810487
17 48 629365
26 7 363180
43 17 1033251
16 12 656469
21 23 630173
41 46 252831
46 45 748406
14 47 1037
5 2 1047459
12 28 797466
3 30 868550
41 14 94607
50 31 20405
46 34 803392
17 47 861164
46 24 1082035
32 19 828420
41 38 798310
49 47 529595
19 6 56982
4 43 712572
4 28 903482
33 16 271294
8 36 765085
8 20 269453
50 23 228590
42 40 717429
16 16 693696
39 4 915743
22 46 904669
30 13 932735
22 9 1004400
2 38 98778
32 15 1105214
16 43 1044405
37 8 223895
48 42 330969
46 6 714503
22 35 687693
28 23 500120
48 29 347146
1 47 1030762
7 10 98721
44 25 1791
43 34 871178
36 19 483637
17 38 815056
18 22 907237
18 26 250531
21 31 611812
38 7 787988
13 10 202298
5 6 140966
46 18 147081
50 15 262835
8 14 544754
4 47 684343
10 50 910042
19 2 682292
9 23 621845
20 46 897918
26 49 732916
24 24 76232
47 44 98699
17 4 879249
21 14 1007015
43 26 903083
50 21 499147
8 48 447408
32 23 357221
11 22 341832
2 32 236062
40 15 839997
49 20 227393
30 9 600385
40 12 475293
12 32 757289
26 2 745283
35 29 727274
14 20 52319
39 42 461693
34 26 474862
44 32 629194
4 18 878423
26 3 418958
3 44 286400
43 2 301029
27 46 765205
18 32 185144
10 26 561878
26 24 510060
19 43 612610
14 15 692448
26 43 700552
33 10 914883
35 48 926215
37 27 815651
11 28 164595
18 45 815146
33 41 474823
9 37 294924
50 39 1090622
5 3 1076941
35 46 832279
21 6 599262
20 4 1065044
45 7 63267
44 48 573245
49 3 824173
29 4 671538
32 37 133934
48 24 1056198
17 46 417886
48 13 580780
41 17 1010736
26 1 522891
42 50 763677
38 47 600255
38 41 1000336
13 3 958704
9 37 15594
20 25 619599
6 34 178215
31 48 198258
29 6 1101707
23 2 838054
49 1 910035
1 29 665923
1 21 710357
47 28 46227
27 32 300321
4 22 91789
42 23 283670
48 24 641047
46 28 239681
43 38 1085760
49 2 541998
32 5 1106215
46 34 147402
42 24 840723
28 48 501948
12 50 521256
15 6 401155
20 8 656484
28 36 545655
10 46 715286
21 44 831751
9 16 383291
43 8 981069
39 46 269159
39 14 426310
31 39 754827
36 46 912533
2 35 329255
33 32 987340
9 28 528075
23 35 379164
17 14 685386
46 44 169243
31 41 941242
19 32 663228
17 18 273789
50 2 414433
14 22 123499
13 38 203215
42 3 84546
8 26 274516
10 28 724383
32 31 49174
35 30 479687
6 6 503587
31 10 678923
41 11 151620
9 26 651599
24 21 738370
12 42 574898
13 27 242348
4 1 91659
8 26 951458
23 1 596101
36 28 419335
19 17 728615
8 17 680351
17 43 470270
37 3 149389
8 11 832435
31 15 692694
38 5 399047
22 15 471072
8 3 975538
47 39 598297
40 24 140559
47 41 774124
2 23 795842
23 35 660830
10 46 853881
49 28 87882
48 30 987695
15 45 390878
3 7 1110418
46 7 233458
11 15 686499
48 35 536867
45 29 665689
26 39 347186
1 8 717212
34 42 616158
42 50 947917
46 48 653402
45 47 488465
26 12 268995
48 12 660819
49 4 665276
10 47 587694
17 46 596062
36 7 274278
21 24 717992
36 43 296843
43 44 1019849
49 1 1025993
48 9 366181
10 39 693412
14 15 491131
44 50 622574
45 32 325712
34 49 123156
25 11 183409
10 14 229958
22 25 70301
17 26 276018
41 33 827395
18 15 158122
45 30 83600
42 17 907164
34 19 257492
32 4 267751
29 50 681604
5 14 1108025
38 18 1090346
24 20 915590
18 47 457271
34 39 808691
17 48 117712
50 23 354473
21 20 968791
48 41 579388
10 19 428452
35 2 646390
47 39 430443
20 4 190752
41 37 377420
24 5 94791
27 1 834097
24 14 898681
2 20 233823
9 41 416226
20 32 267816
13 16 867880
45 10 479361
28 17 577661
27 25 985615
14 33 1035797
46 2 401283
40 39 602022
40 46 908876
28 43 763561
1 7 998814
26 23 1108528
20 4 911672
37 20 269268
8 29 602317
44 26 205796
37 39 358026
19 3 674216
4 16 442325
32 5 254904
42 20 57482
29 7 1060856
23 14 791978
18 32 1053338
39 46 187422
8 50 429954
18 23 589281
48 41 1042482
17 18 896338
16 48 69345
35 1 751128
1 37 360503
11 23 928676
20 48 838268
23 48 953730
50 45 1037039
2 42 645925
5 21 192556
18 50 462281
35 3 863277
5 2 47255
19 29 711154
26 45 483323
42 10 432530
9 1 434740
46 12 437263
19 24 469043
30 38 507488
11 20 962430
1 43 213821
13 44 10899
22 29 89993
5 37 138749
21 50 477330
36 45 863306
14 4 961854
21 25 399082
2 19 342414
30 31 292427
38 30 345527
8 27 619998
1 47 817554
23 22 909415
4 10 330736
28 18 627296
25 33 1093995
3 4 374583
23 2 290396
38 8 997485
24 33 734275
17 43 922334
38 44 1045595
15 46 1030235
47 18 273517
49 46 779652
48 35 974286
20 38 20412
49 16 531374
45 49 1011068
36 48 927949
48 5 785100
44 31 1058620
3 49 516238
23 37 143666
34 36 1018538
24 26 19554
4 26 619918
25 42 573951
17 42 380858
32 48 1020574
19 29 1016816
22 44 52330
8 40 807449
29 35 542965
22 30 489559
16 32 463402
46 33 835797
9 45 178595
7 28 239111
12 10 369748
11 36 293765
19 19 828661
17 43 222828
27 2 256256
42 25 591576
12 13 575861
11 8 1097235
9 39 713588
13 27 879662
12 18 908763
47 35 261178
8 8 786459
6 24 1037006
17 39 4062
12 44 498028
15 50 585170
36 11 802867
20 4 354984
50 7 953799
30 49 712230
36 41 298145
32 13 975200
28 27 419406
21 23 348517
43 6 480210
18 50 305251
