20 200 100
1 2 1354797
2 3 77304944
3 4 110704463
4 5 33538836
5 6 91372195
6 7 12817580
7 8 97128175
8 9 36072671
9 10 19234645
10 11 11533268
11 12 25570481
12 13 25391223
13 14 24259884
14 15 59287138
15 16 67875066
16 17 62500179
17 18 80683918
18 19 93984027
19 20 79964941
18 9 269293
5 15 553048
12 16 173861
12 18 753408
16 17 132118
1 17 853664
5 19 441401
3 19 322415
6 13 223292
14 10 483582
19 1 920739
1 15 638164
12 6 156664
5 9 97098
13 1 407959
20 19 410780
16 18 980086
4 5 485661
11 12 158023
9 11 459701
3 8 509351
2 7 361435
2 2 2153
4 6 1088629
6 19 196237
17 18 416285
3 17 951651
11 15 899264
2 18 265853
2 17 680342
12 10 988604
18 16 146796
15 8 948207
10 5 5492
17 13 1052190
10 14 174231
3 13 752264
19 9 1022485
16 12 551844
1 6 608113
3 2 540339
12 12 947520
8 11 901983
16 20 704782
19 15 185140
19 7 788205
8 12 71508
15 6 1087846
10 15 78869
6 1 365203
8 15 88835
16 18 764677
15 6 224483
16 13 263700
13 14 366602
3 11 498289
8 18 943979
3 8 1054736
1 13 925095
2 15 101354
9 6 254342
1 9 16803
4 19 275091
5 18 1007267
5 4 948573
17 7 64262
7 14 1110255
2 11 279985
11 17 405856
1 3 1076219
15 6 606827
9 5 946479
5 19 662863
11 12 883333
14 1 577835
12 10 369107
15 17 53921
18 9 111243
20 19 468147
19 3 823815
16 10 521419
5 2 1025075
6 7 90360
16 9 1074774
3 10 431631
7 5 36965
2 6 676138
7 9 72931
18 17 268103
19 14 195187
16 3 716075
2 15 345260
10 10 463362
8 10 945166
13 4 703814
18 9 500282
19 17 295563
9 7 635997
10 17 511995
14 8 495478
12 19 703312
1 17 512907
20 9 591057
6 5 925164
16 5 371276
15 1 1014857
1 5 194149
17 5 804036
1 12 1063128
10 8 244221
9 11 455094
12 17 889888
19 2 911502
5 8 182461
2 12 702365
9 13 112289
20 2 584525
15 6 1107581
11 12 441336
13 16 446780
6 6 824600
7 9 440632
7 17 194614
12 1 451583
15 12 379412
8 4 512871
6 19 592320
11 6 909851
11 7 893508
17 11 663679
14 4 336849
20 11 980802
18 18 476775
10 4 563289
6 1 292643
8 3 67284
16 1 426029
7 19 872903
9 18 1058743
3 1 290502
15 8 541578
15 17 489571
11 8 686799
10 16 710877
19 18 522628
2 3 15371
10 14 749301
11 7 226767
7 19 626421
16 3 114389
2 14 676097
19 19 979110
14 4 73357
20 5 995200
12 4 341846
10 11 743258
18 18 991321
14 15 113499
1 11 317534
6 7 1023807
20 2 578126
11 17 756460
15 12 797903
7 7 752170
20 14 225551
15 16 365955
9 10 431573
6 5 395699
17 5 885063
5 9 544328
10 3 558272
13 2 198010
2 5 900503
17 14 753931
15 11 951372
13 7 414104
9 12 556617
8 7 528750
19 9 68422
14 17 467188
6 5 991088
