20 200 100
1 2 17787724
2 3 40772123
3 4 108695515
4 5 108942474
5 6 6020966
6 7 42065032
7 8 37270505
8 9 47848908
9 10 50329965
10 11 23694628
11 12 15768906
12 13 69123437
13 14 27688629
14 15 2473678
15 16 62090156
16 17 68793910
17 18 72564739
18 19 88680612
19 20 3981114
20 17 40280
9 12 936392
15 6 504659
11 16 16192
4 15 123192
9 2 814713
16 11 866099
1 14 826839
3 5 235152
14 3 718982
2 7 868805
11 12 731486
1 3 490467
10 16 1049438
2 9 970124
2 15 717349
4 14 294383
10 15 473111
5 4 888963
19 8 1005470
8 4 963300
14 1 1028392
15 18 901889
8 16 1024720
7 16 404353
4 17 1088308
3 12 477648
20 8 855367
20 13 915350
20 15 235716
4 14 994677
18 9 1006456
3 3 24121
20 5 103656
13 2 1009510
6 12 36529
10 3 119454
9 19 769258
1 16 298401
13 9 180475
4 3 597169
3 3 139922
2 3 386371
16 15 918015
14 6 1019997
9 4 36931
13 2 354299
4 14 842242
4 15 911353
5 19 794110
19 7 194408
6 14 133373
15 14 268012
7 4 380878
1 10 489349
16 2 564518
20 4 808063
2 20 454073
15 5 229525
10 1 639021
5 11 846098
11 9 1103093
8 5 805540
1 10 710418
15 18 724475
20 11 235064
15 19 393889
1 12 243696
14 12 286562
6 12 296428
11 11 432778
2 10 697638
3 9 974656
2 12 582858
3 19 319103
6 15 1004234
15 10 1015482
8 5 137991
17 4 485399
7 17 287196
12 9 393687
18 19 1010613
10 18 461925
3 2 499536
15 1 368095
8 20 516412
19 15 516829
1 13 284964
11 9 519971
4 12 116254
9 16 256889
12 8 556599
3 17 458727
3 20 209469
8 14 659904
8 4 826335
12 3 285436
10 6 238910
7 17 257599
10 14 109733
6 6 1105515
13 3 804262
9 19 810654
19 3 739253
14 13 394437
1 11 563862
17 5 77351
9 4 723330
2 12 549320
17 7 766818
2 11 5725
19 10 631788
6 12 594641
16 9 945415
14 19 824338
20 14 1101863
15 18 861812
19 9 751885
10 14 460213
8 5 997586
3 3 282222
4 4 1107062
19 16 803676
4 15 47371
3 13 135928
4 5 825657
18 3 818085
17 19 826243
14 20 936087
12 10 346586
4 20 109296
20 9 119483
3 13 311806
16 6 57176
9 16 776842
2 1 1051314
15 5 938145
14 14 4036
8 3 623941
17 18 592915
13 6 624804
6 18 63655
16 19 270323
16 16 514471
13 15 769416
18 19 291237
11 20 1035059
14 11 938258
5 3 301854
15 19 942861
11 9 203986
3 2 654713
4 6 199984
9 2 96179
15 5 544956
8 12 935672
19 10 1012066
18 2 977216
13 2 723199
10 11 410560
9 18 853290
15 7 920559
13 4 503208
15 13 643109
1 17 902569
16 3 100186
2 17 689960
6 9 1073089
16 19 897325
15 14 1013933
16 10 617565
18 5 722003
18 5 677355
17 9 1021787
19 4 722311
11 6 779540
8 12 647350
10 14 308669
6 3 1044108
13 1 853016
20 2 607012
