20 200 100
1 2 66222703
2 3 2143913
3 4 62895813
4 5 33789633
5 6 50411290
6 7 34907703
7 8 29494127
8 9 54582307
9 10 10240416
10 11 96499495
11 12 41357251
12 13 14513056
13 14 12225044
14 15 69474796
15 16 84387922
16 17 52982671
17 18 76139389
18 19 86022757
19 20 100223862
12 19 855711
12 17 497505
19 15 482126
1 4 428143
9 11 390362
12 7 1038621
1 6 926914
5 7 617132
19 17 72667
14 17 16055
5 18 842465
8 19 172437
18 9 202457
2 11 641360
13 6 370604
12 4 412152
18 4 965198
1 3 163450
2 17 383446
5 11 68911
18 3 902657
13 1 479568
4 13 447175
2 5 198840
10 12 71793
9 3 952110
1 3 870797
2 7 396254
10 19 280887
4 9 669375
5 16 898297
15 2 8834
17 10 715413
7 9 184042
1 4 348804
14 19 726068
11 13 167028
1 16 473362
19 1 96495
16 7 882009
1 5 389054
9 18 591637
20 13 508503
5 11 1050362
3 19 890756
7 16 668248
16 11 306802
11 5 618627
8 1 592899
16 13 1046089
1 5 120307
3 20 637670
20 15 906700
6 4 131633
7 3 333955
5 15 658007
4 15 330499
13 18 691548
20 20 572185
4 10 173358
17 9 208696
6 9 6912
16 19 914124
11 17 163515
16 2 308456
18 6 449433
17 18 510713
8 15 730431
9 3 526406
15 13 910616
19 14 1104039
15 8 598084
15 14 599508
9 4 124485
12 16 170825
15 9 664575
6 3 324803
5 7 840265
8 9 928203
3 3 4816
11 7 789993
8 16 890116
5 5 444934
1 3 1105177
15 4 964944
16 20 941906
7 11 610840
6 10 948599
19 6 910727
9 19 499910
20 14 447709
18 5 464305
20 11 935417
12 14 249480
4 8 167297
7 6 1022016
11 11 832809
15 4 313737
13 5 359896
10 12 57803
1 3 770926
18 7 96491
8 20 1086599
16 2 525811
11 20 1052035
10 11 1033528
9 13 692037
10 19 984941
2 8 1107595
12 7 520531
5 4 548508
20 18 475049
3 15 695069
6 16 709435
14 19 1108820
12 7 418259
11 14 1016798
20 12 149593
8 7 768176
19 2 687189
19 19 166638
15 16 442833
1 9 429081
18 14 509838
12 6 897126
12 12 221530
10 17 1040129
5 3 11454
3 4 5657
5 6 88344
7 14 497811
18 2 8307
18 3 6413
10 11 24928
13 19 711166
18 16 380065
16 3 1016298
20 3 966568
18 2 761666
10 2 892754
15 17 923548
4 19 85973
7 4 1108663
6 18 600326
4 15 378608
12 10 439604
16 2 458432
17 11 481249
16 17 773292
12 18 321072
6 8 900518
1 12 798069
8 5 341779
17 19 930009
8 17 578088
14 16 776494
18 6 98769
9 16 904196
8 4 767976
4 14 523102
9 7 740292
11 18 754388
9 11 986243
11 9 835493
3 9 166117
2 19 1072853
8 3 709274
13 20 218787
13 7 333401
15 16 202227
1 12 507037
19 7 168425
17 4 529267
9 9 43592
14 17 219853
9 15 62755
2 1 874740
3 8 963455
11 9 810546
1 1 500
18 5 1009023
