50 2500 1000000000
1 2 59680124
2 3 56480476
3 4 74701270
4 5 31736167
5 6 32304455
6 7 92237807
7 8 2270145
8 9 26162282
9 10 95434502
10 11 80049255
11 12 85958380
12 13 93855029
13 14 34792840
14 15 106684752
15 16 69015766
16 17 17792098
17 18 14333521
18 19 107014785
19 20 41744090
20 21 74577189
21 22 18369800
22 23 39135520
23 24 98978594
24 25 73113894
25 26 96207001
26 27 49238726
27 28 95271269
28 29 11259471
29 30 73481265
30 31 61438074
31 32 56045920
32 33 12239753
33 34 29060132
34 35 24334579
35 36 51387511
36 37 26560376
37 38 52701019
38 39 69368655
39 40 22160550
40 41 1424001
41 42 63973438
42 43 98443215
43 44 36572816
44 45 36003666
45 46 23050211
46 47 97483692
47 48 87579984
48 49 40430828
49 50 55803078
44 39 577430
36 8 884897
13 42 326299
50 11 734383
7 48 266650
16 20 327821
40 29 659422
5 21 26628
4 2 953969
49 10 138762
5 27 1065569
29 20 1022956
1 26 337192
8 48 778921
14 15 153638
29 47 315476
46 38 921999
49 2 547373
30 41 1037332
24 7 267636
49 7 837223
7 9 482339
50 11 581583
42 37 1053298
26 40 760734
49 48 632713
1 9 756491
31 14 982490
11 36 616955
35 46 710503
50 34 808478
4 42 1057626
27 10 146373
34 41 299898
23 34 706378
7 24 315136
46 40 113039
29 46 131291
43 3 43799
40 11 1067807
10 27 750156
22 11 688728
14 22 1044839
6 46 194200
19 49 74614
2 18 902255
36 29 668710
29 12 541739
31 41 715570
6 29 301685
40 22 444967
7 43 303204
8 32 827027
46 11 501623
49 47 16913
1 4 384988
27 28 458669
9 6 150883
9 39 162717
37 22 1038064
22 17 1079801
13 18 322284
29 34 717717
11 7 140753
40 16 217479
47 47 980791
22 20 33830
30 44 451286
44 42 1030597
20 1 508445
1 24 336580
26 45 848063
47 14 656198
33 43 1028630
43 50 582366
3 14 559188
39 48 748198
7 17 969433
35 22 639843
10 15 386335
49 2 855970
23 29 878417
16 42 45820
13 10 888217
45 36 25042
12 44 643424
13 11 977211
2 8 859938
10 48 176662
38 12 567994
12 47 274741
18 15 369502
2 13 615851
1 36 324866
44 44 372897
3 38 20604
21 16 137019
3 43 194241
12 41 898647
47 37 215429
37 28 1107035
1 20 425878
1 2 287522
11 23 1038043
36 5 83902
12 24 418977
10 21 993192
12 28 798297
13 1 151737
50 13 469342
31 4 1071787
34 42 359654
36 9 640324
16 38 802798
44 11 942943
4 9 522832
13 30 1028960
33 41 37178
30 11 55549
23 33 635244
30 28 290182
13 4 409276
15 45 1084505
18 45 467232
37 50 74707
25 20 321820
2 23 27109
27 17 112835
41 2 280460
30 31 207409
48 6 530881
4 6 101562
30 7 456672
35 37 450819
15 15 51411
7 30 677571
47 28 487081
2 8 1012246
36 27 716784
15 38 964159
11 50 948459
29 42 851947
29 3 681531
46 30 629010
46 26 150185
12 6 1050658
46 39 676680
5 26 975997
48 6 145634
37 22 802595
20 26 347825
28 44 646270
42 11 880780
50 12 650556
4 23 867634
35 14 485761
17 40 550729
15 4 243401
38 30 1028163
47 15 944213
17 19 320759
42 14 100584
2 45 980854
46 1 227856
25 41 533320
49 23 285145
11 4 371849
40 37 897624
1 7 427578
17 27 859529
9 28 725122
23 29 864649
21 41 932157
21 22 642475
33 43 65227
24 44 560913
34 46 136852
38 37 473906
22 37 578463
48 12 45356
4 43 120205
3 20 419327
3 31 326274
27 31 275904
48 41 444766
26 41 143747
16 28 285815
45 24 804406
10 41 638529
33 4 869825
6 45 638877
38 34 34855
23 25 372235
49 9 1062582
25 31 655265
18 25 745247
9 7 716019
41 10 904683
29 49 896719
8 8 101051
2 37 689459
18 49 708277
49 33 1107454
47 4 1026534
31 48 543837
4 21 440924
12 20 194857
31 20 649363
34 26 975791
42 13 865568
30 45 574698
44 36 71300
34 49 886774
11 3 1007082
36 20 897339
16 27 1765
17 26 567021
19 42 681872
38 17 654092
28 9 871592
20 15 713575
41 26 513334
9 40 500977
30 40 100982
12 32 336224
47 18 801435
5 9 84727
16 12 660792
37 47 971640
38 15 393297
37 41 882682
37 14 595476
18 13 210398
17 27 521512
27 4 1087675
1 45 391336
43 49 534795
42 25 961978
4 8 555459
11 44 375550
19 44 559102
50 21 375042
38 42 836549
5 16 126423
26 49 304674
4 26 584186
1 4 876317
23 48 759220
40 10 528282
7 49 38501
24 2 313624
47 21 70205
33 2 857420
15 36 1098025
36 45 916698
2 35 182420
19 48 735644
14 8 260203
30 23 682588
35 14 468492
11 20 270623
35 44 903461
7 22 925889
25 40 309612
21 9 101144
43 31 572550
11 50 118056
27 24 253871
27 18 986586
13 16 322266
11 35 975136
12 34 837684
25 29 749194
42 45 10926
50 20 64628
43 3 34979
33 39 236313
28 37 698906
5 8 352455
12 32 411447
1 37 328188
3 32 39426
29 41 1004442
44 11 364807
39 32 268885
20 36 266394
37 18 586654
50 39 773168
32 35 769315
14 32 627704
2 32 348644
20 16 319282
18 20 508146
44 14 257891
8 38 854442
34 36 848570
15 34 851848
43 42 791645
22 31 314457
7 23 372856
21 1 395516
27 48 4518
39 12 971697
11 23 95550
38 20 75143
48 36 144838
20 39 113648
20 49 552114
9 12 387414
29 5 137617
32 8 134893
25 45 187726
20 14 81058
19 7 140766
36 46 365194
50 15 468542
6 13 271706
35 42 988113
37 3 531972
35 36 504453
40 1 617096
7 24 1016995
41 27 529008
17 36 739931
30 10 213285
28 7 233234
27 12 120613
40 37 810810
4 19 958818
25 32 406538
48 7 720551
2 28 523400
45 40 722300
16 39 575967
39 29 781840
18 48 358469
30 13 89064
12 30 1082863
2 28 337577
16 5 783190
7 44 430931
35 49 693344
6 15 949855
44 6 614823
3 5 64057
18 43 11630
3 25 70374
27 34 58211
38 39 1110279
4 42 595385
3 26 123009
18 10 311642
10 40 180320
7 36 329134
35 6 300124
3 41 328898
34 28 202875
14 27 1070036
18 42 840262
23 14 86122
6 2 863058
4 33 164679
27 38 870527
23 7 856439
19 13 87414
22 39 529072
33 15 217289
14 27 62056
5 50 104461
28 27 434730
14 27 989504
6 7 78327
15 42 7053
43 21 776632
11 40 1008429
29 1 323968
1 35 865641
10 9 1069211
31 22 13621
37 20 461399
21 36 1052533
39 2 145952
39 31 511965
31 31 574050
30 29 357735
7 20 749365
22 42 1009801
27 1 756828
14 19 149869
32 41 215184
17 1 684805
13 31 132166
43 47 204754
41 31 1041897
44 16 1017473
16 46 689325
31 12 827403
9 2 268220
26 30 1034453
11 10 304521
32 9 120972
44 31 157302
45 15 525273
22 6 777916
4 38 1043724
29 4 465186
3 23 742925
26 31 250525
19 30 573518
41 39 286262
8 12 1101378
24 7 995459
45 30 163642
2 42 338118
16 45 268380
49 15 478954
38 10 5102
37 11 296013
4 12 1031970
13 18 965245
43 45 772798
45 19 490897
14 17 887370
4 9 70681
18 28 176572
48 44 811760
3 19 989490
9 45 238531
33 47 360230
5 28 66729
2 16 463383
4 33 191224
31 33 563213
36 42 115298
16 16 880525
7 3 140927
42 39 926141
40 34 767603
16 43 815029
13 12 806577
27 16 4524
38 3 583306
3 42 694768
18 47 30470
10 15 649077
5 46 742686
5 27 397002
20 33 405670
4 28 952060
8 26 484579
1 10 897244
10 9 435339
7 14 699042
12 28 422404
9 32 639082
8 33 787886
19 22 42868
4 40 123414
7 7 271620
48 40 1076399
13 10 548306
6 35 965963
17 33 946620
21 14 216166
39 29 385245
34 29 647570
13 8 135274
9 16 850
50 20 503905
4 30 437489
24 10 383100
4 32 2756
13 5 579700
17 49 420037
6 2 778579
13 42 609337
6 35 1070682
10 16 881312
42 3 824239
19 17 211220
49 41 77903
16 17 771182
19 13 499263
45 42 396392
29 3 679900
13 36 1083839
42 23 536092
19 21 146960
49 24 963538
37 5 459590
44 4 881418
12 31 723045
41 47 1064584
22 9 1049783
22 41 498643
25 39 121684
28 11 1090027
1 26 981860
22 19 438148
22 32 1015522
16 27 528316
17 26 957577
11 17 10519
41 25 473367
29 5 632512
5 32 102537
18 4 903387
7 26 562472
1 48 55837
28 18 798933
30 17 267081
46 20 683518
40 43 290614
7 37 531014
42 12 875542
46 2 933804
7 22 355557
29 28 493526
14 34 406502
35 22 488295
44 8 422083
44 7 263601
2 24 147237
12 4 849117
5 32 127848
35 50 1098409
7 18 124202
10 9 810377
34 4 863573
14 34 982884
15 24 734517
40 17 1015355
43 3 1048158
8 23 885862
15 40 227903
37 24 964321
30 10 881491
12 3 2428
26 38 930063
9 19 923542
17 16 545294
24 8 393036
8 13 1102535
44 26 829622
19 10 854549
41 35 1066586
26 19 334475
27 41 1087400
50 48 984214
1 6 542796
30 42 437865
50 25 525032
26 1 280912
1 45 560423
34 23 119403
44 27 428904
7 43 352165
36 12 159361
23 6 1089191
7 7 913471
43 33 489949
3 39 352518
28 49 281041
11 40 494348
3 6 249445
21 8 21526
6 4 1027192
23 33 8541
3 45 247930
2 28 1062769
34 2 947854
33 37 225472
40 15 1100897
24 16 35239
44 49 299504
25 5 506554
3 4 707384
32 31 461762
23 11 959155
48 12 240070
8 39 620813
27 5 18022
44 39 229905
26 12 669256
49 16 915493
5 25 970016
8 47 691553
37 36 1100284
3 22 1067430
41 27 941166
26 47 1065027
8 37 892199
9 26 83476
44 9 33824
15 37 752216
10 37 780085
46 29 1105696
35 29 615349
22 6 1027075
9 3 420554
50 6 234788
2 45 387385
47 18 622020
6 32 171677
24 3 284490
8 48 701372
27 37 1052190
50 23 910826
45 33 731488
40 10 983700
21 11 45166
4 47 797739
22 8 556323
20 43 1071681
42 35 639918
25 18 108244
31 9 185157
35 28 1063183
13 38 613445
2 31 791972
9 15 835485
9 49 677721
36 37 288411
44 49 995800
5 43 591063
3 30 431188
30 16 489202
19 41 814088
11 36 430669
28 41 48680
34 4 513408
41 18 96306
27 18 204727
42 2 471812
35 47 41810
40 6 782020
23 42 432616
2 35 540833
10 35 917328
15 18 706434
1 24 501511
29 39 1075713
40 17 312579
44 49 590820
8 29 659308
22 38 742061
28 8 90981
9 14 1002168
44 25 1096191
17 8 770178
37 5 775147
35 47 259114
17 28 374862
22 28 818988
5 18 123541
9 47 508860
47 26 411711
38 3 706816
41 46 496748
49 21 1090356
36 16 690981
14 44 441227
10 23 801233
47 48 232308
18 7 876275
17 4 543793
49 18 277509
33 11 492119
42 8 335498
22 48 938049
11 37 572983
17 38 354609
24 37 867057
27 20 1011117
18 20 985285
42 20 211615
21 29 782943
14 7 822185
7 31 649807
40 14 250548
24 41 690732
16 15 397085
14 10 743613
14 5 568147
11 7 910991
22 32 249648
20 32 1035497
16 46 383131
26 4 263951
47 44 790962
6 20 570188
12 45 338421
24 31 546780
3 7 955195
3 42 705847
23 9 718352
46 35 108765
23 34 942178
29 39 46109
43 49 726866
47 27 516055
26 21 42418
37 38 549770
50 3 39056
49 31 1026945
30 6 17652
7 30 338911
29 44 480805
34 34 795794
8 38 98430
30 34 706704
30 39 226541
24 49 570041
11 35 315524
19 12 1049457
35 1 595056
29 44 155754
23 15 27444
3 7 25951
43 15 1014309
42 34 523249
24 40 352734
7 14 260098
2 32 65089
11 38 46850
42 14 883861
37 37 1051778
29 2 757106
48 10 499885
38 44 420576
44 36 613504
18 4 673536
11 11 238644
29 38 1051991
41 11 398265
25 15 221006
32 50 327449
48 46 623626
27 38 587619
18 24 45999
13 7 469121
49 30 723270
37 26 449225
41 42 672487
18 27 1076818
28 36 798811
16 3 132146
9 43 523548
41 17 854290
35 9 785142
23 35 289104
3 8 429414
17 12 862561
49 9 335191
1 21 538459
49 34 895431
50 19 1053602
7 34 533309
46 33 294872
47 49 271128
8 8 1020078
39 36 1098694
31 21 59709
20 10 41701
38 50 221795
10 19 302543
41 18 1057680
38 8 1084164
44 38 353451
27 28 537070
34 42 742316
1 10 169243
31 22 962818
14 37 552189
28 17 882119
34 37 938506
5 49 397077
14 36 1074687
30 11 42003
33 27 913157
17 50 15968
22 18 1047972
18 44 901399
40 39 168018
23 12 219561
48 19 31611
41 1 792007
15 16 284029
47 45 674706
13 17 209623
18 9 207925
37 15 81099
50 9 933702
24 44 897550
44 2 467816
43 37 27874
32 6 645365
27 30 355146
44 3 836410
36 3 491709
2 21 303771
13 1 505434
12 15 663873
27 37 625646
24 38 430132
1 40 920468
11 17 346547
23 45 64425
43 10 66544
29 3 1106174
31 14 231300
17 25 329575
45 39 10097
12 24 370357
8 44 678132
17 48 446596
10 30 554962
19 38 826421
13 14 571318
12 50 244589
5 46 4522
20 18 954167
5 5 144907
45 20 648252
8 34 289540
38 37 792975
20 5 505669
18 1 80477
11 5 708175
46 41 698689
35 24 102226
45 46 147055
12 7 701330
34 50 458972
16 16 621756
23 7 765327
47 17 439557
37 27 630859
18 17 925601
19 1 831999
32 5 526223
6 5 88245
3 18 560906
7 37 2082
45 26 1081075
33 49 921151
13 27 51612
12 50 876413
19 23 1067585
7 2 869020
7 20 178628
33 37 176389
10 47 1003762
42 17 474975
31 50 97758
31 48 1012412
37 15 1015538
41 16 682453
28 9 116053
37 40 284913
47 23 459010
11 36 936743
50 25 790769
12 26 805348
44 26 744948
36 45 703767
18 25 770752
49 4 36709
2 18 957964
49 33 823033
7 47 290697
16 5 26065
44 8 305190
35 27 516438
21 19 924461
17 49 866043
20 21 75424
49 7 32558
2 4 500723
20 46 677516
34 2 727872
39 12 726637
5 30 79016
10 42 949258
33 26 681795
21 37 1006437
30 4 531559
27 1 622002
24 9 121064
47 33 904838
40 39 891548
13 20 56836
44 4 306106
16 35 329817
28 50 279540
15 27 68620
18 37 107579
15 3 434794
37 1 334752
5 49 338819
44 1 955793
3 8 659193
47 16 524927
12 10 1032589
33 46 563340
31 39 131553
17 27 398406
40 43 817404
5 16 636411
2 20 232883
15 1 399395
21 40 163683
10 45 352657
13 2 476978
15 20 934169
4 5 426375
44 8 639882
40 43 256585
40 10 261604
25 13 706304
39 28 351257
15 40 1063699
43 39 242421
26 43 315233
38 42 363784
41 36 964851
22 7 880010
33 1 1012543
5 14 47425
31 9 693417
25 35 514118
15 24 450334
9 25 808513
26 38 102362
7 16 671965
33 1 701943
35 46 221970
41 8 792151
48 34 771917
37 41 742385
42 39 688901
6 38 80121
21 43 311009
9 14 1071098
33 27 284641
37 41 17530
5 15 382735
9 23 1046435
14 37 877661
7 5 345127
31 44 227105
39 35 272375
38 12 87744
11 3 680694
7 35 855974
38 11 377457
1 45 909208
15 45 958476
18 26 329130
27 32 421953
8 2 465818
30 15 37632
38 39 156911
42 32 783340
2 2 1039043
45 40 978334
9 7 658217
9 28 672006
4 18 816805
5 34 549326
48 50 647304
40 25 366935
47 50 510060
6 11 550103
22 26 63668
47 22 151827
25 41 981205
27 47 765486
47 25 475038
5 34 672617
29 38 267269
19 6 499804
23 49 681153
47 21 483959
37 41 294808
12 9 944637
1 3 501927
25 8 427211
1 25 1011124
17 10 1090908
5 30 709994
11 4 310558
47 45 72055
8 6 554378
46 40 610944
35 7 1096554
7 41 404839
8 16 929603
39 48 279017
2 26 1060945
25 22 501091
6 21 477211
42 35 359570
42 49 610040
26 9 312511
32 43 870569
24 42 253523
13 14 154861
4 47 252534
9 38 461647
9 46 696118
4 3 877263
10 7 393591
22 50 356955
5 36 716567
45 22 855015
41 5 171271
46 27 903052
47 37 413408
3 4 958495
42 40 276951
23 1 818268
36 14 363762
28 5 77635
43 1 613861
43 31 360287
19 11 511291
18 2 462569
47 34 196867
42 19 327791
1 19 130516
24 16 875819
22 50 467492
5 19 506060
30 49 472097
22 45 445990
31 40 716482
43 2 302027
29 1 38932
2 44 87256
42 23 336867
13 50 899038
13 3 563783
50 2 765735
27 19 570130
26 38 549347
27 13 259755
43 4 392603
23 15 125370
9 23 600874
32 13 794350
30 15 1011136
46 16 160500
31 2 479408
29 4 229647
26 1 968843
49 32 326396
32 46 463955
9 50 160189
4 17 453729
9 8 365609
24 17 214261
32 11 139121
19 30 1019225
48 29 1091476
14 14 206676
15 20 845757
26 16 777382
18 7 382119
21 38 898651
24 45 375495
26 45 99951
26 11 939927
33 34 962339
45 4 314733
22 46 832032
1 50 61243
45 36 680551
46 41 102477
23 5 260466
35 17 647254
28 17 1079470
7 42 116984
4 43 670533
49 33 139115
35 15 119265
23 26 969336
30 26 128469
3 46 59264
1 31 534489
22 30 562388
42 37 469309
45 7 1041775
20 41 633952
1 34 802677
35 3 857673
21 4 265142
44 24 1061791
3 22 998357
14 33 970724
21 34 730467
26 38 140093
31 2 699096
48 50 654175
26 22 558022
49 24 483498
26 28 103752
16 22 785725
18 11 794874
8 31 1023883
14 31 351360
9 41 609541
28 50 935745
1 25 389932
12 17 1068612
20 8 54856
37 31 81362
14 42 1073119
39 42 188708
22 18 272734
8 37 155164
29 10 910741
10 46 26279
38 32 676627
10 26 362223
39 15 634384
30 30 266735
48 6 885160
13 17 520644
41 49 746667
14 50 1101060
18 42 82223
46 31 764734
36 18 815805
19 32 593080
46 31 446694
11 13 106290
6 39 651332
27 17 902823
11 30 75239
32 12 156222
41 23 55424
1 9 212920
1 13 152970
11 44 353505
5 35 47761
34 46 716441
6 43 867520
32 22 68794
47 17 689552
13 42 1049200
13 43 850062
49 49 254282
30 46 1016062
29 24 226358
9 18 409423
40 3 957409
26 20 293263
23 44 842766
38 21 550111
10 9 828423
34 25 678500
1 30 998359
13 33 811720
45 8 599243
15 47 814040
26 45 146694
15 38 347335
3 48 613555
49 47 987498
34 49 824727
19 7 975427
46 46 547365
41 17 9564
45 50 904892
9 25 855316
50 7 370722
36 13 1028784
25 9 260831
39 34 906166
20 14 918245
28 42 451293
48 24 437799
47 36 834743
18 9 438173
14 10 960927
13 41 386516
14 48 635829
40 19 278067
29 10 586419
16 2 202186
49 34 607672
34 11 926972
17 37 117799
50 39 224440
14 20 761247
6 43 135326
41 43 636492
4 33 103541
17 39 800952
38 34 1001113
40 34 621431
1 16 693994
34 37 745260
48 39 660222
36 11 751023
16 15 588220
11 10 612525
33 33 382827
22 10 779888
22 28 673764
17 32 795866
5 1 113216
5 19 664427
33 42 878963
3 33 1080227
14 41 445327
27 36 201455
50 6 661540
17 22 297369
12 50 219374
25 17 807127
45 31 460855
29 13 1013169
3 47 1093454
37 37 481759
50 19 110735
31 43 310120
49 28 565649
24 42 17803
41 6 209809
15 35 962052
38 14 680770
41 50 398886
14 29 110347
36 3 238188
41 34 4904
22 24 461966
34 48 447870
3 38 1062474
48 48 1042812
40 13 276901
29 1 770533
2 39 246192
41 27 528923
36 33 148097
36 44 681085
45 33 299657
8 40 994273
15 9 628975
28 13 912298
46 43 247491
11 5 421518
9 44 787339
32 41 1071045
4 43 233991
39 27 363847
23 10 556755
3 48 485345
10 48 835070
12 5 484822
46 12 1012147
6 42 32451
37 45 441903
21 34 1073570
32 13 887094
45 46 1042195
19 9 258504
47 9 35224
46 25 820735
37 24 131727
31 25 35576
14 28 308313
6 6 561187
1 18 379241
20 7 829484
14 18 858282
37 33 352266
28 21 407547
34 24 866192
6 32 238259
6 14 294580
49 39 591064
11 13 310451
23 26 998818
43 11 196160
14 42 406685
36 27 1084661
46 43 191962
1 24 1090237
47 36 800544
47 7 934557
47 20 1019975
49 3 657810
39 33 837364
28 5 568090
10 18 741357
39 10 611284
12 10 867039
12 6 679619
33 39 767198
16 48 58643
27 3 7561
5 41 379123
36 16 302887
47 23 157976
39 40 798552
19 2 507226
28 50 708712
34 25 471907
30 50 393355
14 22 201645
10 43 889656
46 3 974918
19 25 408670
43 16 228586
3 26 71753
8 17 777469
10 7 926697
23 29 317248
41 8 1067950
18 29 525518
3 7 280224
3 2 661213
42 47 1092401
47 19 1107267
41 39 998478
50 47 314901
39 44 500965
42 25 955881
5 17 115494
11 27 410287
23 18 452376
29 12 654849
42 14 573221
7 19 658807
16 8 438340
41 34 517229
15 28 75712
43 12 884529
37 17 798743
24 39 780336
28 7 760525
14 47 418028
40 35 660346
45 43 84105
40 1 813817
37 37 495897
3 45 1055209
45 48 321214
24 2 1005010
41 38 370447
16 13 736459
21 29 1031453
39 25 124744
39 5 672879
49 14 15606
36 42 117699
50 38 785259
16 25 617703
13 37 433947
3 41 838333
42 9 118992
27 26 418641
34 39 887630
49 35 1069045
2 15 268171
11 13 290283
10 29 322093
16 22 425323
34 22 1029095
4 3 592619
45 45 229889
18 31 570831
11 36 291584
30 33 489631
17 16 775760
17 19 117679
32 8 670948
21 44 528039
10 46 991322
2 21 947101
10 32 93896
2 39 561611
20 18 765983
18 6 1051355
44 46 734646
37 30 989419
24 31 452814
25 26 576862
36 4 793859
36 40 777467
18 8 147722
2 12 499189
27 29 35890
40 4 414252
6 12 1043404
18 36 496204
45 49 440221
17 24 878663
20 5 395148
17 24 188340
47 20 888749
33 27 566862
38 10 390425
10 49 884755
14 31 1069624
41 14 126024
44 30 908852
40 19 303381
15 6 870127
40 22 835399
46 3 1072754
42 24 395932
40 43 341983
36 14 1041675
11 50 45048
6 32 924076
20 16 352786
39 49 683427
19 40 900335
12 39 568617
19 33 852381
23 43 683985
26 35 785807
15 38 244531
14 3 396803
12 45 515289
6 48 690956
50 49 10459
24 9 133047
49 18 9599
15 12 330461
42 6 210670
8 26 626656
4 36 484062
20 24 953306
16 31 884314
41 50 766061
8 10 997855
27 4 732579
10 24 571464
45 4 193883
25 5 408648
30 43 531095
24 6 52132
14 27 24896
5 16 850466
39 36 844663
49 39 253187
5 27 277827
9 12 951415
22 19 328609
24 31 464586
36 50 478631
7 20 389888
41 24 991962
22 5 478748
24 42 17026
37 18 578775
8 5 74682
42 25 359260
25 39 351396
7 33 366543
18 12 111282
18 38 291493
40 6 136454
16 32 462386
45 45 513144
44 43 908360
45 37 646790
27 5 298557
33 30 998238
37 19 182439
6 14 1101136
18 14 836515
50 28 591777
46 35 728688
22 43 180152
21 30 514751
26 18 1056926
8 45 47285
38 39 109494
8 36 506526
3 10 256985
25 38 913914
41 49 235993
14 21 46115
31 39 700287
36 31 364045
10 38 979651
27 41 1016792
47 26 485549
2 32 998727
19 32 956140
33 35 547957
31 13 619979
41 4 132686
27 32 1092637
13 31 391625
49 35 197067
24 5 151866
15 37 981281
27 1 1038266
33 35 234904
35 42 79366
4 45 446108
50 49 832145
7 49 927756
3 47 770610
33 3 668621
28 24 789676
8 23 615939
9 3 710758
19 44 35339
47 24 937490
32 41 292880
25 46 1095194
39 5 1063680
43 32 849176
19 5 694849
34 35 533190
8 1 73362
11 33 885546
9 7 1089612
27 25 862685
44 49 729804
41 25 786692
10 27 1022606
39 5 73099
6 15 22742
7 21 1059694
36 34 887445
18 33 800076
37 23 813207
20 33 884550
33 13 403292
32 10 339950
8 6 311889
48 27 105108
42 16 770619
4 27 859810
34 16 942575
38 33 45323
7 46 1090196
17 15 964445
19 38 994574
40 44 859148
29 4 583385
38 37 285316
14 28 1041707
36 21 25275
7 47 387456
28 33 998350
40 9 557898
35 27 254059
16 23 922848
13 34 616671
2 48 905518
41 25 449257
21 43 387910
39 28 712733
17 34 856254
10 18 803904
28 4 639220
5 47 936853
46 7 853402
49 1 183957
18 40 441074
6 22 518615
22 9 183520
26 50 701879
39 6 234688
15 9 322335
29 42 895653
49 10 1030679
41 11 698479
11 48 444685
44 45 658617
16 32 455204
50 8 768685
24 15 897902
40 46 1060138
38 6 1025912
14 43 856089
48 44 644205
42 5 71907
10 27 499062
21 32 703787
38 14 534000
13 40 707173
47 50 29650
37 43 512762
39 21 544046
11 29 153476
2 24 379402
43 39 236458
14 13 198534
17 33 913589
46 8 345986
41 42 690952
3 16 120627
1 13 264934
43 38 812322
3 13 38493
13 46 101244
4 23 649870
19 37 154751
49 14 159318
17 38 666977
28 42 293363
50 20 954938
11 16 113139
11 30 853970
33 19 277331
47 6 1110059
30 4 1005654
38 4 413817
18 15 698481
16 16 120711
44 13 170919
48 16 251011
33 35 256788
19 2 21872
13 16 727057
34 40 1017003
25 12 634478
9 9 787090
3 47 937359
21 37 672060
32 9 21052
4 38 606074
8 13 858648
1 27 955402
29 9 139473
48 8 293457
20 14 998869
25 38 976756
31 5 948829
46 35 509590
33 11 698145
32 35 1021905
28 41 201047
42 12 254297
36 2 446386
31 36 655217
16 39 841915
8 4 558726
23 37 166044
10 31 1054634
22 14 811548
47 46 887956
6 26 75544
22 6 841837
14 26 297964
20 15 168261
33 24 344297
2 33 885209
13 41 3444
11 21 625426
44 4 127120
42 49 130999
30 29 716640
35 43 854011
4 29 584348
46 36 845654
30 27 337754
33 28 407334
45 33 157949
49 2 215538
47 11 770668
42 21 726425
32 15 435437
34 25 100233
44 33 242541
34 26 23927
27 44 134661
26 15 36285
43 34 996745
13 22 846950
47 6 1016864
44 25 307457
40 30 941725
15 18 598440
11 46 727593
36 39 357572
44 21 544119
13 27 1028352
3 11 508000
21 37 994420
30 28 1045979
39 48 388411
20 40 812029
3 37 776974
31 5 312317
18 25 799368
50 34 1093486
35 49 358614
38 8 720645
30 33 62706
30 47 228107
12 44 787260
3 3 809842
1 45 923423
32 3 220798
2 26 463035
15 46 605397
22 30 283693
40 16 157639
10 3 316064
1 46 259630
11 6 474885
24 49 158884
34 41 635056
26 41 982649
50 36 514211
44 35 526067
5 47 950692
25 17 186380
8 3 465323
25 35 123073
36 3 800755
28 31 355157
17 24 194212
35 45 66989
34 17 579164
24 9 41211
17 18 936144
16 5 506539
44 32 977012
23 29 740420
13 25 962986
30 18 440932
9 45 775786
39 8 159172
3 28 581777
37 49 707221
48 24 831150
11 22 6606
3 24 171724
41 32 662411
11 18 1081748
42 35 746431
46 46 770117
23 48 1006988
10 9 252366
34 22 827958
27 15 83693
11 32 385106
39 17 2546
45 21 457873
19 29 117054
4 22 6348
45 15 316382
44 12 1059643
44 1 635133
25 31 163007
11 27 350556
27 39 466705
25 42 304165
22 16 16170
34 37 82199
9 34 290715
31 38 595525
13 22 60782
38 9 781113
41 18 525920
42 37 129950
15 30 260939
1 1 497855
20 39 562027
20 12 851766
4 48 913332
7 46 90514
4 11 831075
13 25 1082764
14 42 374933
49 2 478276
50 49 1041035
14 42 470630
15 19 893167
34 15 809489
24 27 1023859
6 42 134481
9 33 909124
7 25 174070
50 29 422256
46 45 244099
44 6 331672
49 15 740294
43 36 845460
4 13 99943
24 12 1108960
37 17 937761
12 32 980490
47 25 598199
20 36 721685
8 17 946484
45 11 218479
48 40 12794
6 9 596910
22 29 145064
45 21 1054189
37 26 628363
14 10 223908
43 5 638719
7 34 684727
8 44 452653
34 10 386275
14 34 671600
13 33 371639
18 35 371787
42 3 236263
36 28 344272
1 46 829706
33 40 603004
28 46 314903
36 35 10156
15 25 591624
21 44 724522
46 14 17560
9 19 191692
29 9 564211
33 1 915781
39 37 500359
13 21 516449
38 50 612231
35 4 1056411
35 34 478584
14 43 1071079
5 28 682964
15 22 528698
46 42 457197
41 21 471080
4 14 493997
46 38 61050
42 42 783230
49 45 401626
20 14 593245
8 21 109065
37 44 387286
49 27 222923
8 16 527032
37 45 689759
45 9 178499
6 25 726603
26 3 945701
10 11 595219
31 36 86092
10 46 391873
8 29 513117
45 14 1050693
35 49 674482
3 37 154713
3 20 251879
8 40 582090
6 49 853595
40 19 268226
25 14 59616
44 24 373009
13 11 246617
4 18 382640
43 31 554451
5 18 243352
21 7 821477
1 1 1046706
4 10 327565
47 30 1081620
26 40 483396
38 2 796429
33 11 760559
11 42 578765
27 5 410372
34 13 288291
39 26 256973
47 24 366069
30 1 458365
6 4 890307
38 42 791347
33 21 572356
38 47 271478
24 45 318581
19 49 995874
16 25 638269
47 37 390148
43 25 232928
18 27 847676
8 15 393686
45 10 1040805
32 28 123345
7 19 1062676
19 23 822847
22 43 711547
23 28 1066412
10 29 543774
48 46 353269
2 14 349898
17 18 625549
47 19 676912
33 37 474909
50 28 517072
2 44 413894
47 35 295880
44 25 868813
40 18 912916
49 28 422129
28 23 124845
46 23 728301
50 36 46305
33 2 1092323
25 38 995562
48 21 652584
36 37 903465
40 30 798879
17 29 1018031
10 43 749296
36 4 831356
23 32 323823
45 24 23018
27 44 844568
27 28 833247
17 33 355124
40 38 116178
20 35 301874
3 25 876582
30 23 95144
11 32 37669
38 41 1009386
27 40 545417
33 40 53363
3 1 30649
47 30 287392
38 2 818358
23 7 197081
18 28 171190
35 39 427631
48 11 15396
2 9 636606
43 32 57054
46 10 750745
41 8 20299
29 37 135404
21 38 1059767
33 33 1019607
30 18 184447
3 39 586372
3 27 64629
7 38 358065
6 44 151352
40 25 766250
38 37 596278
44 12 941794
19 15 883917
23 4 256839
26 19 38497
10 45 39368
22 49 1084423
41 6 471278
18 50 808934
37 6 924847
31 12 329331
42 35 1008490
11 16 357184
39 23 195874
24 36 799064
11 41 109011
48 36 623187
47 17 712880
38 26 756869
9 4 12013
6 15 927277
23 22 960168
7 10 135217
26 28 711696
32 14 795683
34 22 1056315
4 16 744883
9 38 494048
3 23 660126
38 44 726625
43 33 882290
23 42 787951
18 28 843080
37 21 803533
13 30 555475
28 8 477636
3 35 690501
20 21 1003464
2 24 1040793
15 47 507053
31 42 54851
25 41 953100
36 22 828767
26 39 136998
39 6 847644
33 38 384059
14 8 360522
12 14 129087
25 16 319716
42 45 944603
44 41 996664
46 50 815507
3 29 63868
6 24 363628
1 2 1027673
35 9 724842
28 13 472780
29 40 913644
31 7 411334
4 46 1023600
32 7 671549
27 12 93983
19 15 246524
48 49 319178
38 37 52855
3 23 580722
26 47 1040584
46 12 228876
9 13 4755
24 30 272912
30 26 794478
47 27 247407
40 20 267110
46 13 35668
28 29 262507
14 20 392180
8 49 954300
29 25 234835
10 10 25653
4 30 579781
50 30 1082723
14 23 325471
21 49 1077482
43 47 787889
38 20 285200
27 20 223173
29 45 1063902
50 31 628377
29 41 278609
46 39 676994
48 34 703148
47 50 128817
14 40 908036
5 46 898835
20 16 808976
31 48 74614
34 44 504305
3 34 97615
11 29 835554
37 4 944135
28 47 914313
22 42 972530
8 36 720944
35 18 1093157
13 25 963520
30 43 284563
11 46 166277
14 28 870705
6 4 538021
2 2 274969
50 20 169923
33 21 231078
13 35 910305
12 23 297749
41 7 1080876
44 31 235244
47 12 308264
29 11 591436
26 47 521067
50 48 1055068
23 13 825702
31 21 431768
7 25 116634
4 30 974980
32 33 1083007
34 29 301848
32 12 363441
30 23 687026
27 40 1045493
15 42 844639
24 2 21936
15 33 690895
16 14 273396
6 42 655205
41 42 901745
6 1 768712
40 35 452472
3 31 1033526
39 47 948313
41 17 163338
35 15 194960
31 37 279568
36 30 466289
27 41 222649
33 27 643372
10 9 799389
40 29 238435
47 38 509229
20 2 1072273
24 49 279864
46 1 657368
49 43 121545
12 1 880205
30 20 803036
46 5 1021101
2 10 159012
26 44 991794
8 13 267581
27 15 86204
43 12 1057472
38 34 327874
36 45 489362
36 42 821592
40 16 559668
43 24 165097
39 30 893277
15 39 568470
5 32 380975
22 42 817059
13 12 897397
48 9 729093
24 19 1092298
34 9 897097
30 16 677095
24 36 963534
32 40 451979
48 48 273866
39 35 1017666
22 39 543640
11 18 494524
7 30 346947
24 17 713349
42 3 1047455
39 50 323346
16 34 580516
21 37 62575
35 36 393150
1 20 650583
1 35 1034938
25 50 146155
41 15 810478
46 13 707608
3 6 565611
28 31 898041
46 25 1061084
8 9 513476
29 18 450284
34 41 89597
35 21 946552
12 42 170492
46 23 431210
22 39 59879
10 27 31536
7 5 369190
21 28 985593
42 7 540143
48 26 958785
26 36 931236
28 26 299635
11 20 596617
5 33 868629
49 40 529981
29 39 2390
41 19 703336
2 10 1021223
2 38 479614
41 5 1062455
32 26 142177
11 26 602090
33 15 157727
22 14 566407
11 24 121276
28 42 983424
4 14 352117
43 46 769612
16 34 440757
46 13 446134
15 43 449804
12 8 205401
1 45 77653
21 15 597833
22 35 508884
34 22 299674
6 44 419998
43 25 276685
1 41 783467
17 50 354085
14 10 19651
32 32 92227
5 15 740712
24 35 271253
21 29 128543
30 18 886358
41 20 186404
43 7 79693
37 38 335227
47 34 692992
49 44 700821
39 22 160280
27 20 1094477
11 1 144230
39 28 32102
15 43 950401
46 37 686941
42 36 16850
28 13 1032362
29 48 98233
50 38 689852
20 14 839153
39 21 1083336
26 21 778257
3 26 338636
24 13 943357
45 29 215295
22 16 283321
13 48 789201
18 31 91919
21 48 517295
10 49 1085667
24 29 655192
10 10 634869
46 45 1036454
44 21 392653
47 16 777190
31 37 1005061
13 13 129326
31 44 325042
23 25 396936
13 50 748524
24 34 410321
31 14 398451
48 21 243980
5 23 506150
3 11 302265
31 12 201399
42 41 850209
19 27 475678
12 16 897742
29 6 225968
23 13 309322
6 5 66703
26 45 824616
44 30 510015
3 19 957949
2 42 1051870
12 23 706918
14 47 243021
37 18 76243
41 5 228538
43 8 252588
21 21 34558
50 14 441017
38 6 102978
47 44 703140
39 8 851389
2 49 128209
45 18 162413
45 19 1073430
1 10 566539
13 2 778253
35 18 517711
6 9 1025308
3 24 886176
45 31 241370
31 18 691058
16 16 947619
39 50 402491
12 2 762018
31 5 186471
36 3 188805
14 14 637857
47 26 904277
25 46 759241
36 50 862460
2 33 470958
11 24 240135
6 28 498024
17 5 541751
47 25 1036072
40 22 245683
29 38 735326
14 25 1030711
50 8 770790
6 33 606406
50 44 1028710
17 30 651065
29 42 838584
48 46 538372
44 22 286359
49 38 726749
3 48 796126
18 34 453468
37 17 1094915
23 23 352118
26 10 716278
24 34 861756
9 11 1008887
10 27 1081220
29 18 662888
48 8 507767
46 14 1077174
12 30 12452
23 12 525025
33 45 403432
12 14 367502
33 35 1061586
5 21 47824
40 12 182525
6 16 801164
23 42 221487
40 9 39975
34 27 10665
22 11 500810
44 49 559696
4 20 1031317
3 22 501479
20 20 895564
38 39 582103
20 47 476256
30 8 263075
46 6 575720
5 24 473708
27 34 743601
50 23 210495
4 37 470538
7 9 559606
20 33 517674
3 31 376914
8 30 936982
27 13 748007
20 6 75411
49 43 679760
36 16 189922
2 45 1050597
42 48 1087831
13 5 36067
23 35 786661
13 6 241136
5 3 278128
3 49 543836
39 30 229220
39 2 591881
15 11 73103
49 22 257407
38 12 1093484
48 48 632568
3 17 464021
34 31 309940
14 8 896206
20 22 802337
46 1 132178
26 4 940197
41 16 475072
7 46 16183
9 11 1070651
21 20 674405
40 39 735368
50 19 58317
23 4 151236
6 26 424722
33 18 311139
30 43 891039
32 26 412858
23 41 219520
37 19 874065
32 36 308760
6 45 95997
30 8 704779
11 35 921626
19 43 226905
40 23 614143
10 37 1099174
27 47 971284
49 20 847907
8 22 522192
29 39 303261
31 22 1107960
34 8 101238
49 41 923614
31 13 819705
6 36 670821
41 45 800657
12 46 304195
49 2 874284
29 26 996860
49 2 1032516
35 39 559803
43 29 51439
30 1 859846
49 4 706812
37 31 882859
15 2 371688
4 1 422328
49 33 836363
34 36 16391
36 4 421861
21 49 270042
17 19 641928
22 12 645421
28 38 632198
11 8 135057
31 2 981914
12 26 883972
25 29 790063
7 29 151407
44 16 445683
23 38 235305
18 45 740531
23 32 886938
17 29 857035
31 20 784027
4 3 74171
48 46 1003477
15 13 621999
40 10 477348
43 2 853248
19 32 33183
29 29 936825
9 46 378649
28 33 780292
48 48 549697
48 50 213123
50 7 792556
40 11 385130
41 23 142685
29 21 448695
16 16 870796
14 16 636904
6 18 1024690
36 46 542562
40 29 64457
4 15 345091
29 48 599656
10 32 590025
27 35 605421
8 7 176036
31 35 1102558
37 39 639563
14 33 854168
14 11 870188
32 2 103373
26 15 101089
17 14 575874
49 1 707644
28 34 47418
2 8 931897
31 3 888338
39 26 358283
9 41 998928
1 1 500
41 45 770473
