50 2500 1000000000
1 2 45117377
2 3 6125623
3 4 106545817
4 5 89264874
5 6 80156724
6 7 52100802
7 8 103306699
8 9 82520060
9 10 95455453
10 11 16228480
11 12 53501048
12 13 34372825
13 14 34347791
14 15 79721684
15 16 97043749
16 17 12353096
17 18 86096743
18 19 98769755
19 20 38531778
20 21 38117714
21 22 103589963
22 23 84315820
23 24 51812768
24 25 22803061
25 26 39487595
26 27 40386492
27 28 900419
28 29 26518100
29 30 76839004
30 31 11332808
31 32 6908302
32 33 18561884
33 34 39703719
34 35 39323043
35 36 72751938
36 37 107664841
37 38 48747536
38 39 110026520
39 40 104343169
40 41 89701880
41 42 90323821
42 43 7978517
43 44 101824498
44 45 94628346
45 46 89761030
46 47 48959527
47 48 76248847
48 49 107033168
49 50 44084333
12 23 420886
26 10 995069
6 9 804939
44 50 141182
49 31 897760
10 45 326631
50 34 383674
19 44 750330
43 41 615487
23 44 340513
45 34 119612
29 44 728714
39 38 825844
8 30 947851
38 30 316230
36 43 582589
34 38 290607
21 4 933619
12 50 542325
3 24 925079
26 8 917112
41 37 242454
28 30 594746
6 37 611472
26 49 664673
44 29 42280
8 40 267096
25 49 217093
46 50 209329
43 45 1087980
8 5 655521
49 33 712267
38 40 605009
41 23 1023115
7 1 594088
29 21 470135
4 47 993859
30 41 1093828
11 4 672317
17 28 459842
38 46 156784
23 38 983565
35 33 717126
50 17 945034
40 38 775758
11 2 444568
16 14 770944
23 9 59544
16 45 183554
30 11 505354
42 43 338128
9 19 700503
3 22 885119
39 31 1082738
12 14 931942
20 40 1082475
47 22 14972
13 42 1094597
20 16 402390
14 18 192786
20 37 594851
28 3 107721
48 39 826754
13 22 272965
44 18 697205
35 32 950342
45 21 500526
44 45 166537
45 28 1107364
7 33 788542
22 34 651298
10 13 708822
38 48 288341
35 12 421824
17 22 1090697
11 21 395252
13 32 538684
27 31 620180
40 14 505380
24 32 428095
48 37 115459
49 31 505142
50 11 491952
2 25 629546
19 24 372136
40 40 750131
3 5 652844
36 3 125919
10 31 347565
9 18 1029626
34 44 260560
16 45 956598
17 39 1030272
41 18 441229
44 4 3846
46 41 719307
18 1 811794
36 38 756151
4 9 744573
49 38 198520
10 18 976764
33 27 125457
2 36 622853
43 1 161267
15 41 307283
21 32 807766
27 31 725365
40 40 243112
10 44 621164
2 16 996342
29 10 115690
17 47 760838
32 22 461791
41 32 863238
8 28 227691
40 27 601999
42 38 831974
9 50 57619
25 31 92455
46 30 82195
17 36 322598
24 25 1019806
19 21 29159
43 44 714768
23 31 77436
26 9 270671
32 28 1005170
27 12 551449
13 32 964793
9 42 1040541
41 44 43219
40 2 684253
19 43 552541
40 3 113168
20 18 709000
44 44 13690
37 1 703761
24 36 225254
50 1 658647
34 27 672319
19 19 1006445
46 13 800797
21 43 573856
15 36 473427
37 27 829967
34 32 104868
2 3 43192
3 7 1029944
12 10 156731
36 11 1059374
13 2 892503
32 3 334191
6 47 593067
40 49 161805
13 7 386254
40 5 353516
10 41 775399
13 10 980472
16 35 832397
2 18 427230
15 21 486094
12 46 394276
42 19 953692
45 38 254963
41 47 1043749
5 48 649163
48 24 133630
26 44 825624
26 40 742132
9 22 124249
11 41 277278
37 32 689931
43 33 958886
23 3 748226
36 22 662403
31 20 92631
35 12 223198
5 16 791108
4 16 600142
3 4 1100659
46 14 241586
4 8 760915
21 10 789939
5 7 1098380
47 6 897461
35 8 1082232
18 26 32455
17 11 742669
46 11 509358
28 40 720031
18 4 1061717
18 42 775113
27 29 94229
10 19 937064
42 42 934419
28 32 924360
49 37 587243
40 31 258668
41 48 97104
33 17 493017
36 48 732328
20 28 108323
42 13 651545
42 8 54666
35 12 1001405
11 39 360285
12 27 568886
7 33 406363
31 36 797808
2 36 155854
33 8 991362
2 17 16813
18 45 726725
23 43 1053571
2 15 952354
8 13 172404
10 41 875969
19 20 721072
40 6 691404
23 45 578993
22 19 96147
37 17 497946
6 43 132595
19 38 226326
37 32 606031
13 11 719999
29 42 729004
13 35 555622
27 27 800675
8 36 424416
32 33 525828
45 33 588212
3 37 151693
19 20 434413
32 25 432902
49 39 388023
33 18 659505
38 23 793022
1 49 905833
42 9 421680
41 11 854495
20 27 57668
26 7 326062
30 14 560163
13 12 876505
22 19 282351
26 27 1012241
23 35 1040535
15 12 234312
24 35 119689
12 25 1063714
16 11 323717
36 8 761199
49 41 587531
34 45 128123
49 25 451515
16 5 959174
17 27 849981
41 12 524998
18 49 67734
31 42 114818
37 33 602525
11 22 578159
24 44 919082
31 1 421270
18 18 379407
20 7 283036
1 27 337609
8 41 831937
50 40 391445
41 47 815224
13 1 28374
6 46 66212
18 7 835403
37 37 1095932
13 48 1035255
35 43 805247
13 18 1041097
31 23 683018
11 13 259229
50 11 802133
42 7 91068
42 7 716338
12 41 160547
29 3 559454
27 16 282064
24 38 909171
38 19 424970
18 44 418014
18 47 897815
30 10 150505
17 8 1033040
13 40 898981
23 20 429336
15 23 285
14 16 198771
24 30 37367
28 6 167474
6 31 62817
9 24 54361
45 11 783057
43 39 671055
2 33 827672
48 27 716870
44 15 556516
12 43 197089
2 43 122424
31 4 547449
38 11 120370
7 44 711158
6 47 332456
15 11 773086
35 16 128467
19 4 434393
49 48 915173
20 25 517947
19 32 340515
33 42 933204
43 32 408302
16 39 706227
10 24 943266
45 8 760986
2 15 201674
24 32 677741
28 33 162533
25 34 652297
14 34 614149
27 37 996050
18 4 1026233
14 36 921895
29 27 1005372
37 46 358961
32 19 888332
27 26 91543
4 34 68768
10 4 465032
10 31 1067470
29 5 703802
43 19 599741
14 32 897467
8 15 341221
19 15 268363
1 40 458404
49 33 543589
40 19 386019
18 26 442939
3 22 442747
4 9 125447
28 37 120399
11 6 347288
16 19 38863
40 3 1004855
34 21 263188
42 46 141369
9 1 947975
17 37 868094
13 15 944528
9 44 351700
9 9 352315
43 5 978485
17 31 740297
34 42 1085981
10 35 520972
46 31 1075663
40 25 118206
48 50 396787
17 23 344076
12 34 861590
24 20 1091811
46 28 848000
46 24 607897
38 35 863988
49 43 814072
7 31 117100
37 48 578669
9 11 800018
17 30 496082
1 41 1059769
6 39 973552
23 15 489855
10 14 372878
41 6 251803
43 10 772835
28 30 703743
39 28 371261
20 12 717306
21 47 354738
10 24 448313
20 26 1071530
2 16 683591
8 46 186764
25 8 231479
25 5 372223
4 44 296072
17 3 986623
48 45 100413
4 6 710916
20 28 520613
47 30 1007565
46 37 652454
5 9 482711
43 12 85804
15 18 334445
33 48 597950
15 40 836047
36 28 596222
2 45 929951
5 17 255516
40 27 213528
45 3 908414
32 45 554835
43 26 749299
33 20 1081201
35 47 675308
46 31 134183
5 21 395194
15 41 466305
11 40 948489
26 29 472286
45 15 173546
37 28 853472
50 38 842945
12 35 43902
15 30 1095421
46 2 363015
32 41 1047706
21 4 743486
36 8 508885
12 6 509416
3 30 1063019
28 14 874531
11 30 560004
25 22 955129
33 11 341312
37 43 718598
29 21 119216
42 33 80103
17 24 835164
16 9 997289
34 1 841875
43 2 240506
32 12 964702
46 14 452493
23 11 221133
20 48 431382
5 11 780009
11 25 386217
1 44 164609
47 17 254045
7 49 160963
26 4 148684
36 25 129193
34 14 502977
13 26 384184
8 5 1091321
44 5 796514
16 48 320092
16 36 673085
29 47 28261
10 36 572855
3 33 1049431
26 40 140637
48 16 508355
34 13 32662
39 4 107249
43 6 368129
13 26 134285
2 39 755371
2 32 1078393
44 37 388351
50 32 674323
7 13 863642
32 15 1034401
4 36 832206
24 6 625698
9 38 935452
23 44 727196
13 2 871988
42 2 98479
28 18 799902
41 50 927144
22 8 441668
27 37 257607
11 24 205043
16 44 673040
36 31 21992
18 31 837595
6 35 155441
7 5 292239
50 31 262721
23 12 613745
13 49 116577
44 49 75608
1 28 690370
45 16 211275
25 7 1034991
13 49 95396
3 35 979243
1 29 697366
32 23 810960
30 47 1053271
14 2 411831
40 10 115837
20 7 438985
41 26 813993
7 43 32581
49 49 837017
46 25 395986
29 33 497720
3 20 211755
43 22 308485
48 45 671154
32 33 279397
17 1 1018345
49 50 1052146
16 46 747646
2 29 726323
35 40 764965
43 7 450314
13 4 42029
37 31 720460
13 10 923515
10 39 808333
39 32 287416
41 12 267554
39 11 11652
39 5 105306
34 28 466509
20 34 1033889
8 33 486893
19 11 13722
31 5 1073897
32 2 347437
23 21 803090
39 49 261043
33 33 829952
26 45 640876
5 19 424387
27 35 604259
14 40 632830
42 40 118420
6 33 853482
18 14 877105
5 40 713730
24 44 189601
22 11 1053199
45 22 514009
11 43 568448
12 27 646073
19 19 59987
39 27 492862
45 32 264154
10 20 542429
2 25 265196
43 40 881492
17 3 207113
46 34 922393
4 6 1041386
32 11 51320
35 29 961521
15 15 340694
35 50 47128
21 14 901724
43 20 290094
11 10 120787
14 11 381271
3 13 301068
28 9 1010833
7 14 956052
8 32 124256
28 24 899403
8 20 963338
16 11 847497
49 46 1012104
35 50 521330
28 25 163067
21 26 347092
30 10 917850
33 46 40166
28 48 831193
34 32 906064
34 6 1039575
25 31 221900
14 21 939986
48 48 68078
43 28 881604
40 41 579409
29 29 1072180
47 24 634736
6 33 817861
30 43 8489
9 28 824574
32 23 580733
32 21 292716
12 48 1000021
16 21 325806
35 48 372959
17 26 972167
16 8 423464
16 38 430052
4 28 729965
44 50 140784
3 27 96379
6 30 525638
37 38 707125
44 39 928167
34 41 605360
31 1 722579
8 37 751507
37 31 575319
20 48 880123
9 15 575706
38 20 754262
8 49 431720
5 49 837788
46 37 717130
5 9 621143
16 3 154089
8 36 678454
50 12 402734
15 24 531713
9 27 758271
35 27 474661
1 42 173835
26 48 789985
26 16 451396
25 40 904764
26 26 286396
44 40 482993
11 16 283810
35 30 930466
22 37 284120
19 14 713911
27 41 812822
42 20 245512
3 24 826538
9 31 285759
35 49 597462
33 33 254784
7 33 288213
9 38 781886
7 40 233388
8 21 362233
36 45 295988
43 35 288610
36 35 438047
34 39 453309
7 32 73207
31 29 632396
15 2 235127
32 15 532595
42 4 980532
35 11 580192
23 5 351504
17 8 265132
39 23 712720
33 3 984465
12 34 192277
18 34 509591
21 2 1074461
6 13 91075
7 49 174761
28 21 832982
14 42 21463
8 46 205017
35 23 191466
32 28 162095
11 2 595568
5 33 595844
38 12 1110502
3 50 217
36 43 497848
9 39 372330
1 10 737810
35 26 569590
33 40 845488
22 2 570701
48 15 547442
45 12 710187
6 26 319413
34 2 542841
38 27 1054972
16 26 770750
2 7 668753
13 47 567813
12 19 345010
14 27 319113
36 41 908615
44 12 1098276
20 29 17052
41 39 345117
27 2 144582
43 12 307956
17 43 166676
48 41 1102992
48 21 871360
41 20 395945
46 32 494727
25 47 1046489
43 18 963706
41 37 3613
11 28 436464
33 20 911944
12 32 358540
12 1 748273
13 6 842192
21 21 954464
18 34 561518
9 17 260681
39 41 20416
46 11 1093463
39 34 756719
14 4 401263
11 44 1106084
31 10 175448
26 5 1072507
34 22 85615
36 22 1077640
14 46 791391
37 13 684080
7 2 232932
27 1 36196
2 15 272212
24 44 311285
41 11 855737
20 34 908701
1 49 555790
24 24 321160
38 10 894116
6 18 149528
41 1 1044244
27 37 7116
22 3 534318
2 15 908044
23 4 154479
15 34 364289
3 31 847388
40 30 444020
18 17 969129
47 11 640592
9 5 44313
37 47 584456
6 12 794262
1 28 833550
11 11 991728
31 41 727316
30 8 12584
7 50 888558
1 48 1077921
41 45 666026
50 24 530027
20 7 157283
45 17 561137
46 35 849706
1 40 217282
6 45 516090
4 6 247115
12 40 583002
40 7 163359
35 5 417339
1 12 996653
43 17 704138
36 18 718744
8 46 997083
2 42 554193
37 28 102202
31 24 578963
7 32 290202
6 25 669313
42 33 1026025
32 42 539989
20 40 432829
45 42 803968
38 35 813949
44 9 1045712
22 41 1076674
43 17 876080
9 34 927263
49 50 927456
25 26 953967
38 1 946319
23 44 85996
48 20 784530
30 8 148905
12 1 1004184
39 1 574213
42 37 302344
21 8 975471
35 39 17816
4 11 966225
33 24 80483
10 46 869468
4 32 82598
2 47 438029
11 8 1009200
48 13 931428
3 29 62874
14 47 302487
39 45 232642
32 48 630278
6 26 638662
15 1 2324
15 21 982089
29 7 187470
15 22 1035952
19 24 214160
32 28 663109
46 25 19013
32 48 838385
7 11 525069
27 44 885395
41 3 1076609
12 25 524021
10 36 820281
23 46 762412
48 50 41836
45 13 875578
1 48 1101047
48 36 862402
45 1 1006780
22 19 951906
8 50 828356
37 10 135264
45 1 14860
14 2 341041
13 44 605552
38 13 289542
27 38 156700
43 42 121954
27 27 981396
5 23 757242
19 47 800173
39 42 755075
23 3 570968
5 30 1028808
38 13 1101026
11 39 789052
28 15 937567
7 45 585664
35 14 916459
14 48 110232
5 2 676782
17 34 923917
1 15 606604
26 28 889007
48 20 985510
49 43 226241
34 3 1098122
46 27 583555
27 12 709679
2 46 173081
8 41 385125
18 41 532886
3 9 197953
36 7 695473
1 38 161137
2 10 709658
21 40 630061
4 11 642863
40 25 752144
26 5 911290
38 18 386632
29 4 559460
14 16 133628
26 16 397591
27 5 848587
22 30 181564
7 10 334165
17 1 95672
42 42 431053
21 4 265650
19 10 847764
43 43 325651
47 13 871290
5 46 838358
34 15 136255
4 23 668659
15 34 822233
46 38 246300
34 2 543967
20 24 944950
47 28 621695
12 27 383009
22 31 13101
45 29 247335
36 5 524979
36 43 739250
39 7 723957
6 2 224425
4 39 850407
11 44 67260
47 6 613705
7 32 518592
10 38 163770
1 31 235447
46 23 1085717
5 12 1052789
3 44 62922
36 14 474304
18 14 929790
38 2 491539
7 25 781560
11 48 331986
42 33 1091353
5 27 716231
45 10 336334
12 24 849038
1 35 1090453
31 34 254823
39 45 734837
48 43 209326
26 29 1062823
21 44 423301
6 48 1061262
28 21 977226
31 21 335561
3 28 144037
15 24 563041
40 28 160232
41 44 743145
28 20 976132
40 10 935696
15 40 286375
11 35 562067
38 30 904573
20 23 324977
7 44 1100246
9 19 1078253
29 19 580000
16 20 399217
18 8 330102
13 13 114103
11 35 162668
1 30 105716
49 38 1021372
16 31 1013736
22 8 579097
11 45 864940
9 44 81546
16 28 58423
42 38 791015
16 38 620808
29 49 744239
5 5 910087
36 32 276809
13 39 194158
22 6 231357
15 14 474246
32 33 1007060
5 16 618223
34 4 1074278
49 35 1072151
24 10 154363
43 19 750648
18 41 376651
44 31 388714
24 42 974139
30 23 457446
33 40 825272
33 38 360477
2 49 400266
44 2 251627
22 23 1014856
6 22 668860
6 28 971466
19 26 555999
22 32 740505
4 42 373632
30 48 338864
24 2 230674
32 32 275912
22 46 458899
11 11 103800
42 15 410400
23 33 1009394
34 14 955590
17 48 880943
2 5 499543
31 23 702628
36 13 138727
36 50 989649
17 35 16570
39 49 744208
27 12 325814
28 28 1059323
23 35 666882
7 7 264492
27 9 310121
1 46 1102758
20 43 99212
1 11 333361
30 49 30598
10 9 284848
15 42 351225
33 2 674114
7 45 15876
43 24 842802
23 50 657635
31 42 428599
16 50 90025
33 5 436536
13 1 553245
2 33 149126
49 23 187828
22 15 22817
45 43 83013
18 39 391529
41 9 1007205
19 33 29496
14 27 878473
24 2 764968
38 32 525517
33 42 549187
13 31 44205
25 5 778979
36 28 942829
14 20 847828
44 26 581883
4 48 447746
34 23 1048664
23 34 996154
2 31 389945
46 49 269810
26 6 11172
6 31 184226
25 23 268813
39 3 508238
29 33 201626
42 31 53838
44 18 308112
16 26 207669
33 39 182781
35 41 479532
22 26 357881
22 38 264573
8 11 915856
31 8 319327
3 7 745550
2 26 696208
39 22 790884
47 49 385695
44 43 819838
41 34 916225
1 42 739976
27 18 829191
22 22 27173
30 32 435251
5 4 786374
16 10 1006459
16 10 131992
10 24 885588
14 23 271913
44 2 261744
2 6 426312
7 50 119659
36 24 1090114
14 36 572172
3 50 343243
10 5 35034
35 38 625386
8 11 532520
42 32 254879
46 28 478256
49 11 574459
22 32 582173
31 29 620411
28 27 581426
45 12 506162
41 34 224918
30 27 7738
45 21 640424
23 24 523099
17 23 413080
8 38 695256
14 29 4460
37 46 508055
39 20 734567
40 26 238790
25 40 243641
12 36 677133
22 44 505656
3 23 293037
31 13 229471
11 45 990002
50 39 157729
36 4 612702
2 39 4925
20 4 428090
33 4 386359
25 21 913367
2 1 978145
3 44 343363
10 22 138180
45 44 1097934
9 24 594328
26 36 173811
48 36 8816
34 45 977174
9 22 486421
39 10 188026
19 19 196972
36 19 496187
49 50 787558
3 31 991763
20 29 291509
15 12 484129
19 15 749743
40 8 683204
7 26 346868
28 29 233480
10 7 391701
3 14 880725
34 46 390634
15 15 734124
37 39 252194
38 8 20537
46 24 291528
30 25 144089
21 24 260612
25 50 55197
21 10 378087
6 5 356962
49 49 290094
29 35 878751
36 8 798761
48 5 251396
6 26 73693
26 12 1010935
49 15 621870
29 23 982594
36 35 951539
34 7 145153
7 8 610959
50 21 703357
2 8 328737
10 45 468655
42 12 772278
10 33 476163
38 15 823490
40 49 305250
34 28 776843
30 48 1101755
24 7 413617
24 20 632587
26 30 449029
48 40 976911
30 30 814628
5 45 488335
34 17 1104145
46 5 1107411
14 34 747590
13 31 841264
27 32 955591
24 38 941187
39 10 625413
5 30 536095
6 13 569206
49 34 946082
9 24 329699
29 27 246498
15 45 950411
24 1 240243
9 10 759307
9 5 838774
40 25 61490
2 14 85367
42 18 88489
39 37 215821
2 16 384464
41 36 209391
29 27 152107
31 22 1012069
6 3 226884
11 3 584415
5 18 496944
4 40 933620
32 34 239115
30 30 183602
47 47 960445
25 42 354881
19 11 389375
14 12 982322
21 11 476765
28 45 273640
25 45 1056545
7 39 308538
42 44 162422
31 33 986040
40 12 331886
25 15 628879
23 47 340482
11 15 220889
46 2 471783
34 13 134546
35 23 130045
28 38 197604
3 47 378205
35 19 566316
21 28 810417
18 21 760030
6 50 647414
17 41 55435
43 24 410088
43 9 666841
27 14 249108
14 11 801168
23 17 535319
18 42 382284
40 4 251041
24 39 686891
28 30 256601
10 49 375319
5 49 42395
28 33 744651
28 33 894252
32 29 55739
18 43 1056416
33 24 677027
46 12 510077
49 9 827048
7 33 511414
4 50 1010895
49 20 441047
20 10 349766
14 30 868176
20 11 661294
17 50 411566
34 27 562034
20 36 188486
45 20 197297
45 11 770147
25 18 29996
5 6 466035
1 33 1022890
17 2 984169
20 45 531614
19 49 75103
1 40 244474
31 30 356843
48 44 207859
20 50 157764
42 17 390423
6 8 704273
41 20 30843
10 41 471441
1 16 798787
39 43 1043725
37 19 207426
42 1 367014
17 12 571882
21 22 75077
23 28 585885
48 19 1074662
32 41 993190
27 37 786179
1 32 784064
41 5 407519
44 11 982692
23 3 1056141
7 36 236609
8 32 619459
46 2 19675
48 44 629364
24 12 333341
3 29 281329
23 44 525874
23 35 19900
42 1 463410
50 3 570850
19 26 1066809
33 34 590437
22 14 234598
10 32 367518
29 50 107183
5 23 726538
42 6 485195
24 29 614188
28 30 943910
40 49 83541
22 48 945174
50 33 33551
17 39 903396
19 17 874976
13 24 789317
29 46 992070
4 21 64650
8 10 599771
46 47 498074
27 21 1050525
18 1 767847
42 23 404931
40 18 450609
6 15 935483
48 32 405069
18 39 951453
24 5 1085723
23 27 550680
10 27 749632
11 50 270118
21 9 776010
24 39 216278
29 19 306460
14 21 688372
18 38 139306
12 42 896322
31 38 486316
27 3 576483
44 40 843739
15 9 110821
21 11 881896
35 30 799305
1 17 540760
48 28 137580
30 6 997613
46 26 679496
33 49 411636
6 8 1047705
50 45 149374
29 11 1082184
4 25 18564
12 36 917672
4 47 175392
13 19 982394
15 43 243860
16 43 875048
29 48 450150
43 37 862001
24 32 885600
17 13 505677
7 2 823599
39 41 811265
50 4 983372
13 13 579881
43 5 458965
48 19 511518
33 16 481517
14 8 1008531
8 17 36673
24 8 719188
27 26 865191
38 38 954822
24 27 543000
28 10 895201
49 30 190697
21 48 286519
2 47 752021
5 7 1064826
25 4 339059
49 31 914523
15 11 703480
30 20 280662
19 50 166214
32 12 1103320
13 19 769974
18 21 786628
25 27 812874
27 10 12804
3 49 592073
43 16 548563
16 11 766643
4 11 554557
44 18 1086629
25 35 99185
43 7 468385
34 21 926016
22 20 310700
19 20 1031855
10 2 1003570
36 22 785700
24 23 77144
1 12 819913
18 14 226355
13 27 57254
17 28 167768
22 17 869076
14 20 520054
41 50 251629
11 13 113252
50 3 470430
39 25 1098353
27 41 967990
9 39 660796
44 45 1079115
3 42 830815
41 25 333153
10 33 994904
14 19 1099910
31 40 903562
24 42 718064
48 2 728324
38 17 313373
31 9 307350
39 48 43590
16 29 390631
41 42 510885
29 50 525865
29 19 257893
30 46 674649
16 2 1031912
13 10 385840
48 12 1011893
7 38 342371
30 11 592075
45 40 254816
9 4 196026
12 37 601955
6 11 238738
40 7 731501
26 16 751439
3 9 956256
16 43 913866
17 45 258781
45 49 554379
45 31 1029917
45 47 642057
18 49 169462
7 19 371276
3 9 714901
22 25 1064217
15 16 895240
13 16 408792
42 13 21108
48 2 687047
46 28 802536
10 18 83526
18 17 561399
38 36 387526
20 36 64567
47 38 1107665
28 37 304420
25 7 666473
35 30 592888
38 2 281724
3 16 222940
12 47 1040424
21 36 300692
48 44 602727
21 16 157802
30 3 1087279
39 24 1090658
47 35 347793
7 33 155480
41 17 99316
23 2 13285
23 47 751672
35 20 629988
16 37 415603
26 9 637227
21 2 482046
8 31 1086013
10 47 949017
38 39 644930
28 24 538798
31 13 361753
42 48 43515
7 39 965346
18 30 1098980
12 35 42247
21 30 472710
10 50 755135
28 37 321858
10 42 1025806
49 45 940286
23 26 974833
8 38 457600
22 25 940434
3 30 277743
8 42 514922
16 40 574482
38 20 318041
2 1 1053347
41 39 261521
10 1 968635
49 4 304766
45 36 77106
17 44 1101618
48 14 1004443
10 11 175689
15 23 521771
39 6 391205
17 18 812552
33 19 927383
49 47 876327
44 29 973313
25 43 813807
43 37 128038
10 46 498635
27 24 505349
35 44 197624
11 3 1002028
44 32 512624
11 10 117687
40 40 367089
23 49 203777
8 44 978942
23 19 1045637
14 12 771112
28 33 905397
5 20 958563
18 5 1015673
17 2 568674
11 17 653473
22 48 63347
39 7 518945
50 7 407762
26 8 631855
34 29 1067555
45 9 161164
25 40 445979
12 2 773923
25 49 854197
19 24 432298
50 43 300468
26 21 169265
10 33 37272
44 20 593534
7 35 645625
24 23 100180
21 8 802168
33 18 1060425
48 37 352976
24 2 740178
11 37 743969
3 33 231467
5 42 279336
14 25 268335
8 28 969993
27 26 40736
8 34 634066
31 40 358379
6 27 35409
14 12 107492
5 8 960772
17 7 751291
12 22 395984
47 25 167475
21 31 887033
34 14 331720
42 18 643777
3 13 316744
38 37 1102527
37 13 443015
19 41 195409
29 33 437307
6 39 1069350
31 43 163319
47 17 139113
20 14 326274
27 40 605333
20 38 551495
45 43 406384
21 41 150690
27 3 94113
49 4 36913
8 19 651783
30 40 331912
27 20 809897
23 38 954123
2 43 398478
35 15 447972
42 46 1091677
45 50 145132
7 43 375802
6 31 130768
17 50 312618
33 44 590896
8 15 196807
26 47 501927
8 16 674377
33 20 445726
7 50 1019934
19 7 608183
43 31 326517
30 28 665695
33 43 187133
29 48 965768
39 14 1044065
27 15 644186
45 8 666892
15 45 289702
23 20 546104
41 31 301126
20 10 283266
36 9 933730
9 1 237869
49 8 1011943
22 24 832218
4 45 651875
24 16 112018
33 6 345003
8 31 1053576
22 22 457207
8 44 444640
48 45 97608
48 46 1056182
7 12 125329
23 21 519390
25 28 772288
50 6 764480
38 42 463823
35 20 112493
6 31 136078
49 17 847483
21 13 451137
42 16 45895
39 48 604170
4 13 755775
14 9 991972
35 44 1008679
11 43 1100755
43 47 713429
9 34 1043353
48 19 369271
33 22 766267
48 3 620365
23 43 831360
30 23 865798
16 34 670785
40 25 443631
5 37 557863
18 8 522242
23 47 86549
15 34 459251
35 15 1036574
4 2 816513
17 47 211596
16 46 417711
11 27 552404
10 32 518762
33 46 997340
20 35 80713
13 26 645466
37 4 426815
43 47 918275
24 12 755342
23 46 699055
40 50 309444
23 28 254228
20 30 618326
32 13 1042684
34 41 979209
41 43 1103829
27 14 466277
27 45 859004
5 27 630523
42 14 831599
17 17 984638
46 7 435881
13 14 98376
13 49 463403
16 20 751918
27 33 985242
13 20 536877
1 47 991747
43 30 1107192
2 44 686229
22 16 573527
50 38 1103473
13 3 952080
17 41 517357
14 25 686202
41 46 1098003
26 31 963879
45 18 21147
18 46 440333
41 37 876178
48 11 163014
35 8 734827
24 44 381522
46 48 934762
32 37 1040683
27 30 157731
36 31 988061
33 17 992260
50 17 995721
37 49 590105
32 25 152850
46 6 443754
47 25 76695
15 40 976575
42 50 239379
38 39 630346
4 32 915436
32 33 466936
44 15 1005524
32 24 98884
30 28 292987
19 13 64010
29 42 1103959
42 36 1020943
27 9 1000448
49 5 775332
7 10 760201
7 47 334787
18 18 7051
46 4 931255
13 21 1051796
14 35 985618
13 25 75250
21 1 643853
46 26 621
36 32 893472
30 10 135626
43 12 268907
31 22 381507
31 50 729070
50 50 953215
46 30 322057
50 19 831428
41 36 268267
8 7 731289
8 8 349388
22 8 585932
50 22 56291
40 39 451993
50 40 706360
17 2 424493
44 46 540475
11 22 99727
14 22 742261
28 44 969651
3 45 841530
28 24 113392
38 23 72242
7 15 724008
29 3 157653
3 42 632811
9 35 569225
46 23 5851
22 10 948469
36 15 418454
41 27 1051204
12 3 261099
2 42 370908
33 25 655993
10 11 89353
37 44 613358
47 27 620343
48 21 967680
2 22 1022993
44 36 901420
5 34 611221
38 22 946520
6 31 192197
7 30 42942
44 47 599801
28 33 1003315
25 39 710570
17 23 313130
34 13 874516
40 39 1025259
16 21 208330
25 28 987439
29 15 593791
35 27 275701
46 45 715708
4 15 985859
1 14 872686
34 27 251428
2 12 932386
34 9 341556
11 13 1038047
21 21 612132
41 19 489803
6 37 460083
28 33 849799
10 8 975713
40 43 439752
26 37 686824
7 32 939396
30 10 899985
48 45 180262
20 38 738292
17 24 700359
7 11 550488
36 26 623173
34 43 129754
18 2 1014481
40 41 943331
37 30 973566
16 5 17707
28 28 655431
38 39 806534
18 32 868144
40 40 127763
16 14 289897
38 8 302668
18 7 667215
35 21 548965
35 48 155150
29 20 864079
32 21 635577
17 43 931048
10 46 743240
21 22 517152
49 49 1038896
1 4 679124
23 24 1083754
1 21 988424
45 28 66016
34 45 536007
44 17 570906
49 8 235170
48 1 542853
13 33 80537
39 37 841764
35 36 139346
44 11 649372
23 41 895154
49 22 152243
45 25 917339
12 35 126576
18 43 1057571
5 11 973732
25 46 1085280
20 37 225431
43 22 955547
10 28 529846
38 28 757677
50 28 1090505
16 25 834367
43 41 566120
28 43 452474
29 45 565016
12 18 401707
13 10 844266
42 11 696899
29 14 153063
34 48 182580
15 31 267744
7 40 489461
38 50 834400
15 12 651058
1 34 196788
44 24 1056327
31 6 6713
26 15 725027
32 26 263177
42 24 717841
25 21 830331
43 1 492388
14 7 214711
44 8 737062
48 18 918589
41 11 817919
12 43 942477
39 6 1052621
14 40 310288
36 2 251777
21 7 541378
23 15 390487
19 23 355661
38 6 812508
37 44 254992
31 25 21362
5 22 871640
25 24 240111
49 23 160268
18 14 669180
23 20 238230
7 27 130348
18 24 1061149
15 22 173277
29 11 706388
23 14 737700
40 35 155894
33 20 969335
41 12 912233
15 28 188030
42 25 5963
16 16 1002966
42 8 842852
17 15 179657
29 24 347709
45 36 671968
39 14 510272
7 36 148353
43 46 1047969
33 29 454743
46 23 472834
25 4 548609
45 37 1039177
13 43 941129
5 46 328938
37 3 189111
30 41 982024
46 26 902175
22 49 203056
9 22 495047
14 22 517039
23 6 670694
31 15 1085885
8 35 228149
9 37 371182
15 32 880782
13 13 208748
44 45 27522
41 4 1080991
37 4 194517
39 39 77017
32 48 266421
15 5 784803
9 24 512527
37 24 511188
29 10 675489
3 11 563408
16 19 174329
47 12 931720
2 31 878514
9 20 304962
25 39 1080825
45 21 864008
12 42 440653
28 36 875153
46 40 717994
3 47 932895
49 30 450755
49 1 814700
23 6 1109391
10 16 523825
18 40 839469
4 23 668186
41 34 219251
27 19 183376
7 33 116171
18 21 350321
8 42 5866
20 40 505222
32 31 382933
30 25 353428
45 38 145219
39 21 593116
33 34 28945
29 29 1010244
9 7 185739
9 4 656023
2 12 508961
31 3 56779
11 31 248894
2 44 797773
30 2 524671
25 15 637553
22 32 896197
22 23 523635
3 4 418062
16 40 992366
23 16 1101662
41 30 1076287
46 11 535114
24 42 141017
2 8 128050
45 38 138492
6 21 537734
29 45 315584
42 38 188526
25 15 949437
23 13 169883
22 45 634903
14 32 644428
12 44 1077003
41 16 104630
5 18 567048
7 30 208177
2 43 748696
35 14 929412
30 3 285856
4 24 618751
3 48 758547
4 48 121077
11 32 637237
17 17 315167
48 27 553283
44 27 213951
17 35 505434
26 32 203094
23 43 1056825
32 4 39106
1 31 14350
34 31 466063
32 27 566987
46 24 82375
49 32 329024
33 40 743757
6 16 1011619
40 41 79992
4 7 761745
32 29 897146
21 7 1084403
47 36 503604
35 11 452671
20 42 59287
1 27 555320
25 8 973107
42 17 851286
12 24 309797
7 5 302475
27 29 385789
46 12 61602
28 37 185493
29 41 168882
40 28 1047564
20 34 323109
21 3 266786
29 32 88041
50 16 321824
14 48 132774
8 35 937159
27 17 1062038
5 16 169768
33 13 1073619
48 45 518457
38 42 944571
40 30 677422
4 7 279779
24 31 595159
25 4 712468
12 25 544226
5 25 172445
31 17 261283
43 46 934824
27 10 724755
17 3 338087
16 34 366301
31 23 512513
20 1 521012
6 42 90822
49 46 1013462
50 10 516501
29 9 326019
5 37 676333
5 5 233777
1 3 475758
48 29 1065836
35 44 1005722
27 16 699903
43 9 533021
33 28 554012
30 4 1084219
22 15 917258
45 31 396296
6 36 809684
35 4 571482
3 50 1086947
3 26 203288
26 18 457110
15 18 593282
25 41 719775
27 3 61722
39 19 165596
43 36 357100
41 13 53737
19 16 324953
5 47 130459
13 23 25793
3 34 315230
32 34 429775
30 7 970205
8 41 405364
18 8 660332
42 10 397832
44 44 766121
3 16 507828
19 38 215873
11 1 359549
29 27 257447
22 14 736172
21 34 1066788
2 43 928050
47 26 959300
8 21 250605
3 50 526554
41 3 958624
9 20 487932
41 22 562113
1 24 954061
8 30 324080
13 2 973555
48 17 905870
7 44 471572
42 29 762795
43 16 54851
50 8 510682
50 7 102609
45 19 549605
15 23 289211
21 22 524388
50 35 469457
16 44 1095021
9 16 147249
24 2 695970
8 19 696524
45 39 31869
43 28 333474
36 34 744902
26 27 760702
8 3 1049537
37 48 893404
40 29 212760
25 31 967165
32 37 345722
46 16 99532
28 2 568836
39 50 508651
7 33 7991
48 32 805772
10 35 1008533
29 9 307350
45 22 706222
1 7 347235
29 37 412517
9 36 545005
32 19 646098
41 23 260775
18 42 873739
28 46 628219
49 7 517536
12 14 530905
18 37 293562
47 48 346790
28 41 780026
11 40 1025664
20 9 484296
22 2 476005
20 31 10915
46 5 481888
14 8 810907
28 2 585253
37 44 408899
13 37 718356
34 7 525999
7 16 114453
13 41 391147
16 43 572398
33 49 122774
18 6 283052
25 7 897597
47 28 586197
6 11 435969
9 33 494626
45 20 1042898
44 26 244948
38 32 922638
49 42 65663
9 9 940911
25 36 897691
29 22 363718
46 5 20877
27 31 445218
15 13 430190
50 16 407450
13 31 853675
14 23 109863
22 5 680353
22 46 485025
14 5 693230
31 24 11773
24 19 851552
1 40 440486
13 22 318447
40 44 173819
5 36 255220
34 15 86435
7 19 1000342
25 22 38616
29 34 906974
6 29 362382
11 48 920041
6 43 477813
4 22 384892
39 19 931363
10 38 331185
20 10 30870
32 19 502492
19 34 127874
17 6 266674
35 32 17315
12 48 20540
26 35 806412
40 42 755892
25 9 418052
12 30 836669
27 47 28255
36 46 838173
33 42 476653
46 37 745346
9 33 661177
37 36 32422
39 16 969808
30 28 478443
25 15 985297
32 28 229750
16 19 1066673
4 4 925040
35 41 344029
26 49 544588
44 19 991541
21 31 106470
5 28 139571
18 17 253879
43 27 452053
29 38 103193
5 43 676880
20 34 1050153
15 11 386361
15 46 597211
2 15 981519
45 21 371931
21 21 182933
6 35 733914
21 13 252915
13 36 1108891
2 10 260291
41 26 246651
30 14 638710
17 1 798132
1 36 54867
37 30 1089209
28 36 174958
30 21 200842
24 45 813735
34 27 48322
32 18 153374
25 32 441180
42 22 787799
28 35 178549
32 34 869586
1 48 470832
18 46 671736
28 12 66062
27 46 838768
28 23 874559
18 9 807414
20 36 999298
50 2 991410
41 49 290179
8 38 70852
16 35 904573
14 7 162409
9 29 977585
31 16 853421
28 22 488545
11 29 855703
21 30 303765
25 36 759851
4 27 620847
3 50 1057956
46 8 627190
44 3 677995
31 10 78175
23 25 541867
43 4 389617
11 9 331468
7 8 2195
32 33 64424
29 11 846376
46 3 92342
32 24 1087572
37 12 139185
4 44 558029
23 6 406785
21 1 50109
1 19 576603
29 44 714644
41 7 682026
1 26 834236
34 46 122657
11 7 199892
44 13 215321
37 11 1031998
18 47 1096975
41 8 359261
8 14 627239
48 5 1081308
6 13 355576
16 50 15010
50 3 319580
20 9 455567
9 10 856798
42 25 921498
24 13 241982
32 21 946911
6 2 891341
33 29 753531
32 14 49774
2 30 388845
39 13 828920
14 6 195095
41 15 650947
36 45 334791
13 11 387219
21 28 1075647
7 20 1033750
38 11 74627
3 15 803039
41 22 419431
8 25 504351
24 36 718754
39 29 467854
17 5 231562
3 50 709556
33 49 685207
26 1 660659
49 19 632819
50 3 733667
37 9 437069
2 2 986925
36 39 806007
45 49 805735
30 16 976241
26 10 1109367
24 45 398047
21 50 450243
12 7 819467
21 16 75291
3 4 42343
16 8 560956
7 5 913997
13 25 759103
32 29 194601
40 42 1062076
27 43 550665
37 48 1037038
6 12 430383
14 34 514112
32 1 989218
48 2 713050
17 35 944524
30 44 49498
27 40 734407
7 1 977215
13 15 213292
30 39 821764
22 13 1024097
50 38 433500
33 20 237724
33 48 1062496
31 28 9639
46 47 1094758
33 7 282638
16 21 964226
18 24 336116
32 2 634808
14 47 127123
47 16 277069
39 8 136847
16 20 622023
21 23 1041658
39 44 397938
24 41 73958
18 21 259360
21 39 705762
35 36 447468
42 26 231502
39 43 712175
45 5 639793
6 37 746897
7 13 179079
14 16 939401
43 7 206096
4 3 252831
12 16 995514
34 30 747411
18 34 38720
3 26 474501
26 9 234682
2 26 558740
15 4 456251
37 21 522478
2 19 991681
14 18 5122
45 15 659066
31 9 63260
21 27 364834
22 20 490863
49 21 197973
46 13 951738
17 4 761460
17 34 615400
44 31 720379
48 40 528853
41 50 907783
32 4 1089950
1 45 511107
26 32 1032833
1 39 635503
14 31 388460
28 17 519172
27 14 510784
49 24 683266
30 7 415919
8 16 9712
8 2 791153
35 24 700898
34 2 150061
38 36 1006511
17 1 765977
49 33 555201
26 1 459729
49 31 397610
24 37 1110943
17 14 458100
35 30 556616
42 21 178147
14 46 590678
44 50 131139
44 33 264726
48 47 912834
49 43 370198
18 3 111271
21 6 459808
7 1 785767
21 31 696040
47 8 457609
33 5 1024440
10 9 876530
37 48 828800
41 42 994255
39 12 404743
38 8 223305
25 15 152321
12 29 1030855
40 10 118433
14 22 183476
3 41 1080120
48 42 700159
17 35 667895
7 31 85566
2 47 392954
27 10 204436
20 31 916686
21 29 1066550
37 15 54093
32 2 238536
23 37 81442
12 36 988511
29 48 33828
7 21 288026
25 28 262479
33 15 612867
48 21 578926
10 31 522823
7 24 395796
46 13 281498
5 1 952132
41 23 291929
18 30 1038659
18 40 551792
49 19 688818
48 26 278201
1 1 500
30 21 691280
