2500 10000
5523 906505
5782 706145
3641 52536
6982 451274
8798 173836
815 238171
4790 136530
7996 569161
8590 41459
436 498641
1910 289834
3735 644073
9153 715495
539 722564
9020 102363
594 416827
3747 920975
1203 860246
9096 485838
3546 840769
9339 901282
6389 37710
3553 241795
9639 581193
5283 294068
5001 349888
5969 194853
6793 734367
9575 701782
455 30571
9329 659715
3751 272908
8001 869901
8048 644680
1110 811905
9029 770037
3603 564685
3068 729197
4411 651869
8932 840108
8582 633822
6357 342175
2224 588738
9807 497032
4354 178130
884 970874
7059 56751
9842 594262
9566 728589
5243 840953
9453 511770
6238 686465
4106 740713
2898 935519
527 949486
9467 107371
8906 287335
2918 553148
3181 86900
3406 580798
1734 917877
8863 859111
8795 803738
1355 525192
3839 859029
4354 620143
6167 635723
8876 744306
3203 676983
9655 941093
4023 83503
3636 571156
4164 408201
3068 187160
612 500695
6845 903705
3172 492675
3881 567761
8774 447136
4985 505600
4310 912100
3173 246627
4017 954205
839 353661
913 65582
282 833123
7199 120489
1300 998440
2037 361678
1060 279237
607 283043
4981 378452
8402 243814
4848 716535
7774 406456
930 491037
3157 385518
6707 515702
5381 559648
3189 260864
8902 897455
3561 617844
354 299162
2931 740487
6736 374686
6320 201628
2026 665973
5867 104476
480 282948
2163 129406
6031 942447
1566 161968
2465 318310
2459 203446
2397 331637
4525 478255
2774 552415
8788 577876
6843 906813
5513 458718
4057 138349
1484 283110
7087 217331
9431 817775
4243 642107
7458 592155
6594 579288
1187 96948
2044 292311
796 47767
3094 168715
6887 412991
4357 576676
3369 153940
4292 463866
3979 437887
899 54945
7241 78467
890 258445
3376 449570
733 69176
8426 576686
4852 22421
9768 271745
4489 586149
5317 105646
3673 468803
9961 726151
9524 718847
9800 389724
7961 53493
1586 150048
3088 721032
8230 564159
3701 28271
4620 668901
1810 431845
3036 977871
2511 555888
1013 775999
3627 936089
7061 662695
9730 870461
3146 83313
3879 863229
3264 954739
6420 464957
1347 481796
1060 933716
1712 119200
475 190860
6900 912288
9044 677936
5429 628924
958 712098
4417 11056
5109 316342
4874 128665
1309 520570
833 364910
1648 898687
304 343917
3218 322563
9175 1330
1521 588554
9016 13966
3144 772011
7741 333380
3238 90636
9062 776857
9708 766717
6706 212402
8699 461565
6853 429484
3491 327439
1702 134272
1364 579009
7494 731400
4252 186630
7011 781197
4827 889663
7597 96668
7367 967891
527 69203
5644 168031
9837 899752
6996 339896
7744 473520
5022 12453
3475 296209
9312 176618
158 638241
9220 775196
7345 422712
2205 68771
2576 703367
2180 116328
781 732843
3121 489921
4240 245619
8551 16474
313 415275
9298 836549
6433 106758
626 257175
6276 517012
5888 529475
7779 491299
3060 360411
5906 768301
2226 222500
355 753368
8544 328486
903 563607
5924 40592
3833 650847
7581 562471
74 173604
2544 698840
6620 194183
9195 716063
984 629298
3932 762851
905 886253
199 906475
8038 2668
6980 665581
725 322375
7698 746080
2443 585262
7417 490277
3359 30838
5662 699968
7165 594276
6553 827274
5770 677135
442 238626
652 252266
1744 862613
393 641477
8640 100597
1180 327030
1711 374446
5403 70094
60 870157
695 121208
6587 217091
186 388395
8095 385183
5699 119978
6872 473272
8095 731932
5796 430133
2640 212009
5799 473527
5368 536017
7666 860505
628 430953
8221 988712
5502 853692
6674 943602
9371 833071
357 56938
9824 218711
2066 887168
2825 26519
9209 977112
468 157329
8987 674039
3442 949029
1964 488738
6816 688479
4591 149006
8829 66836
8234 958408
820 598425
8727 465435
8645 404897
7571 714985
8442 793675
1707 480959
9104 875560
7877 497722
8320 125148
7266 902637
8435 86315
554 700335
1333 327293
7051 49412
7894 450659
9073 234726
5123 35132
908 997722
3380 607846
6816 269732
4925 572992
379 650723
8870 833960
9161 197782
2617 17282
299 153217
1169 726196
6924 594091
8112 730114
5289 785501
7197 612374
9789 647969
2676 347045
2631 92708
3944 435647
3174 116570
9553 803376
1896 293477
9978 261331
1455 948768
6391 261670
7547 403964
346 373875
9917 845317
7607 384686
1676 245444
6514 394506
9608 957552
7980 403798
4777 230622
5503 551035
512 254826
5437 774130
1106 578693
8636 503945
5235 7135
16 252937
9924 432072
8495 693043
4151 161588
6369 390641
231 552845
227 13668
8526 882350
1684 231112
5830 462475
5000 612033
1002 676178
1655 718328
6190 864443
6377 403626
7662 15092
508 638005
1018 541622
6797 902905
3383 91965
6790 273277
7213 637725
7696 614904
4058 882857
2642 310616
320 476814
8755 55734
175 866841
1927 766109
9870 624993
2130 854416
5949 629335
9569 284351
4910 942429
2068 436123
6183 69149
1931 283048
4032 263347
1928 749982
3526 95849
3196 762949
6651 425447
3902 656004
6441 82235
4980 17571
5 131155
1956 973878
5178 183019
1815 235511
4628 994804
7123 846952
6530 605078
2505 667637
1684 807241
1018 519796
6351 911880
4011 303144
6617 626796
9833 873671
611 883433
8757 338714
1879 865588
3888 539283
6752 647348
8357 170822
1039 439742
2217 407060
6098 303983
1703 828639
892 857737
7444 437609
3565 495960
5509 465759
2158 702675
7490 475746
8185 482342
8017 244599
6646 866069
7668 130266
3450 728595
3328 62275
5763 531750
8181 862958
8244 901961
9402 870690
1003 378150
3349 303310
110 212109
2705 622280
8717 543472
4648 353814
4405 803193
5774 413692
7462 50594
6815 951367
7252 64727
866 590862
65 503758
9558 523317
3057 884958
5307 976381
8436 520276
3678 765261
4347 273623
3253 173849
920 599485
747 231386
1010 571008
1972 455533
6233 350941
5600 814783
551 462984
2704 249057
6078 136403
3274 813362
2422 811276
7616 223704
8970 706901
5467 72826
352 72626
1210 606618
3171 698827
1097 876846
2989 526267
6618 11413
370 572216
3879 251638
3984 83770
7921 418703
780 831855
82 837953
3996 20041
8929 688141
1103 883224
8670 869416
5736 980656
4006 284605
1936 663215
8946 131030
4702 993161
2919 884956
5076 882218
2369 605387
1481 211428
7773 838730
429 47029
2155 569219
1808 296141
6611 773299
8967 362565
2676 565882
4557 316550
3888 600599
5267 992191
756 258581
5570 183506
8721 874119
8403 587519
3647 242915
5950 932143
8826 956102
7942 194124
4533 202033
4699 525009
7007 235218
8453 493634
6061 547929
4523 103748
9982 871707
6783 648381
8270 534121
660 622237
6880 385830
769 166497
2959 423836
936 663705
5472 433474
3481 130543
1024 685947
2457 381573
8571 738084
6732 649451
8648 599607
4365 156123
8041 195046
9030 90434
7184 598497
4669 308915
2235 393213
17 609910
7520 898754
3540 230534
1990 751542
9513 781217
2873 31105
8725 784426
7775 713636
3471 542960
4019 50853
9965 491466
8039 359115
7467 129460
4120 321823
2523 299396
3673 414852
9863 772551
721 744954
540 378456
8450 653663
329 484310
3600 310664
2667 812872
5008 605083
1424 96591
4350 946418
8344 825714
2847 149094
2754 243105
3158 637095
3351 109470
6640 694744
6021 781380
9729 53895
9611 910424
459 73749
6028 570298
8739 142166
180 86776
487 35739
3188 983482
1847 938119
2710 890298
6904 529757
270 181025
1111 559631
2780 440908
9672 981127
191 890514
767 142176
1613 363454
8457 486065
341 942989
8979 113701
7884 549715
155 444502
6252 676734
1886 172788
1989 872952
2121 898499
706 418470
5133 186957
758 628350
6904 306910
2342 498386
107 306651
1179 15484
7459 72149
5688 836976
526 420102
9246 139376
9889 896362
5292 841757
1682 403157
5870 475868
1017 940398
208 567348
8612 737497
7231 267481
1207 31958
3007 80996
9346 671086
9634 727156
1887 12589
4390 863333
6546 574554
3029 935808
7570 942057
615 637330
3425 623851
3261 999011
2622 782218
3115 546857
4318 182716
1042 713658
1788 663641
2797 761957
5781 836261
9420 518951
8084 970482
3731 675506
304 822213
3884 681237
52 548139
9824 57754
5723 660962
3949 505477
3921 390184
1031 953978
1367 247855
3915 861578
3933 187225
1922 944460
5538 412909
4244 496909
8074 374958
6547 271539
6597 980087
9102 77169
3534 85908
729 88838
1199 514644
1512 233797
216 479599
23 479862
2832 665430
9973 563525
3842 776129
785 766727
5016 40369
7973 763804
7608 216724
4136 509618
2129 924871
902 198281
5000 222439
1942 700690
9003 307313
1146 674576
3802 142937
7997 16708
1639 781210
8026 129478
4530 6314
5661 699341
4022 355509
7547 434239
5460 554474
7924 484357
1411 576747
3183 685285
8119 658401
7931 888039
8575 315708
254 362017
5406 220434
9133 602199
7548 139333
1093 903385
8339 334102
4826 395311
8908 889140
4640 472179
3174 656548
9612 624837
970 976576
2115 12769
3621 455854
4697 739286
4921 911512
4127 205792
1787 438375
2329 988143
909 879904
1458 110265
7934 98936
5306 361577
4007 648125
8575 632810
2660 56350
2834 928172
9717 722629
127 870932
7958 686890
1443 719308
3450 637930
3767 665002
1640 295958
725 594628
9017 733991
5724 320489
7112 835786
4096 991879
3080 312595
6915 355041
2101 577285
8841 562460
2083 869915
8189 686356
1986 67804
718 329499
4174 62316
8178 152902
5340 404381
6756 724988
7104 248271
492 146375
7337 603009
7056 769794
1373 126010
519 561598
162 449582
9860 357282
9459 748115
8103 434223
9633 772218
2843 990831
4855 293321
6650 494580
4238 935550
2744 442521
2544 358232
4032 623584
247 109237
4588 379893
7061 609723
9223 355522
6351 714659
7542 667645
8867 556095
4794 716273
8266 554607
527 997022
8594 958554
1052 16397
7637 838802
8277 638310
1833 140462
9184 395227
2491 127340
4999 550289
991 321691
3500 633172
1398 553311
6322 912428
564 390271
5824 365974
1826 600640
8827 477562
9119 838820
4273 233906
3160 421860
7405 536038
7113 399060
3961 653299
7162 795791
2949 682142
442 961477
147 65383
6987 456128
4635 81702
9475 959873
3683 363298
578 466647
9763 658588
7308 312195
1892 714070
959 997556
7092 704662
8687 675520
9366 3316
1404 87434
5576 769409
1637 500014
7335 67571
6135 18621
5508 992185
1104 328710
8080 667148
8704 635486
1210 505201
937 537483
626 259704
8543 958610
1196 335345
8155 18864
2305 659382
4456 279433
8179 810730
2880 94067
5201 256063
3553 612790
3313 502575
5738 124104
2688 943238
1907 346919
3650 770373
2277 245372
7844 545247
7760 268494
4906 836103
6011 173829
1718 759793
3108 597521
346 870945
2152 715798
1534 391614
7087 893693
7747 999430
2208 903296
207 358453
2690 991066
6928 314706
5070 244470
2166 987922
2393 644205
6574 883772
5855 219270
8095 526867
8056 35722
4399 986893
9630 969713
2359 495254
9161 825178
2735 138951
1473 611773
4649 742819
2421 406360
8069 253474
6596 16951
4674 549213
2369 546949
4925 100217
293 138981
7463 882553
7659 12638
3221 185114
6976 932664
4233 368272
1605 437292
6566 924406
380 381039
8087 194126
2770 382377
8037 375921
1878 888155
6740 245054
4127 33668
1962 20073
1308 951529
9210 75478
7684 599117
8080 932082
1549 900729
3759 76463
2635 350556
3565 775961
6944 883016
8485 768711
1616 741811
1251 921592
5122 932590
5079 207754
9290 34703
9095 580772
4 779449
8370 231858
6138 667945
8770 312134
7844 371381
1570 228139
4450 381559
9766 681649
9643 798567
910 348455
6183 97506
8946 728305
4552 142728
7430 77617
570 885739
56 925825
3131 104884
6843 340435
3011 233232
814 48619
2325 135541
5695 125751
1903 380021
7972 748940
4398 699960
3661 964159
4477 471295
9316 435934
6614 998448
1451 792186
4900 293976
8096 704221
8369 876051
6751 277859
647 180484
1144 268032
7629 964045
5535 872000
9484 757371
8346 131548
7702 385323
1182 819712
1193 94352
9182 671812
9116 529885
5938 525793
416 401708
5057 527857
852 898097
7194 153897
8573 471667
7617 161465
5709 774988
6927 930058
7838 517975
4091 33825
9763 441202
2954 813881
2546 472225
2433 194843
7129 568551
5878 197216
5749 667941
1343 436379
6755 778768
998 178619
1547 872810
9615 934858
6498 352523
6122 331156
3516 869366
7578 711350
8708 633435
1949 434498
4320 660913
3393 50363
4428 141782
9202 105119
2539 845265
4364 397277
5982 237373
5311 718446
8858 982747
2018 566269
1053 518857
377 210064
7646 592922
1562 702654
8184 576662
2450 503299
8392 830755
2497 152563
1091 181617
1840 323714
263 930319
5292 918756
1283 739157
2815 214269
5759 880889
8575 306834
220 816647
1945 255858
7994 274606
7006 552742
1566 498935
9571 397071
1412 949364
4116 683110
4941 895132
2780 131530
7681 251154
9649 308015
6481 235338
9553 318446
2146 104320
9273 104567
3310 699857
5892 750284
1480 830791
1529 301082
6789 321792
8781 277234
7304 137112
7148 544244
219 361268
8048 219735
4272 35189
6831 945900
4520 707007
1681 557623
5689 829747
7537 445169
2931 494681
4085 337861
9007 868744
3839 82167
8860 419860
954 478803
1037 369761
3470 322600
7946 194568
232 1794
9532 582554
1321 135482
2294 634576
521 309908
509 407768
5916 31825
4728 190104
3015 401735
4133 388223
3873 302617
9153 863876
1893 835073
1129 753940
5755 678798
4601 831542
9071 428980
1018 845951
4353 150311
1019 689196
7621 127719
307 546980
1132 905367
526 478225
7781 289770
7281 970665
7860 611338
2389 436702
6313 736091
2787 17642
4231 666967
793 558208
8208 356597
882 4736
1291 97703
4277 553397
3200 386356
4275 244019
1909 21927
1458 641183
5451 309290
7803 487939
1673 674336
5301 844864
9504 751431
8274 203360
1733 888079
4391 379387
7477 824815
8380 909886
521 198036
9011 865792
9507 552811
1300 10093
1881 824295
5573 402856
7971 426094
954 70987
2053 773733
5937 304465
9175 136367
5582 152172
5991 410651
9202 411536
4122 881095
1933 479219
7439 902357
805 395858
7580 169553
7564 215257
4027 420309
8645 122533
3832 728231
3796 198436
586 607286
4472 693170
5415 231869
7101 200908
6386 456992
8106 484918
4458 756326
1646 883811
3967 976181
5945 469288
6755 71013
2451 337488
9119 291362
5169 37228
6517 818832
8336 515158
5371 475109
6970 911408
3613 274703
8294 669193
8999 296290
8958 24364
6784 259744
3060 143066
9149 29943
1167 233233
6965 574927
9984 259177
2470 310345
873 693980
1253 577461
1894 183232
3931 463374
7891 707004
9506 9305
2529 771979
3370 438596
1565 899412
9206 136862
7975 28448
4828 83504
1253 894068
3789 123479
4730 285731
70 553307
4778 540174
6676 488910
4077 204399
3805 217276
4933 128880
7011 127911
6355 543476
5854 233274
1445 523514
9160 313174
975 605745
4542 676060
2170 597300
7973 794998
7704 119461
7023 181611
1717 951020
4972 344160
2683 674981
9300 232117
462 803572
6665 220575
3270 101846
9766 117800
6182 21556
4000 383030
4705 390771
1975 240616
5278 182171
9416 528214
3968 575820
2614 279076
7159 249611
9704 892220
8535 849103
9315 75084
2957 396550
4528 470090
8990 624317
4277 501121
878 843960
6683 6678
870 802616
6009 103509
5999 902473
7762 580448
5146 10519
2589 214089
8657 649795
3635 299483
2458 491208
8557 339820
9072 774771
7860 1283
3523 99997
3933 594079
1741 692041
1890 149676
3811 271883
3016 362343
8653 939330
1918 50061
8717 782867
1448 425628
6209 888623
2713 292466
1176 141160
5366 25431
6151 997547
2942 655701
8141 788075
9875 747087
4306 713683
1712 245709
4273 779545
9142 782780
7894 356032
9574 862234
7760 666799
9193 836590
6470 959447
1123 764926
4922 338834
3999 672293
7058 847559
4602 576826
8514 500473
7656 766798
2555 563210
1778 445779
1909 204899
7063 856214
153 911901
3957 837
1321 176937
6387 369704
3120 733497
814 259219
1639 215279
1388 40656
1614 476214
1267 415914
7850 697161
5072 514694
1608 576443
5233 623982
2888 163717
1038 163589
1238 789758
1655 374735
4784 185183
9209 705021
5532 390823
8244 41030
2885 743515
4961 688220
6971 551427
1716 566423
26 459046
7838 62315
4072 714578
7801 688266
5791 496594
1965 127729
7771 779300
7670 276278
9612 570795
671 874972
4683 655918
4977 742607
4204 584353
1088 84705
7352 412300
136 442786
2107 797916
5716 669740
8265 635117
8996 503261
291 791099
3064 754856
8631 189032
3870 779991
948 124851
5671 527
1818 346950
7198 294186
6562 238445
6747 6578
580 413736
7338 943726
5332 784140
3735 88572
1803 501461
8254 509549
1354 656281
4306 662921
7018 971649
9577 467244
750 7637
1589 404255
6058 128954
4168 435123
5023 707197
6903 151149
3357 975590
9653 649846
1466 410563
7240 455303
2588 144976
3378 957801
5770 720419
2557 980346
7427 476732
1090 84934
4770 610091
1195 80642
1369 694661
9881 935365
9113 890152
6166 856262
3332 640769
7380 678256
5494 203752
6955 930743
1325 432000
8363 174799
4668 109347
2172 42576
8783 656824
8437 835624
7383 35563
7084 426718
4166 170428
5980 306844
5960 799921
11 326254
8838 174483
7074 842408
4734 760611
195 439548
186 236531
5683 168777
2181 678059
2819 364384
5887 369601
8733 525051
5796 62119
6283 597273
3057 479552
7884 879648
7266 754293
1529 202807
8196 121564
3834 469505
2601 486414
6995 789407
2117 537504
278 430896
1982 888431
5157 93493
4242 882365
1860 327193
5951 577805
7452 918042
2599 567299
469 543616
2447 579338
7555 828637
2219 228547
9127 870846
46 298631
3021 727697
571 519703
2911 386277
2557 683805
4196 511622
7030 972065
3829 803192
7361 685005
1025 697962
1353 548040
6960 284233
6229 593551
4348 468340
6283 31004
2003 661532
4229 660437
5702 857525
5420 816390
5848 919530
3112 367592
6052 783811
5482 657973
9980 702899
9761 107735
8815 901538
5154 211415
8817 432018
1306 988576
2455 739896
4878 4693
846 888374
9665 139783
3517 541596
4244 298125
7481 819716
1083 895886
1051 920586
1246 218620
2021 108017
4023 45146
8695 456266
6903 195737
2012 920296
2665 422155
382 309459
5990 559680
3344 114757
8456 761527
9102 645214
4920 737392
3315 732044
1561 646345
5689 619584
6386 76045
8805 654706
6621 570849
7464 820807
9493 971947
9565 770274
8682 192011
5149 93284
7603 78501
4907 385092
6918 710100
1549 339721
7074 326566
6733 436444
8633 648693
2717 609775
8670 468037
6575 432345
2388 569816
8955 92558
8676 682092
2807 550354
9356 843949
4224 383637
9148 184197
5857 186652
4540 518625
676 550286
71 591756
1432 730014
1387 869649
3506 309564
8826 52195
1110 420521
8057 759894
3005 637495
6522 368025
3869 956023
144 864909
4994 109596
9816 488602
4966 989491
3433 780721
9295 462706
3935 90297
9129 713585
3388 741040
803 892024
1676 997579
1709 444370
940 544060
8359 696573
9021 43646
9666 180354
3395 524212
3213 572596
4462 732687
3437 904898
4234 52600
8888 184741
1408 696066
6931 870742
9212 650925
1019 28375
6508 161177
7320 571687
3132 477374
502 457753
6455 938960
2489 214178
5956 14970
3597 853374
3973 404277
2728 762332
2017 450526
202 746712
6627 861674
3463 101297
4187 634223
9286 198383
5744 81066
2216 75617
808 80167
9475 80176
3132 81378
3988 979491
5076 530817
3805 871166
6708 616355
8538 76701
2186 741761
2769 163433
9325 48412
1162 148056
295 911596
670 719612
848 480813
6594 560732
8431 381870
8330 585324
4997 618830
3000 922962
8144 443633
2263 567372
4402 186232
8631 882765
1926 789456
9960 410950
2438 173076
1951 522464
8239 690727
9070 768264
8226 874468
8855 752340
5728 879737
951 649214
2760 735953
7830 485668
1991 24726
6616 792013
5303 33529
2354 579620
7795 715726
2969 329357
773 734873
3367 146436
2722 520703
4593 89898
5134 688108
2364 928717
4218 227376
9875 219377
6108 515690
1938 571719
9866 853755
8153 887604
5608 652349
7390 643980
7169 460046
5871 358301
2448 122574
855 115793
4511 857891
754 357052
8346 37798
1948 854897
8518 142855
779 352087
3387 803290
6311 26237
1271 704017
1373 436472
2237 100221
8838 945095
4518 215935
5556 34547
5296 769232
2147 655020
3999 216534
795 310201
7263 339785
5475 220160
6603 430989
7849 945826
5242 860647
3909 566776
4047 677301
658 578322
1585 980504
4595 184191
6694 41465
832 881539
738 505514
5004 814725
9773 996533
3842 826440
4192 874486
688 643751
6000 933135
1268 251145
5476 646044
5084 742319
8547 88194
9425 884205
2057 150426
2184 861057
7299 632577
1654 663362
9283 645090
5247 897361
1086 940966
600 794579
6832 84992
510 822408
2400 868391
3912 225229
5377 326665
5408 127086
6497 379338
4149 402044
3931 451011
2392 949275
5388 770523
4642 139201
4058 654086
9391 120946
4800 751351
2089 506387
8485 360447
3264 757602
7196 757676
399 995222
9848 743907
9874 524896
791 51887
2729 318253
2622 689840
533 471193
895 620408
63 656168
3374 660895
2288 928460
4131 694636
511 971017
5767 397439
2410 425082
610 275339
4916 904761
7775 93633
3494 771599
7557 772913
1864 249615
8425 181481
2132 189920
539 455446
6439 995510
2165 196188
2181 824434
3477 35999
4933 724723
6205 910260
526 182628
369 701152
6275 214104
6238 794292
6352 22086
7595 308085
9788 234970
7955 8712
1814 436762
4800 993587
2214 917148
1288 746190
5760 367980
2629 81184
7415 257439
5214 476180
9903 909433
7608 553578
4661 418175
875 596639
2050 734257
9510 628306
8114 447205
676 678385
687 245871
2749 200438
9735 141584
5565 234316
9381 949139
9907 907068
8688 409062
929 607614
993 374216
8311 358332
6695 387829
4557 369716
2766 699320
1158 363230
724 545757
1410 417933
3538 869938
7953 151284
4773 766558
5851 685054
9654 167441
5293 947044
1513 530237
5644 397520
1302 83147
907 108593
4947 802427
3292 46257
2617 285387
8313 643883
7757 396340
6245 571151
1746 104952
2682 435856
6042 376816
7705 159078
199 838127
4642 878682
4672 237222
1719 278397
1073 940189
7717 755028
1924 402365
2127 995513
565 703093
6736 24170
664 772040
7362 270145
1106 893785
8280 551276
3026 646634
2830 435335
6699 466291
50 386021
3550 364213
249 365023
8342 132718
8083 155920
6198 496819
8284 469781
6549 680629
1913 890031
1727 184124
2786 113534
9652 587061
3833 475465
2727 196397
3905 20409
884 574287
5755 369720
5822 82448
1433 116728
9527 915682
9812 423183
3618 852722
8139 694343
9932 89004
7730 179508
815 133881
8443 799926
7805 967413
4845 709591
4726 800216
9866 541667
1126 652878
4045 194390
7579 625223
6013 415616
2343 169621
2311 755462
4069 547476
6514 519154
5629 540712
3004 128261
5969 913714
677 367783
8334 865368
835 75321
2392 638176
6894 119768
3651 405433
6694 891002
7314 761581
1181 14364
234 866485
6955 568185
361 726208
9193 893993
2556 287689
9524 971899
7394 974618
8309 503820
6507 443000
9546 624738
1784 754582
9237 99982
3135 419137
8101 117402
8203 671494
944 375120
9746 884900
6831 975553
8377 834643
7750 173377
1450 65780
9658 48496
5275 879976
6852 510746
5142 76082
80 217763
4563 629209
1270 224049
2221 877586
8426 490647
403 581496
5869 112520
2194 373498
1571 730182
432 133509
6529 387619
1627 742412
9486 20189
1001 803932
1641 783962
2436 348655
4340 615577
8578 746320
6168 218718
9967 135334
7795 131750
6101 522123
6842 769361
2110 631720
3252 907995
330 154408
7472 87100
8803 975112
237 4458
4981 923771
6505 250355
1479 382427
1863 847505
7393 953318
1810 537714
3512 148142
8368 891221
5195 36455
8656 822926
9528 178888
6147 205982
1809 589849
4331 759093
6307 261684
8662 371396
1707 759574
6909 606458
4241 354948
9558 402691
8106 487351
4987 213138
9292 358833
2383 697135
9728 478982
996 520022
3347 440297
3246 357333
6368 562410
264 509516
1216 558825
4010 26264
3735 670412
5851 91593
9398 147742
6544 485425
7033 10524
698 299725
7022 583643
383 971412
4032 838435
6493 9688
1475 820137
1540 54974
1090 850738
351 76784
7260 261001
87 66206
3970 791728
8074 514713
7385 353163
1860 377950
1412 798662
4511 280164
1930 514730
3281 514002
7938 230015
8240 832123
1068 927722
5698 658550
7770 221572
3735 27877
2919 893044
7815 758833
8770 155432
3690 298204
1254 873006
3332 896310
876 772926
7118 150288
3875 697366
5715 174825
445 778437
7394 19158
4563 789048
6848 10740
352 54497
3946 298615
9924 723280
1487 986154
6118 899316
5837 250252
5093 28373
5041 269010
8865 289997
2033 104101
1335 690532
3624 394591
7216 256422
6421 321299
8418 603475
694 328450
7084 969962
3631 239187
6954 155103
317 938781
1635 575517
2024 474996
2499 525041
7491 205263
4661 636925
4805 900056
7681 240628
9892 716246
1965 645598
8584 560544
1396 601695
6109 150538
6769 244791
1223 53319
8099 347831
8550 542248
1420 491485
2939 914047
4376 129882
7632 555655
507 501962
2955 28830
8140 429405
7296 449601
2406 636315
6282 722817
6116 451535
8907 380793
6241 540031
5071 480873
1836 178155
195 754212
3412 725102
6355 923854
7393 42443
4769 42795
2822 911714
5713 18180
6548 636969
9939 989591
6384 5729
8025 233891
3485 545706
7128 271892
8193 936904
3190 974148
541 958131
2154 461414
7357 914603
8578 340682
6889 227774
923 19025
4490 232316
3318 248938
8707 706307
9155 275090
7549 470045
8806 713379
5610 383199
8634 393682
9618 296977
860 575954
2788 531335
1825 711363
9418 577423
340 956319
234 268935
582 797598
8841 185253
2297 103303
836 624679
9416 875700
3184 20550
463 136900
8086 468013
1480 701535
5176 491179
6528 787034
90 495088
2385 267645
8303 22506
8250 998911
3583 95590
4457 132049
5783 235187
7529 598714
7394 556191
1464 519269
956 279691
8658 780988
3356 722325
6425 183977
3941 666614
7712 738913
4731 309210
384 216947
6479 829324
9619 640234
8628 877438
5834 928221
246 889507
8150 393078
7833 276294
9291 226541
6740 832063
6015 642638
1927 467868
8996 678253
8926 930704
2445 701504
3746 293061
580 44784
3532 970513
2205 945148
3188 752605
8802 141559
7241 166651
4525 624240
7187 373097
9431 524446
4139 481666
5253 15638
7425 124922
929 843886
6596 89363
2403 980104
3978 759721
3990 913967
154 113196
1815 699398
7961 149229
758 20891
2451 856482
5855 217466
7291 108571
708 337470
1237 283573
5091 259837
583 906600
3302 964505
4700 587269
3284 14339
9901 119751
7180 994581
7659 266233
5441 681606
3278 749680
2781 57658
2376 308903
4378 628270
6300 344891
4601 708572
8419 559920
1688 693629
8131 605142
746 300008
1783 223646
1773 843672
2071 428497
940 200770
275 374563
5465 725435
6927 854970
1072 830085
5994 871273
7437 795956
7585 375611
6683 467238
6825 782288
9011 25351
2943 539095
6277 909760
1177 175126
5917 575080
4946 289398
1727 12533
197 583224
8334 217492
3670 433384
1780 344668
5981 946037
7223 654473
4341 568193
1460 799621
2779 723038
275 955101
7400 618723
1037 987850
4356 722116
1029 726185
9178 328074
3099 676250
7107 866674
6624 175670
7534 415489
753 274807
6530 951774
3911 217655
9556 371899
2105 805396
2394 887763
8311 440040
5671 350532
3593 44150
9389 410843
5586 981420
1130 678795
5015 946967
465 445798
8781 940770
8563 626547
6670 189527
1807 232727
8796 926855
616 562232
3601 0
3243 824261
2541 979385
4937 36568
5216 946989
1525 502910
2675 827734
7933 795009
809 501955
3489 14895
2261 815675
5104 850336
5874 367190
4836 693032
198 254023
972 278688
340 407874
8336 330188
8278 225106
8743 516905
1946 213432
9953 929130
3128 406272
1469 908287
8634 314765
3751 24639
1126 813185
4399 309828
2115 614193
422 348287
4899 281992
1356 286138
7560 873942
7340 109570
9231 131936
8221 520238
3261 316840
2850 792267
3120 153985
662 8717
3520 432314
9926 578353
1327 238899
5499 197746
2457 422819
4039 837648
1281 696597
6529 693757
5557 23548
1010 548724
5112 196740
5447 999622
3520 385326
6908 469613
6682 263015
9299 189484
9890 718072
4080 963521
8928 648619
3696 754241
6571 592719
282 155965
9697 127921
4184 412544
1746 38683
8565 806942
7536 200374
6350 652725
7866 394399
1313 834793
532 827777
8319 980437
855 534051
3960 442408
9223 987499
7897 71547
7552 588313
5155 449721
2209 41036
7851 391480
7637 991384
1048 816587
4230 307303
2382 741984
9827 660388
1110 546868
5518 161812
1492 470708
7957 824251
9747 686528
2195 257810
2288 543081
1214 35586
9428 426615
7425 679797
7493 791213
1973 336560
6382 81307
6633 292345
3426 325227
5521 900920
1180 121971
6982 528017
4318 423984
1541 83854
9105 387688
564 710416
2016 590251
302 714979
1552 641488
6398 623978
3489 334714
1098 442154
7818 354308
5800 547015
3925 30488
5099 970097
1303 194686
6204 551037
775 733866
9421 101409
2248 329476
7385 562295
3780 993951
9317 844570
6555 54577
2376 490981
2763 275979
5931 488698
7295 976377
9377 179413
6866 684387
9273 615063
2906 302941
6303 118154
4539 453965
7252 849415
377 372894
1951 293795
8121 77429
7034 350582
1719 515630
95 588797
8925 975236
2334 959005
9425 593840
3669 810618
3300 934491
129 686018
1352 854600
8141 204818
2341 692834
5505 678671
4583 652194
5703 82355
631 99687
1334 232008
9944 197264
9985 13931
3937 590495
7018 746663
6545 305918
609 715505
166 929747
7658 653851
6532 57195
6230 570744
720 778887
4299 341280
4294 349319
3664 42559
5323 542485
3406 897143
6495 230648
9613 311466
6565 206203
679 130216
2707 760743
8134 581980
1507 880991
3963 903274
3008 943700
1865 165964
5542 934827
4841 914491
6793 398799
2040 817725
3072 407941
2586 794801
8529 876741
5746 523547
7425 290337
4972 328537
2571 325872
8849 81640
1830 114502
7467 144736
7217 995052
1796 652735
9828 328605
866 377246
578 477289
5198 568616
7744 513124
3329 91531
7377 9272
4095 724836
8514 648871
4575 728847
8779 89439
1474 885919
90 61267
2210 182127
4840 779134
2439 500588
2194 551541
701 961733
9349 853745
3266 263715
4646 349070
8346 653223
832 399175
5219 612201
8257 753469
6936 95705
854 130406
136 478568
1978 217496
2054 843130
5241 197208
6401 834563
2990 52478
2545 632193
5988 393775
8034 185696
5582 255177
4507 892519
5443 498635
3822 835978
8267 577466
2637 200964
9182 28620
2418 610900
9441 423618
431 110022
8839 874547
3296 488052
5505 213930
3765 332751
4227 703295
7165 890839
9443 304531
3212 600959
3261 324058
2334 625160
1162 174427
2997 798087
72 244167
8654 539162
2969 579459
5794 523701
6004 566651
3508 198272
1031 663485
5104 11040
3253 834489
7331 589594
2350 101088
132 253348
9664 51359
6369 519097
4554 868557
2585 844827
5270 471281
1677 865331
2191 63177
3512 844112
1045 109617
699 73547
8379 534061
9353 690172
4908 145595
1810 875399
4861 714660
7274 503373
4575 57144
1080 715114
6100 791782
9581 624324
5947 354678
6109 365696
8781 389501
1319 839982
7259 438470
6645 264079
8935 18775
8951 773123
6604 276507
7466 656764
9336 470150
9956 802146
8589 916518
2145 397317
261 13809
619 456586
1594 167811
876 342027
2589 915942
4599 892069
3690 590876
977 718150
647 980589
7425 460057
9143 432733
649 993850
1612 268465
1642 448601
