100
32 18
6 0
22 6
30 18
2 0
26 16
26 16
2 0
26 16
2 0
42 12
30 18
34 20
24 18
8 2
34 20
34 20
46 24
16 2
32 18
44 6
18 0
28 26
10 8
20 18
26 16
44 6
16 2
16 2
16 2
44 6
14 12
12 6
34 20
6 0
10 8
24 18
14 12
38 24
20 18
12 6
34 20
36 18
12 6
12 6
50 48
22 6
18 0
8 2
6 0
8 2
36 18
50 48
10 8
12 6
28 26
44 6
2 0
12 6
34 20
32 18
2 0
44 6
14 12
8 2
16 2
34 20
22 6
20 18
20 18
4 2
44 6
32 18
14 12
4 2
8 2
2 0
10 8
20 18
16 2
22 6
10 8
38 24
38 24
4 2
36 18
14 12
2 0
38 24
40 18
36 18
40 18
22 6
44 6
20 18
18 0
14 12
44 6
40 18
20 18
