200
26 10
26 10
22 6
14 2
78 10
4 0
6 4
36 16
24 4
34 20
44 28
54 34
36 16
62 42
24 4
50 18
34 20
72 52
10 8
38 10
42 16
28 16
4 0
38 10
14 2
48 4
56 44
62 42
14 2
2 0
24 4
50 18
34 20
2 0
48 4
2 0
36 16
74 10
42 16
64 4
74 10
70 58
26 10
8 4
14 2
2 0
46 38
70 58
58 28
2 0
12 4
64 4
10 8
12 4
64 4
54 34
2 0
18 16
42 16
26 10
38 10
46 38
2 0
2 0
42 16
36 16
28 16
26 10
2 0
66 28
34 20
32 4
80 68
34 20
16 4
58 28
52 36
52 36
58 28
74 10
52 36
60 28
6 4
22 6
42 16
22 6
22 6
16 4
26 10
50 18
52 36
76 48
60 28
32 4
68 20
52 36
74 10
32 4
68 20
70 58
66 28
24 4
22 6
76 48
48 4
48 4
2 0
38 10
14 2
44 28
20 8
4 0
28 16
18 16
14 2
78 10
60 28
32 4
26 10
74 10
50 18
40 28
62 42
14 2
42 16
26 10
56 44
48 4
42 16
28 16
30 28
6 4
10 8
32 4
14 2
46 38
66 28
24 4
24 4
68 20
68 20
18 16
20 8
30 28
8 4
42 16
60 28
4 0
46 38
18 16
8 4
62 42
32 4
10 8
66 28
66 28
24 4
70 58
6 4
32 4
52 36
46 38
2 0
8 4
38 10
6 4
2 0
12 4
30 28
78 10
42 16
76 48
60 28
62 42
34 20
44 28
80 68
32 4
26 10
76 48
20 8
52 36
4 0
32 4
76 48
18 16
22 6
38 10
12 4
60 28
52 36
58 28
28 16
46 38
58 28
34 20
26 10
14 2
8 4
62 42
