41 37 4391 4102
7 70 89
70 93 79
25 84 72
43 82 12
29 67 29
55 77 24
30 20 16
92 95 94
96 35 79
75 65 80
59 41 62
78 66 11
19 98 72
95 59 83
70 41 75
73 28 69
6 94 76
53 76 37
6 23 80
61 57 50
92 92 56
91 83 59
41 52 17
1 87 52
21 43 15
62 24 17
90 72 70
40 22 49
74 68 69
61 44 12
71 88 5
93 43 15
45 64 52
20 59 56
95 77 64
55 98 70
79 76 96
57 76 67
27 35 97
58 92 59
46 93 95
55 41 44
98 36 36
2 33 88
69 73 7
20 95 93
50 65 63
13 78 86
9 81 64
57 56 89
43 42 58
65 98 44
91 60 97
25 52 75
11 35 3
50 44 10
83 97 69
22 42 70
66 42 84
86 87 34
35 85 28
31 81 15
57 78 80
91 73 55
41 97 9
8 63 9
67 64 92
97 83 61
84 22 83
30 26 88
70 23 50
23 52 11
12 94 40
85 96 51
41 78 75
81 79 45
63 97 66
9 67 73
