43 43 4629 4117
79 70 33
21 93 12
6 70 42
76 58 91
29 52 33
7 75 24
74 71 64
7 58 90
67 48 31
20 26 17
1 91 40
74 68 51
74 67 8
64 89 86
48 44 24
63 77 66
56 69 63
66 84 75
99 22 14
35 56 50
92 45 92
46 57 22
38 64 40
23 95 78
45 78 7
32 80 25
66 23 67
66 65 46
13 40 74
30 64 40
1 24 62
15 50 63
35 84 93
40 28 50
95 42 7
61 49 99
47 77 57
21 25 94
18 20 76
34 27 12
81 77 11
9 65 24
82 62 33
49 51 63
31 74 30
88 44 35
30 58 15
85 56 8
43 69 29
6 90 74
58 90 64
45 50 30
83 74 16
31 49 69
99 80 34
31 89 17
31 32 37
91 84 24
48 44 42
97 75 72
46 89 74
20 54 91
49 94 5
42 42 42
63 69 79
81 43 10
19 47 79
43 88 61
47 76 36
43 85 55
26 50 87
54 90 67
8 72 80
84 22 10
25 91 44
51 97 91
40 37 41
68 59 13
36 82 5
12 29 4
42 37 99
57 49 41
66 25 72
75 47 68
55 48 98
82 86 12
