178 175 40941 45313
11 32 76
29 83 66
43 81 39
7 84 49
47 34 94
73 80 43
24 65 63
59 64 71
46 78 87
43 46 94
2 76 44
18 58 19
44 44 56
19 35 88
5 85 14
54 35 45
94 96 46
60 42 15
34 89 51
38 85 83
49 83 52
95 28 55
74 96 23
41 30 28
89 71 41
63 74 45
45 23 65
19 64 93
99 41 93
9 61 62
8 43 40
18 83 4
6 42 85
22 91 82
20 36 39
42 43 22
45 76 86
29 43 76
35 21 36
76 77 48
10 94 85
39 71 82
68 36 3
52 47 58
9 30 68
32 76 79
89 26 61
60 94 12
10 96 91
4 70 57
85 58 69
22 85 54
20 98 89
58 77 35
59 33 21
7 63 21
6 72 24
45 23 41
91 29 10
95 29 5
83 89 83
54 41 8
36 30 57
4 35 13
38 58 39
66 75 45
84 64 31
41 67 91
15 20 47
30 20 3
63 48 73
35 32 57
39 46 43
17 87 11
93 32 31
95 33 56
1 74 80
5 26 26
91 84 46
34 31 27
82 34 26
25 90 48
26 82 65
25 60 43
41 73 73
55 86 24
23 75 15
30 92 67
33 92 25
58 41 26
21 82 25
62 60 45
2 89 80
72 56 69
68 81 34
1 30 7
97 87 91
62 89 34
88 92 33
62 94 10
67 59 85
3 22 37
83 78 80
20 74 89
74 93 96
26 57 73
78 87 57
61 50 18
86 29 30
8 27 74
37 71 67
12 31 70
1 36 39
20 89 71
10 95 14
8 44 51
27 68 7
9 90 67
44 55 35
96 44 14
11 48 88
48 54 48
36 60 33
25 97 72
21 60 12
31 93 58
32 33 69
42 59 90
74 59 73
4 57 18
89 66 90
68 42 85
18 37 97
66 55 99
74 79 14
15 34 60
54 81 91
11 48 89
25 77 70
52 77 28
31 50 53
16 47 30
52 56 33
28 47 60
57 30 75
82 36 88
87 80 52
25 50 61
94 22 98
37 61 85
99 21 6
90 92 34
79 50 93
63 62 59
40 92 76
98 92 32
7 65 92
3 60 90
55 76 64
64 90 83
56 94 75
86 89 46
33 29 54
14 89 87
81 49 61
42 87 83
12 22 91
4 66 86
21 63 95
20 32 56
39 31 31
82 58 11
98 63 29
94 29 21
65 70 74
13 38 76
41 82 5
12 76 17
13 65 4
36 30 94
59 89 85
64 65 88
66 60 87
92 85 68
78 61 52
49 20 86
36 47 7
85 84 27
22 36 23
57 59 27
65 73 18
97 26 45
37 88 51
9 69 85
75 90 60
58 80 42
72 82 58
50 78 84
74 24 8
68 58 36
14 88 40
94 91 38
18 29 75
55 82 45
54 71 15
18 79 6
5 63 94
2 43 38
39 42 36
99 84 56
35 33 25
3 26 36
32 24 51
8 90 54
20 43 7
91 32 6
48 46 37
52 42 39
27 97 58
97 88 86
35 64 14
68 87 65
89 40 74
75 47 51
4 48 3
64 47 38
68 58 21
60 61 99
7 62 29
12 59 12
39 44 12
91 80 73
68 88 71
85 49 13
67 54 4
83 64 28
64 86 73
59 45 31
95 21 21
28 23 19
46 20 31
45 52 34
10 77 54
81 70 49
31 87 12
93 76 47
40 33 72
65 79 13
26 77 61
17 38 26
10 84 91
44 78 79
7 35 94
6 52 55
55 34 11
34 55 11
46 37 13
50 58 19
63 75 63
78 21 40
1 20 39
49 43 79
83 61 62
62 46 48
30 29 20
37 33 67
88 90 82
73 40 87
90 79 78
85 49 97
66 51 16
26 33 28
47 58 5
48 25 98
87 60 85
30 34 26
70 51 28
39 60 82
3 51 59
1 59 50
56 49 87
90 79 42
93 60 71
29 55 54
5 94 19
39 57 25
90 52 75
6 63 70
55 85 77
63 55 93
13 38 31
72 83 97
66 33 32
83 33 94
85 35 93
59 78 87
37 46 38
94 84 44
83 33 43
35 75 88
99 54 74
70 37 59
45 79 49
30 33 37
35 80 99
95 54 45
23 69 51
9 22 77
66 98 56
66 24 94
84 70 78
79 30 65
75 56 61
21 83 17
76 69 54
68 45 13
90 73 77
42 43 85
20 78 97
24 97 75
20 55 54
99 90 99
71 56 35
99 60 65
18 44 5
34 95 29
20 39 20
67 37 96
28 89 37
5 59 98
56 24 53
74 46 27
56 22 55
83 60 98
59 69 42
71 62 34
99 26 4
91 71 23
66 35 31
75 37 79
30 59 25
95 78 3
66 75 4
87 61 38
24 76 52
50 95 58
63 73 27
63 82 18
33 38 5
84 80 75
74 42 54
22 90 40
31 84 24
