196 182 46081 45064
8 50 76
26 81 21
19 68 45
89 37 67
13 30 65
16 55 72
2 27 51
6 97 90
28 83 58
91 53 30
63 92 26
77 78 18
79 68 70
60 44 22
47 95 66
74 38 49
1 94 17
72 87 83
85 56 79
13 28 29
66 83 84
70 55 31
73 77 25
18 30 64
92 55 50
97 36 93
81 26 28
61 52 52
75 53 99
56 50 91
27 50 42
50 77 65
82 77 81
4 55 97
88 47 45
36 92 97
97 98 15
12 71 76
78 72 85
10 41 8
10 80 72
74 86 22
49 69 99
30 35 74
58 43 22
57 59 88
72 67 39
97 25 29
21 56 36
4 41 77
48 32 59
87 84 40
65 40 49
91 45 72
77 93 59
31 74 28
26 89 24
36 94 92
71 56 4
41 40 90
63 89 77
44 70 95
32 94 24
94 54 45
43 56 81
21 52 60
53 77 6
63 46 68
84 44 5
22 64 26
98 56 31
88 65 35
51 56 8
61 61 75
18 60 96
20 75 79
93 24 16
62 28 12
12 67 22
80 21 79
38 43 17
63 38 81
47 24 15
16 95 88
38 64 94
78 50 26
29 50 85
54 83 19
54 87 81
91 45 45
15 96 92
50 40 76
7 97 31
17 57 50
81 36 12
57 41 23
60 85 43
7 94 93
43 65 30
61 49 47
68 91 98
99 41 25
21 48 94
57 84 44
71 61 51
30 92 9
55 34 36
83 74 68
30 42 91
78 57 49
74 28 92
90 35 65
22 59 76
81 95 78
15 75 72
84 70 29
82 59 95
84 22 35
87 86 92
99 79 13
98 37 9
42 87 21
91 61 57
29 45 82
51 81 77
77 34 21
83 67 52
4 47 8
4 90 64
88 25 50
97 95 11
24 75 85
46 61 59
96 83 27
7 53 28
35 67 11
95 65 80
56 59 71
44 87 43
64 43 26
18 84 15
10 47 46
69 35 56
90 27 51
44 42 9
84 91 83
86 33 27
86 34 4
93 81 66
61 65 28
13 60 17
84 26 76
79 55 94
65 37 75
87 97 8
21 67 98
42 31 49
29 24 54
49 60 74
98 21 13
45 21 66
93 34 84
48 37 24
37 40 47
16 69 6
65 57 75
11 24 98
32 35 41
40 95 49
21 95 94
66 58 98
98 33 35
1 73 88
56 69 66
5 39 28
46 49 99
73 73 34
98 71 77
96 77 52
9 39 87
68 69 4
60 78 97
62 41 65
23 57 85
20 23 41
38 61 17
84 40 96
61 65 3
28 82 75
70 51 88
84 52 41
8 47 41
58 89 20
48 77 97
25 73 38
91 84 8
71 35 9
58 45 97
94 61 72
63 25 27
28 92 68
97 36 8
11 70 51
30 20 72
25 92 98
21 41 90
91 80 55
23 62 42
84 45 19
52 87 12
77 84 66
42 32 91
3 62 93
36 55 87
93 91 45
29 41 5
38 33 20
38 79 25
68 48 22
91 41 76
53 50 21
10 76 6
97 71 63
93 41 58
10 90 34
81 89 62
66 90 51
78 87 80
8 51 50
28 87 70
16 41 60
47 49 9
82 41 13
63 84 61
55 77 46
95 80 49
37 48 68
7 35 92
35 73 25
84 48 9
47 92 27
71 88 82
63 51 10
77 40 24
92 89 53
37 41 77
67 22 79
18 23 60
56 71 13
42 73 66
19 25 56
52 32 83
64 50 3
43 97 55
97 75 4
23 95 72
73 95 68
19 90 77
3 42 75
85 93 83
24 25 27
26 82 96
31 55 17
94 93 30
20 38 51
99 92 70
83 32 95
37 35 42
82 32 89
16 82 27
45 95 14
96 55 80
31 66 24
83 38 54
85 54 26
5 75 10
34 92 19
19 73 23
41 29 54
4 83 29
95 98 47
28 35 85
25 24 12
83 95 90
6 92 95
76 90 98
94 76 72
59 37 44
21 20 83
90 21 98
70 26 61
5 79 76
14 38 20
5 86 25
2 66 72
24 64 92
66 80 60
80 97 59
84 84 98
90 37 12
8 56 60
49 78 95
30 60 14
25 57 71
8 73 70
19 98 65
79 54 61
12 72 55
21 79 64
33 77 21
73 80 61
3 30 62
78 47 66
73 24 30
65 47 29
22 56 30
25 75 42
12 30 80
96 65 69
68 22 62
21 77 40
20 25 15
1 74 95
23 26 57
74 64 53
18 88 46
83 33 54
46 69 29
40 95 50
84 66 86
37 38 17
2 48 85
59 81 69
12 72 69
98 98 15
31 23 61
50 33 17
2 82 90
78 39 11
90 96 8
53 83 82
33 51 13
22 46 71
28 98 97
24 45 19
56 24 98
27 30 96
14 49 19
69 83 80
51 32 88
11 83 18
15 61 46
46 62 46
37 36 72
28 23 67
33 79 66
3 42 43
16 39 64
40 44 7
79 60 87
63 23 58
88 53 98
27 92 14
6 28 44
81 49 65
3 83 71
60 25 55
83 48 15
27 45 8
60 88 35
18 71 34
29 27 5
25 65 40
67 45 77
49 82 94
95 65 23
53 88 33
51 68 36
