184 186 46483 48383
47 59 86
89 39 89
26 30 28
30 41 46
7 97 85
45 81 28
37 54 53
63 89 61
63 82 22
3 72 26
54 56 88
13 82 65
10 90 23
29 22 4
28 81 62
41 85 99
28 32 50
37 41 38
87 25 11
49 69 20
25 84 25
34 21 41
75 65 78
35 56 59
81 21 99
78 56 28
47 87 76
91 21 24
85 78 63
33 57 37
9 56 52
59 58 71
85 44 34
27 84 11
12 67 72
40 63 46
22 58 84
95 45 23
93 94 58
44 70 78
76 96 24
50 47 83
70 50 50
2 75 96
10 69 74
23 23 76
79 53 4
10 40 70
10 77 17
31 72 60
72 90 55
40 47 98
25 77 20
17 70 23
53 76 54
97 96 21
17 89 80
20 33 68
75 33 16
19 59 68
90 63 23
14 27 65
83 28 37
31 28 19
51 35 63
81 68 77
2 81 35
56 83 38
29 90 17
45 77 31
78 32 36
62 28 88
38 26 10
49 87 58
78 90 53
74 56 55
4 21 33
86 55 8
28 91 35
22 52 95
24 33 86
73 86 25
96 26 30
50 23 4
85 81 31
95 40 92
57 26 99
71 52 32
31 80 25
68 32 34
58 30 40
66 24 51
83 37 28
80 94 23
76 98 59
47 74 7
4 57 43
65 53 36
18 59 38
54 36 11
13 87 72
38 57 25
39 52 86
18 21 12
56 46 90
65 83 65
50 70 49
56 40 18
28 26 32
6 79 8
66 24 62
31 96 54
29 51 67
79 74 84
83 47 70
58 43 32
88 95 65
10 57 36
34 74 41
59 87 55
31 33 68
90 29 49
62 94 20
62 88 12
97 36 87
24 86 61
86 48 39
60 29 5
1 62 74
95 63 87
81 88 89
16 86 93
56 70 88
10 71 38
17 83 45
16 93 70
40 62 57
61 60 32
55 62 12
72 72 54
14 31 74
70 60 96
93 82 13
86 20 88
83 75 29
63 69 45
54 27 92
41 52 62
19 52 51
99 98 48
28 82 47
65 56 14
28 28 65
52 83 86
61 49 22
35 94 31
64 84 56
35 63 40
7 89 35
23 37 21
1 89 15
87 36 31
14 40 65
15 72 78
42 34 55
3 84 74
63 36 28
56 93 49
98 71 52
3 49 43
65 74 12
54 31 43
96 24 81
71 95 27
7 56 11
42 74 58
44 61 42
40 92 43
30 39 25
76 87 63
59 62 27
4 94 32
87 77 62
91 98 32
27 66 90
15 80 98
26 50 92
8 91 21
19 61 15
2 49 12
35 36 13
85 60 72
63 85 25
53 31 65
35 30 39
29 62 56
57 78 89
54 97 20
23 41 12
41 21 90
42 30 45
54 41 76
52 38 5
28 66 7
7 30 6
2 42 11
98 37 47
52 21 12
71 86 69
25 29 78
29 45 45
41 83 44
93 87 5
63 84 31
56 42 70
38 77 52
39 63 28
46 37 21
27 81 45
13 61 9
94 23 25
14 31 43
66 20 11
4 37 29
46 59 13
10 93 89
69 69 80
38 89 86
84 28 66
8 52 77
39 90 7
75 42 76
74 27 99
80 76 81
87 95 29
20 37 97
81 60 94
45 74 66
68 98 97
66 70 34
24 53 13
33 91 92
75 46 60
12 51 67
7 54 75
19 42 31
83 57 18
11 69 99
71 21 99
10 45 34
35 67 65
73 55 18
26 53 21
62 77 28
97 70 83
27 93 64
10 76 90
71 95 8
34 88 4
17 97 32
4 80 75
98 84 64
60 92 71
61 77 80
9 72 7
47 39 4
38 60 59
57 69 48
53 90 44
95 71 63
10 64 7
38 41 25
61 66 80
77 53 68
88 58 71
67 68 82
79 95 18
9 44 10
13 55 51
10 36 51
33 91 24
69 54 43
25 79 98
19 36 34
45 52 5
37 45 19
24 88 56
9 42 95
9 74 34
54 37 12
50 92 80
43 65 61
3 71 19
71 31 68
33 31 86
98 26 55
51 57 86
20 58 90
81 49 80
69 71 59
53 49 48
41 90 99
20 54 92
19 93 43
41 63 87
73 52 98
90 74 6
83 20 86
98 88 99
72 91 52
90 44 23
37 62 27
33 72 40
93 78 59
62 88 78
78 90 46
86 44 33
28 77 53
41 92 14
3 76 90
7 89 37
70 67 89
42 60 48
94 28 90
62 22 83
62 32 87
4 54 60
92 85 26
12 89 52
61 69 56
84 30 20
80 93 85
18 30 32
73 73 64
93 69 6
61 80 82
20 24 83
39 67 13
1 73 56
40 20 10
46 80 89
50 71 3
63 63 62
95 76 54
80 21 33
45 62 16
22 59 51
75 42 21
83 93 99
24 87 99
47 82 90
58 83 59
59 45 41
36 35 54
28 69 99
49 24 93
67 90 29
13 53 66
18 64 53
42 48 4
96 36 9
37 53 98
17 51 91
22 53 94
80 84 41
81 49 3
30 24 64
19 47 68
59 38 98
84 54 54
