176 185 47965 40579
98 64 11
35 59 52
90 50 24
57 44 16
39 59 35
58 29 69
40 42 64
62 46 47
60 77 86
67 52 6
58 61 54
11 26 93
67 59 23
80 56 10
85 80 97
22 66 88
86 54 84
80 34 18
8 70 66
99 20 83
54 46 45
29 38 91
51 52 19
73 69 18
65 81 32
17 85 35
69 52 97
72 23 70
57 62 28
69 27 57
54 95 49
55 58 10
64 58 33
2 89 17
97 78 47
95 79 9
96 91 79
22 38 74
17 61 57
99 49 76
90 48 66
86 79 90
17 31 86
99 75 6
2 79 34
6 80 62
9 71 45
76 39 30
38 58 67
99 27 77
75 87 52
38 79 15
62 74 80
1 71 72
93 88 28
52 39 33
29 86 10
6 72 86
94 29 8
23 94 15
75 96 38
84 96 83
85 91 27
28 33 82
73 61 18
37 96 20
17 71 48
87 76 57
7 95 76
93 36 72
95 98 78
4 40 25
23 84 10
67 91 21
58 54 9
30 92 98
23 74 11
65 69 18
83 28 19
14 44 54
5 43 18
39 20 67
60 60 35
64 70 91
55 20 27
94 82 60
4 80 81
89 34 72
88 91 21
32 36 99
30 74 90
73 79 25
44 29 90
72 93 19
62 68 50
3 69 72
24 68 33
95 50 17
6 66 88
52 22 16
88 61 13
52 66 18
60 60 36
12 68 24
98 67 34
16 65 38
91 55 50
66 93 3
3 97 62
87 50 77
46 47 96
23 63 82
85 46 67
52 26 65
17 91 44
94 57 65
57 56 12
85 78 34
67 67 29
29 38 95
91 22 7
1 45 64
86 26 53
86 72 58
30 91 61
59 43 94
19 50 74
67 78 95
9 67 72
27 95 94
23 83 60
1 32 32
65 91 28
73 79 57
92 88 33
66 83 63
65 24 74
31 66 23
25 84 13
72 77 81
14 70 55
98 57 89
29 43 14
93 60 50
75 81 53
91 38 65
9 23 78
43 74 61
86 97 93
56 84 40
65 37 88
8 55 7
85 94 71
14 50 55
71 85 66
27 38 75
7 48 59
75 94 26
88 30 43
15 27 48
27 52 95
85 89 48
28 67 74
51 67 21
56 60 30
37 93 10
77 56 73
5 66 41
72 95 23
18 70 32
63 63 47
13 84 16
25 31 20
25 82 42
67 69 99
14 70 73
70 95 68
7 23 63
91 36 31
23 45 74
67 43 7
80 47 91
83 21 10
66 78 45
15 77 87
75 76 46
94 57 16
59 21 24
45 87 26
45 97 68
3 83 8
32 84 91
75 47 57
22 61 60
78 40 93
16 41 83
81 63 13
17 92 75
98 52 65
68 90 97
60 42 41
77 39 70
22 79 69
54 50 4
9 46 38
94 47 90
91 31 47
75 72 32
67 83 71
54 89 46
25 36 59
51 92 82
20 37 38
38 40 40
4 50 15
45 82 69
25 92 37
85 48 95
62 77 40
50 23 58
18 37 53
98 73 83
97 80 14
12 39 38
45 81 45
90 50 58
33 53 44
12 74 54
65 35 13
93 86 10
40 20 72
97 56 80
80 92 65
14 95 61
3 62 79
61 53 87
37 51 69
38 41 92
39 80 42
69 51 34
62 63 41
80 81 48
66 46 35
42 86 89
64 76 40
3 31 57
10 41 45
84 63 37
63 36 79
46 88 64
85 25 40
64 22 25
92 39 83
61 95 85
6 97 63
41 97 8
38 46 55
42 87 34
50 30 47
51 42 27
27 51 55
42 80 9
83 30 13
31 90 18
74 95 20
27 44 37
18 21 42
97 73 74
77 34 51
77 56 74
43 42 34
83 31 53
50 57 45
44 51 9
74 47 57
11 34 76
22 93 36
54 41 65
86 88 10
22 58 35
76 85 49
63 93 25
72 94 72
64 93 82
43 55 32
60 34 68
61 47 68
12 91 50
46 60 25
29 30 37
89 48 21
52 22 41
86 95 3
40 28 74
14 86 60
9 67 52
90 32 18
21 87 23
76 98 92
29 88 19
6 34 36
43 74 39
35 83 12
8 22 51
29 32 17
94 93 8
9 91 92
71 37 51
15 56 26
70 59 54
16 45 87
99 77 71
10 31 46
34 81 51
30 77 8
17 30 40
40 22 67
24 67 11
96 34 15
15 76 57
67 84 41
5 64 30
9 43 66
26 24 21
67 90 6
68 30 79
14 76 49
71 50 90
76 27 95
95 92 81
86 78 94
20 71 26
88 75 84
63 34 48
48 24 57
34 80 37
92 88 41
83 83 19
27 81 89
37 67 17
63 49 66
28 59 58
84 67 51
58 61 87
7 75 95
64 97 88
68 91 48
87 80 75
55 37 90
79 87 85
48 59 94
35 37 51
96 79 55
20 29 45
66 64 69
90 35 8
88 81 54
98 86 65
67 82 7
56 83 53
75 50 46
