200 200 50000 50000
78 81 65
55 81 66
97 42 96
74 27 90
61 42 98
69 94 62
97 94 97
87 82 55
61 26 63
82 36 72
76 66 97
64 91 82
70 42 58
78 23 82
54 30 78
87 80 82
65 27 60
87 55 86
93 33 76
56 79 98
74 41 67
66 55 76
68 85 56
97 25 67
54 25 89
55 92 86
58 47 89
82 57 80
57 41 77
85 96 60
70 86 95
59 62 65
65 21 62
58 41 81
93 25 93
77 32 82
62 93 99
86 39 66
87 60 91
94 45 71
79 20 99
69 56 73
67 23 87
64 45 53
99 65 93
84 40 90
86 72 80
55 85 91
87 87 74
66 98 84
53 61 55
53 58 64
74 28 97
68 76 97
70 83 91
78 26 65
80 94 81
79 92 58
84 57 77
68 67 70
67 84 73
79 26 88
60 33 70
94 46 54
79 56 53
98 57 59
81 87 54
74 25 58
58 63 88
88 53 82
82 46 95
86 68 80
71 29 66
69 54 71
62 82 92
98 38 53
72 81 91
61 36 61
90 33 54
90 57 86
54 86 59
88 74 70
91 54 87
99 46 94
75 51 61
64 97 65
67 95 70
92 25 89
60 55 63
62 46 76
76 43 85
88 77 62
94 41 63
69 36 57
98 78 90
98 67 61
66 96 74
63 88 90
75 46 85
97 79 74
84 66 89
53 96 99
94 41 75
64 63 65
58 75 57
53 46 91
91 45 76
99 48 60
94 41 99
77 80 70
83 41 99
64 87 77
78 59 80
82 44 68
62 54 85
91 97 75
71 56 96
67 50 81
85 44 53
96 65 86
78 88 67
59 72 73
98 39 53
76 62 88
63 38 64
64 59 58
98 80 94
91 87 91
68 74 77
99 61 55
74 71 89
85 32 64
95 80 61
91 73 95
56 80 55
71 23 62
71 48 94
82 42 81
65 40 70
75 30 77
68 52 54
73 61 96
68 32 94
53 32 76
62 83 86
80 76 71
90 70 97
93 89 69
64 79 84
68 72 89
84 26 72
54 83 90
67 28 98
64 45 96
75 42 76
79 74 63
57 79 72
90 60 86
63 94 64
89 61 86
53 60 90
93 95 69
72 75 95
66 45 95
89 81 76
77 66 97
54 29 72
72 20 67
87 31 85
69 74 61
85 46 81
69 97 68
79 26 64
78 58 94
94 56 72
96 36 71
80 61 68
61 56 79
80 64 98
83 86 74
76 23 78
86 34 91
87 87 62
74 52 75
87 78 70
64 33 64
63 61 68
68 29 67
54 35 74
98 29 95
56 90 74
57 80 58
70 73 54
62 73 76
65 95 53
98 34 94
98 54 86
97 94 63
80 21 68
59 87 68
55 53 71
97 74 87
90 78 87
70 28 65
81 70 62
70 31 77
47 42 88
86 74 92
85 59 54
38 76 87
49 47 64
91 36 73
49 48 57
33 76 86
59 52 64
58 92 79
39 64 97
41 78 89
62 75 91
60 27 57
41 25 85
54 63 63
43 28 59
41 58 96
54 51 72
70 41 85
36 98 55
76 38 88
75 36 94
90 65 59
74 69 58
78 63 68
57 60 54
54 47 63
66 67 97
98 65 83
33 72 67
68 38 90
48 67 75
48 24 95
49 54 99
47 94 80
60 78 57
36 20 71
71 90 89
80 93 94
59 55 65
33 54 76
88 85 85
61 96 69
81 84 72
80 22 78
45 59 65
81 36 55
93 36 69
59 94 79
34 32 81
43 43 75
82 32 61
63 35 99
66 65 71
38 21 96
98 26 68
83 31 61
85 87 85
80 67 55
78 75 55
96 68 86
55 93 90
77 84 92
42 56 76
39 88 98
37 48 96
64 79 58
40 53 71
88 57 84
52 82 76
49 84 97
44 86 97
49 25 87
55 80 76
49 33 77
64 49 55
37 61 80
34 37 86
56 20 78
46 37 79
42 40 75
78 32 63
85 28 96
54 31 91
38 52 87
34 81 57
54 39 69
45 55 80
97 93 60
83 89 53
91 95 77
49 24 63
58 42 56
57 40 55
66 36 70
95 45 97
78 79 92
49 88 65
55 75 66
70 92 94
65 25 86
84 82 71
75 77 95
81 78 58
34 62 90
43 80 98
88 62 95
56 42 92
59 52 73
62 32 73
60 79 66
82 48 94
93 92 78
82 87 70
57 22 59
48 61 69
37 28 83
69 35 98
73 29 74
84 69 75
81 82 96
66 41 56
42 89 83
76 80 87
94 66 71
75 27 57
74 39 90
59 47 81
89 78 96
80 98 96
66 71 82
60 73 56
80 57 73
49 60 56
36 36 57
95 21 68
56 71 76
53 67 97
66 31 83
55 30 94
74 29 75
91 50 62
80 87 92
41 42 71
38 22 96
73 69 80
62 70 71
86 62 88
75 30 58
83 85 73
89 85 73
41 91 79
34 24 87
39 29 77
64 81 98
61 69 77
56 31 93
75 92 91
48 28 94
98 79 66
90 84 74
37 82 71
92 66 87
62 72 53
59 93 67
35 56 96
66 67 86
78 67 94
62 92 62
53 27 89
73 77 53
58 33 64
78 82 80
54 80 58
60 82 65
45 20 88
63 89 98
57 54 66
41 57 89
40 73 55
58 68 91
90 44 55
90 23 69
47 43 75
97 61 57
76 54 73
68 29 65
65 53 84
63 68 58
74 23 53
64 79 87
72 67 77
98 97 95
