200 200 50000 50000
69 51 76
94 40 77
56 22 70
95 92 87
83 37 55
69 90 60
73 49 73
89 82 90
67 92 55
69 32 96
57 39 83
66 58 88
94 70 53
79 22 54
84 62 94
67 92 75
62 47 81
75 92 82
89 48 64
56 35 57
96 95 94
85 75 85
57 98 92
63 81 59
97 78 60
67 80 89
59 76 61
56 87 68
83 96 67
95 50 79
89 61 62
53 28 53
71 42 62
91 72 71
77 69 68
67 27 58
84 54 57
65 36 86
70 23 54
64 46 60
99 37 75
84 69 62
64 90 93
95 31 59
56 64 81
56 62 69
67 94 77
93 43 67
89 62 88
86 24 90
84 96 86
74 97 91
82 33 89
99 21 62
90 80 59
76 73 84
74 86 70
84 35 54
77 41 61
91 35 56
79 90 77
70 23 92
75 62 62
95 72 62
55 77 60
86 44 77
70 21 88
59 52 56
97 67 92
94 70 56
69 31 66
99 55 90
77 90 63
64 26 54
88 80 77
90 96 92
85 32 61
64 53 53
82 85 54
71 46 88
69 67 75
80 30 60
73 78 68
82 97 82
95 78 65
55 76 56
82 32 98
61 69 80
70 75 91
94 64 53
97 39 87
61 21 57
70 28 58
63 57 77
62 82 87
99 69 67
74 87 89
88 45 97
88 69 68
76 94 85
99 64 82
56 82 78
56 77 97
89 36 91
86 98 90
89 67 95
89 95 90
85 72 81
91 55 72
98 27 88
97 23 59
78 28 76
86 70 92
80 22 75
77 58 72
56 22 57
64 23 95
83 49 61
78 92 89
89 38 74
89 49 65
86 92 93
88 67 96
74 83 70
70 31 58
81 88 65
73 94 53
57 55 74
94 87 65
97 27 63
55 20 91
64 61 93
92 47 90
97 23 96
87 97 87
78 59 60
65 59 59
62 32 69
87 95 83
67 96 92
76 77 96
64 82 71
74 33 73
94 57 69
58 40 93
67 91 99
77 44 84
71 59 88
90 35 85
98 22 98
99 23 77
55 82 56
74 81 59
88 81 81
97 49 53
74 29 83
70 39 87
72 96 83
67 69 99
74 20 93
64 94 86
54 87 68
60 83 56
60 39 76
97 32 73
87 56 71
64 44 84
63 87 98
78 31 66
92 51 84
66 30 78
87 93 55
97 73 70
68 76 68
91 34 64
97 34 95
72 53 75
83 94 62
69 39 62
92 73 62
62 66 90
60 91 82
98 71 63
53 34 59
96 34 94
57 75 66
56 73 83
86 46 84
98 72 93
58 93 67
53 57 84
80 28 63
61 26 73
97 38 54
66 76 76
70 79 90
67 31 59
54 89 86
87 29 92
71 31 81
78 76 76
53 93 63
36 36 95
96 51 72
58 40 73
87 96 94
51 45 81
70 55 64
91 25 93
49 25 89
75 27 65
49 92 70
70 82 96
56 96 98
63 46 58
36 34 86
69 30 56
67 73 72
44 51 69
63 77 56
76 88 72
62 95 93
77 31 78
69 30 71
48 58 71
45 64 77
97 55 99
42 53 79
59 66 69
46 64 71
63 55 72
49 40 99
34 73 71
34 42 71
75 95 87
74 61 56
66 85 77
54 95 53
40 30 98
73 27 99
51 59 91
99 86 65
58 80 99
53 34 73
81 52 77
90 25 90
90 66 99
80 75 80
33 25 59
71 85 97
68 44 58
63 88 54
79 68 85
34 90 65
97 92 79
42 65 72
42 48 67
97 29 57
63 33 78
60 38 93
89 82 97
40 76 99
91 53 81
57 41 53
83 41 86
71 64 83
41 74 60
54 60 72
66 90 89
80 94 90
81 80 86
67 73 74
97 44 66
62 39 86
38 33 69
77 32 64
90 98 63
35 44 96
74 83 72
47 88 99
76 87 85
98 56 82
51 47 88
78 20 85
90 88 95
81 83 65
88 36 67
96 95 83
84 66 81
35 22 76
84 67 57
51 49 73
94 65 82
86 46 56
38 93 64
48 24 75
87 36 88
39 56 81
66 23 89
72 49 91
69 92 74
51 51 55
86 83 71
85 83 76
60 77 75
72 36 82
51 28 83
95 49 66
56 77 71
96 28 90
48 62 64
77 81 76
97 95 63
64 66 75
73 39 77
70 24 74
98 83 93
73 35 66
94 56 53
72 70 64
90 56 83
56 48 80
43 37 67
80 64 61
39 53 88
54 36 69
37 97 83
48 85 91
43 66 87
56 63 97
48 72 79
59 55 73
68 78 68
48 75 64
51 45 83
43 47 63
75 88 72
61 86 74
97 64 62
50 32 92
44 41 66
54 86 59
58 53 98
42 32 77
38 56 97
49 61 84
54 93 85
76 62 90
56 32 74
72 42 67
57 78 57
73 32 98
51 45 97
71 39 90
42 98 77
33 91 71
87 70 67
80 82 67
49 60 73
53 30 54
47 65 91
41 28 97
85 97 80
67 44 82
90 44 58
59 74 53
81 85 67
47 49 65
78 59 82
49 49 72
70 94 60
54 84 65
43 57 91
68 20 59
44 57 84
71 95 62
45 33 95
45 93 79
84 33 90
99 90 80
71 47 57
38 45 79
72 37 96
44 78 53
38 81 71
82 23 76
79 40 76
59 73 83
88 42 93
83 49 68
68 77 53
83 50 58
62 86 64
54 63 68
72 79 91
89 32 91
99 97 78
67 23 73
71 30 55
82 64 84
