200 200 50000 50000
61 55 82
71 47 62
95 81 93
97 32 64
72 97 66
99 85 92
73 62 90
65 39 89
83 22 95
64 30 60
69 28 75
76 24 81
97 53 70
93 79 77
65 92 80
75 75 93
73 69 57
89 31 78
54 72 64
60 34 65
87 78 90
85 20 74
58 97 79
77 91 63
86 27 90
98 93 54
95 23 79
91 38 97
56 73 87
92 78 87
75 89 86
91 76 65
57 49 82
59 39 95
64 66 76
64 91 55
53 27 54
89 72 61
64 87 77
87 82 60
77 53 95
91 65 92
85 59 78
80 65 99
85 32 72
94 31 64
60 62 68
61 42 72
71 86 86
61 29 57
63 54 62
54 22 89
58 94 60
75 20 75
88 86 64
87 29 58
74 72 79
99 83 80
65 88 87
73 53 78
93 85 65
75 63 94
60 87 75
61 34 85
57 42 94
68 77 95
75 45 77
95 61 70
67 83 59
76 21 98
97 66 85
66 75 72
61 61 88
70 58 72
98 49 59
67 63 85
61 65 77
92 44 82
86 72 84
63 47 77
70 43 86
99 90 79
94 89 81
66 90 82
77 80 84
76 94 82
86 62 75
97 47 53
84 25 54
89 90 62
98 69 91
91 79 93
58 95 99
58 98 91
66 32 89
77 47 63
73 43 68
90 84 79
85 33 84
59 63 66
67 96 69
89 98 99
81 45 69
61 90 94
98 67 85
71 69 84
62 67 70
86 60 67
82 40 61
68 39 69
89 96 73
77 39 54
69 51 74
63 26 65
81 74 66
69 31 73
97 37 95
80 90 86
98 44 63
88 83 79
58 77 61
85 87 82
93 69 99
95 26 95
86 33 61
58 80 98
63 32 59
68 89 56
65 53 93
76 77 75
88 20 92
87 27 69
78 73 67
83 97 73
53 38 56
95 58 83
56 41 61
68 70 86
63 27 67
67 53 57
62 54 63
78 61 77
76 32 98
56 52 53
90 66 55
63 56 99
84 32 56
84 97 58
96 88 74
78 37 58
63 53 54
84 38 82
74 47 99
53 51 88
84 27 53
95 38 92
69 93 89
97 40 95
89 30 73
90 41 53
94 54 85
78 46 82
93 37 90
97 64 87
85 28 69
59 28 90
97 80 75
85 22 86
83 63 64
60 63 94
59 61 98
68 95 61
97 29 96
74 42 62
87 67 65
96 26 81
81 42 79
75 90 73
97 34 70
84 47 93
84 57 81
58 31 72
93 94 63
94 96 77
94 86 94
78 26 81
62 53 61
65 95 91
83 26 62
88 31 74
73 56 83
55 42 59
83 51 73
64 66 83
96 63 84
91 89 92
56 83 81
63 96 60
53 81 75
59 83 61
49 62 99
69 79 85
72 55 76
92 31 99
49 21 82
39 53 70
88 62 79
64 81 80
69 40 78
71 74 65
79 25 93
98 20 88
77 76 99
61 29 78
45 84 76
49 71 58
62 21 75
77 77 83
85 95 78
65 76 83
57 69 83
82 53 82
87 72 93
78 63 66
47 66 80
45 75 69
44 44 81
38 28 91
92 60 71
43 73 63
57 87 90
47 79 56
65 56 79
49 35 64
84 89 82
33 56 58
61 80 96
94 96 87
82 62 80
75 60 72
42 76 74
68 32 57
75 87 89
59 92 63
65 66 93
54 63 71
42 39 61
35 58 64
61 81 91
88 46 98
47 78 69
49 33 93
44 36 96
33 68 76
75 37 84
92 66 71
48 69 71
51 27 54
57 56 84
73 50 83
89 47 84
40 78 59
67 22 56
98 95 59
38 34 93
75 40 90
55 49 89
95 70 94
79 63 71
89 98 95
46 45 85
75 42 58
55 25 96
57 88 99
85 22 89
71 50 74
58 20 57
64 33 79
91 87 84
38 91 89
79 57 64
96 24 90
79 48 60
98 55 82
59 86 64
47 48 64
79 34 55
44 41 85
41 74 72
80 74 75
87 86 77
97 98 62
36 48 92
58 32 70
72 65 87
39 68 88
33 43 88
35 96 76
72 75 61
87 20 94
92 38 92
38 48 57
97 74 70
70 98 85
81 70 96
42 79 71
74 79 61
41 90 83
54 41 54
34 74 62
64 84 66
69 37 99
93 75 53
48 20 70
52 61 84
91 98 75
96 94 97
39 66 69
68 61 72
66 74 66
76 94 80
52 68 56
51 82 63
40 70 67
43 80 89
96 20 76
51 70 95
75 68 90
59 53 57
72 53 95
97 82 89
38 77 79
46 95 72
79 58 53
62 27 76
81 76 83
64 78 69
65 76 57
60 79 85
69 73 72
94 71 80
43 76 74
55 79 79
98 27 67
80 76 69
70 82 87
74 40 98
35 75 96
46 95 90
79 55 53
70 25 86
88 82 56
41 40 89
73 70 77
62 70 95
89 92 74
70 88 77
95 20 80
36 49 70
53 54 91
81 40 84
33 24 86
75 25 80
95 92 96
70 33 70
98 25 74
76 56 87
58 22 75
40 48 91
52 31 72
51 84 89
44 79 83
68 90 93
74 71 71
54 78 60
49 33 67
80 76 98
93 94 76
57 50 61
40 38 69
74 41 61
48 62 95
89 50 96
80 72 62
60 20 62
74 89 77
58 20 61
94 20 56
97 71 96
92 77 83
45 40 63
80 53 83
57 53 91
55 52 70
60 55 71
68 45 60
74 58 79
56 46 68
94 49 69
92 83 81
