200 200 50000 50000
81 57 72
68 78 77
85 93 99
88 74 87
53 81 95
69 55 70
63 58 94
77 80 75
96 90 96
68 53 65
69 22 82
56 78 59
89 68 70
91 56 54
69 58 65
61 94 56
81 50 56
88 65 89
87 62 86
66 48 68
77 34 76
60 39 62
81 90 92
87 81 87
73 70 76
73 42 82
69 20 96
94 58 57
92 87 69
71 97 90
92 97 68
97 86 91
77 34 78
55 54 55
82 89 53
67 36 84
66 98 70
70 22 81
54 54 79
62 78 93
94 90 92
62 61 78
90 84 84
62 41 64
92 22 87
76 47 87
59 22 82
78 94 85
59 37 53
59 97 93
69 69 53
73 77 53
92 29 75
55 94 82
89 73 55
81 91 76
96 58 58
66 26 80
71 31 87
75 74 92
99 57 65
57 64 62
68 78 89
61 38 98
73 39 67
55 92 97
92 87 69
70 58 77
60 70 77
66 47 60
58 51 69
71 80 84
93 62 80
67 65 96
88 33 61
82 91 78
62 62 75
76 78 97
87 55 73
78 23 94
63 31 65
79 66 97
75 84 88
96 93 69
59 61 64
87 51 68
71 85 69
86 34 78
87 76 85
94 33 75
98 49 57
55 42 62
63 45 81
98 90 72
99 82 69
70 71 61
67 78 82
94 90 54
98 72 89
85 76 76
96 69 98
80 85 84
92 49 55
66 75 79
68 96 54
79 87 54
72 60 58
62 30 95
62 98 60
56 50 91
76 62 60
66 85 55
70 36 77
71 32 53
95 74 66
69 54 64
70 87 65
86 55 65
56 88 80
98 92 61
70 23 57
60 76 64
82 84 63
68 71 53
73 35 80
86 50 70
78 76 95
96 96 65
91 47 68
74 59 56
75 91 75
94 80 73
86 58 90
85 39 80
97 50 61
63 53 89
94 87 94
73 35 69
64 86 99
58 21 55
88 78 71
81 51 55
85 32 82
55 27 81
74 51 60
94 95 69
70 41 65
81 52 62
77 94 90
91 69 57
89 40 79
90 88 97
82 94 53
55 88 56
90 86 56
78 30 71
59 37 75
84 46 69
91 72 54
68 26 92
65 46 90
66 64 81
59 97 73
68 90 98
76 39 81
58 58 93
76 69 64
75 21 98
70 82 88
77 34 89
81 37 72
98 88 73
70 95 98
99 62 63
70 30 67
65 43 91
78 25 58
54 33 59
88 57 84
82 73 96
81 55 86
85 29 86
63 43 62
90 23 78
54 40 92
72 49 81
61 63 67
92 47 96
82 88 53
94 85 71
59 54 96
62 97 88
65 24 66
90 56 98
91 23 85
84 70 96
82 28 87
61 29 55
78 26 84
60 76 66
45 49 65
77 76 94
83 36 87
62 93 88
87 29 85
95 63 55
41 61 87
89 41 73
48 45 96
63 70 79
54 54 90
93 79 88
93 20 57
96 39 79
38 60 88
69 46 91
76 57 85
33 75 94
42 50 72
35 96 68
51 48 61
63 21 57
75 23 74
47 73 67
85 58 98
87 89 55
95 63 79
58 44 99
66 27 99
40 82 61
37 64 71
96 84 70
68 39 78
51 84 92
34 43 81
78 77 95
40 61 87
94 75 78
98 92 85
85 48 93
99 95 82
63 70 64
52 48 57
59 52 89
37 84 89
40 61 82
93 83 81
89 46 89
76 54 86
47 21 78
51 31 87
52 84 87
74 62 97
40 55 95
87 26 65
89 66 72
87 24 73
44 43 90
55 85 55
80 26 57
96 26 68
92 26 77
68 93 75
60 69 84
36 49 88
40 68 72
86 97 93
48 61 98
73 77 97
61 90 66
57 79 62
92 48 84
61 54 61
79 22 87
39 27 67
63 62 61
60 69 75
53 42 61
75 32 82
47 83 80
49 52 79
34 57 86
80 31 53
33 57 79
53 56 81
99 67 63
47 22 93
70 35 69
63 32 56
97 37 68
88 28 61
74 30 94
59 27 54
59 36 86
70 41 90
56 58 81
34 59 68
61 56 81
39 40 96
61 87 92
81 22 66
87 78 84
58 22 73
46 96 84
43 54 65
53 51 93
60 87 84
73 82 78
89 71 86
87 92 63
78 27 54
43 56 93
85 72 59
66 40 87
71 28 66
98 27 93
38 80 83
89 83 81
46 65 69
49 91 89
56 24 74
70 36 89
50 47 56
38 72 68
94 28 65
45 24 56
48 94 57
74 57 87
80 40 71
86 87 98
70 96 94
82 43 71
96 38 72
88 36 54
87 59 53
85 55 54
51 24 94
79 77 60
85 64 59
67 48 60
78 66 85
75 86 75
50 86 89
46 75 54
48 49 78
71 93 81
50 88 84
84 22 76
54 43 88
50 89 88
65 52 98
70 68 91
87 45 68
35 54 66
42 83 70
51 32 60
51 40 92
41 95 93
96 68 54
78 74 72
99 35 81
91 64 75
82 41 77
33 24 79
57 51 59
47 33 68
56 53 97
58 37 57
89 64 89
58 60 77
86 80 77
96 23 54
35 94 68
33 93 83
55 75 53
63 93 71
40 65 74
90 23 85
99 83 67
99 28 99
73 39 68
88 31 68
64 71 56
84 62 84
81 65 75
90 47 58
97 53 56
61 34 53
97 70 53
43 58 80
49 54 76
61 90 55
43 66 65
45 59 63
92 23 62
77 95 87
50 54 77
82 93 89
34 97 68
84 67 57
