44 48 4449 4210
15 60 38
9 89 77
74 35 47
17 46 93
62 66 17
36 88 83
60 38 10
86 65 43
93 59 57
47 79 57
56 71 14
63 63 43
34 26 77
65 78 83
53 95 82
71 34 10
94 95 92
11 71 83
8 96 28
70 76 92
86 68 86
50 91 99
91 30 36
28 49 11
17 27 71
84 49 93
98 58 53
37 27 44
10 47 39
91 43 79
2 95 33
83 88 65
84 57 55
18 52 13
50 69 84
62 85 62
91 60 78
23 66 12
35 41 8
45 64 10
83 29 24
69 46 72
87 45 99
94 65 30
52 73 27
65 72 80
32 34 34
37 33 96
11 20 51
54 85 4
92 69 10
75 24 59
13 98 54
68 94 84
51 53 39
58 75 11
40 86 8
3 21 10
47 47 78
96 84 70
29 53 69
75 21 66
36 57 17
30 58 55
55 70 65
4 39 15
88 45 83
47 23 27
52 82 31
60 72 73
55 42 63
48 25 98
5 65 89
53 92 65
59 83 3
64 26 90
71 58 54
80 82 82
61 34 57
29 44 74
60 95 86
12 38 58
55 42 43
84 63 4
69 42 94
33 59 93
30 86 17
60 83 76
54 23 36
45 82 61
74 72 41
87 53 82
