47 46 4881 4544
22 37 3
22 32 94
47 67 22
23 85 46
54 40 33
66 38 44
35 36 58
48 32 92
39 36 34
31 69 5
89 70 42
93 28 42
60 78 10
80 77 5
1 71 72
71 65 64
97 41 22
7 97 41
84 71 62
21 91 25
45 56 65
89 83 62
36 69 22
77 74 69
94 35 49
71 59 55
28 34 76
80 25 28
66 62 81
7 77 20
74 64 8
48 62 21
89 31 11
54 46 28
23 60 79
91 54 30
28 42 43
23 40 96
23 44 85
84 22 96
61 62 52
52 73 5
21 30 81
74 55 96
18 65 48
69 25 63
20 53 12
59 54 28
51 78 87
66 60 91
81 27 40
95 51 32
71 47 71
59 93 42
82 41 80
70 60 30
22 82 87
61 65 79
17 35 53
19 62 21
12 88 24
41 67 16
55 64 54
88 34 49
98 78 54
8 61 39
45 73 93
57 22 57
6 82 46
52 20 98
66 91 71
2 23 79
22 94 22
41 81 55
35 42 48
19 73 13
11 53 98
60 29 19
64 50 53
77 42 27
5 95 7
5 96 90
63 43 91
59 69 13
25 50 7
23 82 76
86 58 88
4 48 57
69 97 21
4 29 94
54 71 70
37 55 87
37 50 57
