46 37 4690 4595
81 29 10
86 87 59
79 30 26
9 86 21
57 33 58
92 83 74
95 65 10
21 90 96
95 40 42
24 73 22
6 35 60
91 75 33
73 33 71
93 66 31
88 41 84
83 45 89
28 93 17
97 68 72
36 87 35
93 41 15
12 80 52
70 56 26
9 72 51
16 86 76
83 31 80
85 72 29
63 30 62
89 82 21
41 35 91
9 75 51
27 64 24
67 97 7
30 21 85
13 41 68
88 54 9
48 78 69
67 63 35
22 66 7
94 31 56
57 77 75
48 78 67
18 37 58
46 53 40
75 20 11
76 82 90
1 35 63
82 40 28
21 51 19
71 53 25
85 40 58
79 96 68
71 96 7
95 39 48
65 45 58
35 42 14
57 89 59
54 90 50
8 92 83
73 20 64
79 49 12
35 95 33
18 95 26
21 25 59
89 49 66
1 90 76
32 97 12
13 63 69
27 90 79
37 93 30
83 47 24
77 22 98
97 30 9
32 50 28
3 60 78
32 46 31
92 83 90
33 79 21
71 45 77
67 31 14
82 67 74
25 79 85
28 44 8
57 32 43
