45 39 4294 4394
45 41 89
61 66 18
97 50 95
30 62 34
31 73 56
81 22 25
69 30 6
3 23 59
86 36 17
52 44 61
15 58 27
90 76 34
49 59 72
42 34 96
71 76 82
23 92 46
55 67 11
87 85 76
57 81 96
30 43 36
68 43 72
40 46 35
26 43 29
26 43 68
59 69 46
51 44 67
74 81 97
15 72 29
37 23 47
21 30 29
91 76 63
63 52 56
28 22 62
85 61 64
71 65 66
16 98 12
2 94 90
63 69 80
57 98 25
59 32 50
54 37 35
44 31 75
57 60 83
48 70 18
40 35 82
30 47 95
89 76 78
61 39 63
49 74 38
37 38 43
94 39 32
29 82 69
32 96 41
24 52 34
83 43 24
89 87 22
87 94 76
91 67 55
49 96 36
18 53 34
88 39 81
27 81 22
14 38 16
82 94 38
63 90 55
89 71 39
42 31 96
73 69 49
20 83 4
60 78 91
83 87 12
58 58 82
34 29 27
27 41 19
96 86 50
6 96 90
72 40 42
28 25 15
78 21 39
53 23 52
76 60 65
52 26 65
90 88 86
19 34 80
