500
9384 10887
12778 16916
7794 18336
5387 493
16650 1422
2363 10028
8691 60
17764 13927
541 3427
9173 15737
5212 15369
2568 16430
5783 1531
2863 5124
14068 3136
13930 19803
14023 3059
13070 18168
1394 18457
15012 18043
16230 17374
4422 4920
13785 18538
15199 14325
18316 4371
6414 3527
16092 8981
19957 1874
6863 19171
6997 17282
2306 926
17085 16328
337 6506
10847 1730
1314 5858
16125 13896
19583 546
18815 13368
15435 10365
4044 13751
11088 6809
17277 7179
15789 13585
5404 2652
12755 12400
19933 15061
9677 13369
7740 10013
16227 18587
8095 17540
796 571
11435 379
17468 6602
10098 12903
13318 10493
6653 757
17302 281
4287 9442
13866 9690
8445 6620
18441 4730
18032 8118
18098 5772
14482 10676
710 18928
4568 17857
19498 12354
14587 16966
15307 4684
6220 8625
11529 12872
5733 8830
9504 10020
18271 3369
19709 6716
6341 18150
7797 724
2619 2246
2847 13452
12922 3556
12380 17489
17765 8229
9842 12351
5194 1501
17035 7765
10125 4915
16988 15857
13744 6492
2228 8366
9860 1937
11433 12552
16438 19229
13276 15408
1475 16122
8859 14396
16030 1238
8236 13794
5819 14429
6144 11012
15929 19530
18777 2405
4444 15764
14614 14539
18607 16841
2905 4819
15129 10689
17370 7918
9918 6997
3325 7744
19471 12184
18491 15500
9773 6726
5645 15591
17506 8140
2955 9787
7670 18083
8543 8465
10198 19508
19356 8805
16349 18612
13623 7829
9300 7344
15747 15569
14341 15423
3312 13811
7606 1802
5662 13731
4879 11306
9321 18737
19445 8627
8523 3466
6709 13417
8283 13259
12925 7638
2063 5625
2601 12037
13453 11900
19380 5551
7469 10072
974 7132
3882 4931
8934 5895
18661 10164
17200 7982
8900 12997
12960 13774
12814 19669
7191 1096
12927 16467
5085 11341
2091 7685
3377 15543
15937 19108
17446 19757
9180 18419
6888 9413
3349 12173
11660 2010
2337 5211
6343 7588
18207 19302
17714 7373
15322 1256
4820 4600
17722 9905
15940 19812
13941 15668
11706 6229
11128 9151
5985 16659
3921 9225
2423 7270
1397 14082
5631 85
19293 11973
7673 13851
7626 5386
1223 19300
6641 6043
3899 714
12299 16191
525 2591
8210 8582
8820 19337
17733 11156
15995 18005
380 14770
5274 1777
8851 7256
1861 8143
15580 5885
1994 3206
7622 19568
2505 10614
1962 2755
11327 14260
18945 8203
13203 3507
16785 2022
2843 10869
9529 15190
8873 9909
9959 10499
8037 18809
17754 6249
3304 13334
12134 1649
12891 19755
17568 11747
10369 19530
14501 18047
13789 9798
6250 6991
13304 3034
5364 12498
10254 14893
7687 19126
1153 13997
5976 9189
9158 3730
15437 12461
13415 3922
10461 6305
29 8028
18051 6749
7557 8903
4795 17698
18700 11044
1040 12003
10429 6404
4501 682
17648 8539
16160 15152
2536 2135
4340 11693
2216 16128
505 15630
50 10965
18286 16430
15344 16336
3178 2901
5239 7972
16950 290
15368 17989
12293 5796
744 13145
2830 18391
1683 15341
13542 570
13827 14233
12262 16043
10361 9118
8024 6762
82 6310
3191 15426
18997 6368
14678 4235
10691 11627
4525 6058
9615 13169
8206 10359
6313 7387
5101 4347
2727 14995
4917 16553
5579 13530
8947 12291
2648 16971
19052 19081
19632 18594
10858 18628
1313 1887
19215 8356
13513 91
14413 19480
9611 18970
6190 12275
6356 7642
16621 5434
18988 17889
18339 4567
7771 7285
16857 10418
607 12261
5850 238
7206 13060
15218 8519
14946 10784
16874 8459
10874 7638
4290 484
6608 10479
12758 9315
14472 5730
11101 13460
3619 9439
18026 11389
13075 11234
18158 13682
3494 359
10271 10700
13418 1840
15570 8364
12623 8795
13174 19848
16432 17463
16683 19391
4293 5792
5058 15116
11522 16158
8575 11492
1948 2952
19232 15022
10538 13741
5055 14031
14099 15326
1082 7517
13517 13003
12232 6140
1797 5405
2339 14581
19219 19022
13971 19863
4813 15380
14978 12686
11537 19905
4177 13484
19208 19760
4858 9745
13500 9912
128 3951
5237 17561
7819 15106
10564 50
1245 8712
1806 19935
3292 17376
18956 13615
13590 3769
8994 4919
12806 16883
4823 16983
6718 4031
13094 11575
10127 6594
1487 10254
10544 3075
7815 14714
18180 18378
14763 15776
7089 12920
15711 6733
10295 11018
347 236
11138 5692
5154 3944
2574 6329
926 9292
6711 14019
17218 16837
16964 15056
7091 3859
18131 14905
18572 12662
9634 9686
4790 13074
2605 16852
19806 9251
7869 16504
9486 19007
2196 14640
2950 1121
968 227
6764 7678
10597 3982
866 7561
19037 7956
7771 13519
19212 6343
2533 5197
12380 7322
18271 14985
4173 14428
4235 12041
7284 10073
7399 5831
1064 10348
6951 2031
10574 13715
6060 17523
14048 6925
5083 9436
11233 9205
2955 10444
11899 5487
15641 4279
9160 10263
19263 9684
1042 19849
1724 8325
6273 9123
14155 7336
15822 17458
9366 2748
11172 11777
270 5219
18702 1704
14654 9934
10908 13960
16729 2807
15798 8721
7085 1309
15335 2699
10992 16377
18899 12716
1053 5172
18190 11560
12507 14011
9017 18225
13110 16540
10001 13379
18110 5054
15082 9115
11339 5990
19427 8068
5148 15224
16788 12232
16533 12123
11282 3876
4851 10180
16591 2255
15351 11132
13814 7858
1495 19182
6082 14604
15721 12434
7983 10182
17488 19416
19297 8826
5405 18723
16893 10552
10298 10033
19135 3182
18507 10416
7058 19709
596 20000
1963 12298
7484 15777
155 8978
11310 2588
19933 3383
15022 4267
13564 8861
3683 9212
17686 9087
4286 10931
15991 14584
17315 11477
14117 15821
1893 17526
15529 18840
17526 17491
11137 1361
9619 7644
10338 929
6583 6622
4311 17956
10889 14226
6816 14571
3438 854
9 7723
11784 12351
18658 9098
3828 9127
1270 2072
6652 13150
911 529
10640 8399
1889 16611
12394 8578
13891 18977
15200 14553
16932 6088
8778 100
658 8567
953 17018
12642 12736
9369 11299
18185 13196
16777 15806
15267 3429
8955 12529
309 19594
17279 2198
12556 9673
10775 6446
5001 2326
998 18284
8413 6128
18383 5422
