1000
29384 887
12778 16916
7794 8336
5387 493
26650 21422
12363 10028
8691 20060
7764 23927
541 3427
9173 15737
25212 15369
12568 6430
15783 21531
22863 25124
24068 13136
3930 29803
14023 23059
23070 28168
1394 28457
5012 28043
26230 17374
14422 4920
13785 28538
5199 14325
8316 14371
6414 3527
6092 18981
9957 21874
16863 9171
16997 17282
22306 20926
17085 6328
20337 16506
10847 21730
21314 15858
26125 23896
9583 10546
28815 23368
15435 10365
14044 23751
1088 26809
27277 7179
15789 13585
5404 2652
22755 22400
19933 15061
19677 13369
27740 10013
6227 8587
8095 27540
796 10571
21435 10379
27468 26602
10098 12903
13318 493
6653 20757
27302 10281
4287 19442
23866 9690
28445 16620
8441 24730
8032 28118
8098 5772
14482 20676
20710 28928
24568 27857
9498 22354
14587 6966
25307 24684
26220 8625
1529 2872
5733 28830
19504 10020
18271 13369
19709 16716
6341 28150
17797 20724
2619 2246
2847 23452
22922 23556
22380 17489
27765 8229
9842 12351
15194 11501
7035 17765
20125 14915
26988 25857
13744 16492
12228 8366
29860 1937
1433 12552
6438 19229
3276 15408
21475 6122
8859 14396
6030 1238
8236 3794
15819 24429
16144 1012
5929 29530
18777 2405
14444 15764
4614 4539
8607 16841
12905 14819
25129 20689
27370 7918
9918 6997
23325 7744
19471 2184
28491 25500
9773 6726
5645 25591
7506 28140
2955 19787
27670 28083
28543 18465
20198 9508
29356 28805
26349 18612
13623 27829
9300 17344
5747 25569
24341 5423
3312 13811
7606 1802
15662 23731
14879 21306
19321 28737
19445 28627
18523 23466
26709 23417
18283 23259
2925 17638
22063 5625
12601 12037
3453 21900
29380 15551
17469 72
20974 27132
13882 4931
28934 5895
28661 20164
27200 17982
18900 22997
22960 13774
22814 19669
7191 11096
12927 16467
5085 11341
22091 17685
23377 25543
15937 29108
17446 9757
29180 8419
6888 19413
13349 12173
1660 12010
2337 5211
6343 27588
28207 29302
17714 27373
25322 1256
14820 14600
17722 19905
25940 9812
13941 25668
11706 6229
1128 29151
15985 6659
13921 29225
2423 27270
11397 4082
15631 20085
9293 21973
17673 13851
27626 5386
11223 29300
6641 26043
13899 714
22299 16191
10525 12591
18210 28582
18820 19337
27733 11156
25995 18005
10380 4770
15274 21777
8851 7256
11861 18143
5580 5885
1994 3206
17622 19568
2505 614
21962 22755
1327 14260
8945 18203
3203 3507
16785 22022
22843 20869
9529 25190
8873 19909
29959 499
18037 8809
7754 6249
3304 13334
12134 11649
22891 29755
7568 1747
369 29530
24501 8047
13789 9798
26250 16991
13304 13034
15364 12498
10254 24893
7687 19126
21153 13997
25976 9189
29158 3730
15437 2461
23415 3922
20461 16305
10029 28028
18051 16749
27557 18903
24795 17698
28700 21044
11040 12003
10429 26404
24501 20682
27648 8539
16160 25152
22536 12135
4340 21693
22216 26128
505 15630
50 20965
8286 16430
25344 26336
3178 22901
15239 27972
16950 20290
25368 27989
2293 5796
744 3145
2830 28391
11683 25341
23542 10570
13827 4233
2262 6043
361 9118
28024 6762
82 6310
23191 25426
8997 26368
24678 24235
691 11627
14525 26058
9615 23169
8206 10359
26313 17387
15101 14347
12727 14995
24917 26553
25579 3530
8947 2291
12648 6971
9052 19081
19632 8594
20858 28628
11313 21887
29215 18356
3513 20091
14413 19480
19611 28970
6190 22275
16356 27642
6621 5434
18988 7889
8339 14567
17771 17285
16857 418
607 2261
25850 20238
17206 23060
25218 28519
14946 784
16874 18459
20874 7638
14290 10484
6608 20479
2758 29315
24472 15730
11101 13460
23619 19439
28026 11389
13075 21234
18158 13682
23494 20359
10271 10700
13418 11840
15570 28364
12623 8795
23174 9848
16432 7463
26683 29391
4293 5792
5058 5116
21522 16158
18575 21492
11948 22952
9232 25022
20538 3741
15055 14031
24099 25326
1082 7517
13517 23003
12232 26140
1797 5405
12339 24581
19219 9022
23971 29863
14813 5380
4978 12686
21537 29905
4177 3484
29208 19760
4858 19745
23500 19912
10128 23951
15237 17561
7819 5106
10564 20050
1245 18712
1806 19935
13292 27376
28956 13615
3590 13769
18994 14919
2806 16883
14823 6983
26718 14031
3094 1575
10127 26594
21487 20254
20544 13075
7815 4714
18180 18378
24763 25776
7089 2920
15711 26733
295 21018
10347 10236
11138 5692
25154 13944
22574 16329
20926 19292
6711 24019
27218 16837
26964 25056
7091 23859
8131 14905
28572 2662
9634 29686
4790 23074
2605 26852
19806 9251
17869 6504
19486 29007
12196 14640
12950 11121
968 10227
6764 7678
10597 3982
866 7561
29037 7956
7771 13519
29212 6343
22533 15197
12380 27322
8271 14985
24173 4428
24235 12041
17284 20073
17399 5831
11064 348
16951 12031
10574 23715
26060 27523
4048 26925
5083 9436
11233 19205
22955 10444
1899 15487
25641 14279
19160 10263
29263 19684
21042 29849
1724 8325
26273 19123
14155 7336
25822 7458
19366 12748
1172 21777
10270 5219
18702 21704
14654 29934
10908 13960
16729 12807
5798 18721
27085 1309
5335 2699
20992 26377
8899 22716
11053 5172
18190 1560
12507 14011
9017 8225
3110 16540
1 13379
28110 25054
5082 19115
1339 15990
9427 18068
5148 15224
6788 2232
16533 12123
11282 13876
14851 20180
6591 2255
25351 1132
3814 7858
21495 19182
16082 24604
5721 22434
7983 10182
17488 19416
29297 18826
5405 8723
6893 10552
298 20033
19135 23182
8507 416
7058 29709
20596 20000
1963 22298
27484 5777
155 18978
1310 22588
19933 13383
15022 4267
23564 8861
23683 29212
27686 29087
14286 10931
15991 14584
7315 11477
14117 15821
11893 27526
15529 8840
17526 17491
1137 21361
29619 7644
10338 929
6583 6622
14311 27956
10889 14226
6816 4571
13438 10854
10009 27723
21784 2351
18658 29098
13828 9127
21270 2072
6652 13150
10911 529
640 18399
21889 6611
2394 8578
13891 8977
15200 4553
6932 26088
18778 20100
658 8567
953 17018
12642 22736
19369 1299
28185 3196
16777 25806
5267 23429
8955 22529
309 9594
17279 22198
22556 19673
775 6446
5001 22326
10998 18284
18413 6128
8383 25422
14694 9335
12440 27335
8422 8160
4986 12958
11355 21762
8763 22973
21542 17717
21853 21851
3663 15483
20400 26218
5155 21174
9016 16507
19852 26365
4791 8264
2492 13173
10038 23538
28860 28829
20872 7281
6988 25857
26591 18342
23971 5353
17666 15512
23070 9518
7362 3084
1352 4113
29301 6507
1639 14668
29365 21490
11033 4155
6105 19876
23680 16142
13413 22539
14970 10637
6171 21957
12845 2761
16650 6815
14466 4315
22327 13887
20184 6040
16970 21536
10153 22622
4394 11791
7290 10110
9632 24674
14265 15736
14549 14296
1878 4314
6834 23199
14950 19356
15156 27794
28469 8157
10961 12934
18824 3287
3172 15359
15678 20141
13246 2182
12762 23991
20324 20051
4101 29955
21076 18365
22043 5625
2660 23920
16290 15845
23470 1239
11552 14977
5384 10020
23134 16344
29305 11957
25982 2476
3667 18012
28968 16913
20193 11730
10903 16869
8132 15003
23175 29208
9719 15217
11184 12378
15488 27473
4574 8958
5063 16126
23934 16798
2497 23419
3142 8154
11727 5475
16981 15394
23486 15949
2306 20031
4030 19560
6899 12161
4563 6425
17720 14281
21642 28903
3011 13481
2727 7584
28790 14141
23709 22724
939 2558
22494 10432
10711 4221
15906 27691
19614 9392
13639 28271
29422 17668
17830 12672
6181 28744
19096 23900
13025 17089
29155 22387
570 8233
29970 5711
22374 31
28434 29664
2588 27280
10095 19650
1500 2352
17340 27465
11743 7331
2087 17516
1350 19916
187 13882
25012 25635
14134 14388
12723 13288
6774 19644
21520 6743
25355 20245
13125 140
26260 22064
27419 6354
11713 5270
8706 5405
2734 26800
12735 4820
14316 20436
1088 20854
10670 2451
16488 24803
16838 5563
8090 23611
25206 5961
6705 26912
2558 19830
3404 28817
11893 822
11523 23606
12444 26580
5362 21529
23379 24448
2701 14046
14883 3788
4900 25552
12590 21387
20354 29427
26949 4795
23037 28507
17108 6093
25418 19665
25922 28821
18481 14167
5995 6355
14124 18438
2934 19485
16318 26313
13932 19018
16710 5166
29157 21609
7070 11746
12996 27423
11172 16296
8570 10560
14802 25677
16653 16572
15341 18926
21744 10173
3092 4090
16528 23567
28879 25813
13051 15197
22125 3334
4214 15187
8500 3371
6795 15569
15116 26142
19343 2640
12438 4264
13199 3591
29940 6203
26514 21632
25129 18258
1805 4572
22347 24684
28139 21226
20496 17541
6422 18973
27227 10635
4159 5726
20357 10953
27646 5473
13447 23340
8112 25884
27604 27662
5826 27543
10217 2340
19175 5345
20597 27331
16268 19295
22014 20758
10520 18861
14651 23293
7833 11877
10280 11991
23954 636
29296 21599
6108 12742
14938 20571
14977 12541
24585 20802
10084 4801
29493 5610
16497 26441
2940 2764
15736 1305
29874 2607
20165 14524
2252 4350
2752 12531
16340 26705
13166 21987
18303 25626
11080 9592
22548 2408
28485 17132
29562 14920
21932 29054
20529 8428
25495 29820
17544 17582
1124 23769
20188 27640
14644 22439
1989 17395
11321 24681
14099 24487
23019 8753
26464 4099
24696 19011
6506 23180
6143 6067
8099 4426
11473 4979
12854 6967
4798 6749
24548 12273
517 21087
9913 15160
19878 11901
2554 1198
12933 23004
2036 5952
8108 28499
10050 9155
23862 22907
2335 4
5326 16785
4429 16798
21764 23634
116 26561
382 1015
15186 898
22101 25098
22409 18330
13350 1314
25880 2635
24317 27915
8586 8776
2766 24987
17931 26627
17893 26617
26630 29570
19753 7410
16367 11516
7396 22834
14429 7777
23848 29614
15027 22301
1063 13787
10630 20764
15101 6509
23398 9417
10776 1983
24545 13541
3321 18827
16519 27566
21795 19500
27135 11547
26909 19854
23063 4304
12687 13843
18433 6535
19808 9811
28835 20870
23597 15816
17985 8697
22325 11383
24466 9452
19717 25362
29344 23038
14188 15862
20603 5982
5361 24089
23880 8621
13942 23294
12925 26629
7136 7709
3163 26943
23871 1997
24164 17467
17812 18501
2516 16488
6235 3333
2291 25951
28694 1634
25340 12881
17495 22294
25214 22855
16383 25445
1476 324
18739 20752
26952 25874
4812 6466
29169 28682
14814 29684
22500 8978
24536 25015
25465 770
28347 4108
3073 3392
5741 28412
22624 29588
27058 17837
28794 13440
13282 6621
20115 8372
27372 23419
10597 8535
29884 9765
13568 14698
15801 6068
23675 10336
7434 25491
17458 12133
5950 20530
15524 11691
25293 8148
17630 22350
2336 16423
12141 21969
23044 2256
340 26767
2026 10937
11654 8261
27053 25221
22958 19205
1288 22984
29541 8722
24827 16998
27206 7128
13879 12729
25170 9171
27228 12799
1521 29564
29222 13661
27884 28617
22268 28224
25383 24293
15512 7036
2554 12564
8609 1863
1769 9896
1199 7661
24969 2377
1010 22174
9504 14888
11255 4674
24058 8482
23824 1930
14397 23045
21943 12281
28013 14210
16856 29748
14855 2367
13135 23760
21282 21743
1974 29402
1639 3172
13414 2959
11900 14423
1485 27756
5662 19091
8781 6072
3924 2604
8001 18321
2001 29943
6953 13
20505 23808
29760 5359
2526 12895
29118 159
4637 1091
29561 12627
10615 12974
21938 28866
3749 23422
26621 9410
18864 5401
21833 22787
8005 29834
17459 16357
6128 24411
16369 26632
24570 16129
8342 3447
5375 7459
3606 10011
14902 3166
28990 1868
22491 20927
733 26239
20700 3706
12001 9563
15458 3833
2349 23462
10018 19808
16170 22498
20570 2539
19129 15140
25019 27471
18586 393
11281 28543
16755 2534
1708 15744
4401 551
13022 11486
26789 3721
15191 15141
19635 648
25326 21984
462 11695
18143 16631
4192 15064
25521 23321
6555 20539
27143 1493
20931 8423
35 7686
17309 8095
29781 21709
8645 12803
9546 11785
16523 1088
26926 6158
1736 28603
4493 8549
10297 28987
1531 20841
14050 27052
20513 26957
17590 17655
28449 14873
2429 28483
22558 26089
6577 22338
17798 15221
5140 3695
27006 28015
4783 283
10524 12870
5237 15016
21418 21885
20354 29300
12725 10755
26351 3237
7711 20293
27243 6159
5165 6024
4642 27722
2112 17570
26411 26261
2791 7903
29956 6148
5917 11090
12782 16440
23959 18018
7807 15376
9902 4512
14675 28979
15266 17378
8567 22977
7670 12162
29135 12834
