5000
9384 10887
12778 36916
27794 38336
5387 493
36650 1422
2363 10028
8691 60
17764 33927
20541 23427
9173 15737
5212 35369
22568 36430
25783 21531
2863 25124
14068 23136
33930 19803
34023 3059
13070 18168
1394 18457
15012 38043
16230 17374
4422 24920
13785 18538
15199 34325
38316 24371
6414 3527
16092 28981
39957 1874
6863 39171
26997 17282
22306 20926
37085 16328
20337 6506
30847 21730
21314 5858
16125 33896
19583 20546
18815 33368
35435 30365
24044 33751
11088 26809
37277 27179
15789 33585
25404 22652
32755 12400
39933 15061
29677 33369
27740 10013
36227 18587
28095 17540
20796 571
11435 379
17468 26602
30098 12903
13318 10493
6653 20757
37302 281
4287 9442
33866 29690
28445 26620
38441 24730
38032 28118
18098 25772
34482 10676
710 18928
24568 17857
19498 32354
14587 36966
15307 4684
6220 28625
11529 12872
5733 8830
9504 10020
18271 3369
39709 6716
26341 38150
27797 20724
22619 2246
2847 13452
12922 3556
32380 37489
17765 8229
29842 32351
5194 1501
37035 7765
30125 4915
16988 35857
13744 26492
2228 28366
29860 1937
31433 12552
36438 19229
33276 15408
21475 36122
28859 34396
36030 21238
28236 13794
25819 14429
6144 31012
15929 39530
38777 2405
4444 15764
34614 14539
38607 36841
2905 24819
35129 30689
37370 27918
9918 26997
3325 27744
19471 32184
18491 15500
9773 6726
25645 35591
17506 28140
22955 29787
27670 18083
28543 28465
30198 19508
39356 28805
16349 38612
13623 7829
29300 7344
35747 35569
34341 35423
23312 13811
27606 1802
25662 33731
4879 11306
29321 18737
39445 8627
8523 23466
26709 33417
8283 13259
12925 7638
2063 25625
2601 12037
33453 31900
19380 25551
27469 10072
20974 7132
23882 4931
8934 5895
38661 10164
17200 27982
28900 12997
32960 33774
32814 19669
27191 1096
32927 36467
5085 31341
22091 7685
3377 15543
35937 19108
37446 19757
29180 18419
26888 9413
23349 32173
11660 22010
2337 25211
6343 27588
38207 39302
17714 27373
15322 1256
24820 4600
37722 29905
35940 19812
33941 35668
31706 26229
11128 29151
5985 36659
3921 29225
2423 27270
21397 14082
5631 20085
39293 11973
7673 33851
7626 25386
21223 19300
26641 6043
23899 20714
32299 16191
525 22591
8210 28582
8820 19337
17733 11156
15995 18005
380 14770
5274 21777
28851 7256
1861 28143
15580 5885
21994 23206
27622 39568
2505 10614
1962 22755
31327 34260
38945 28203
13203 3507
16785 22022
22843 30869
29529 35190
8873 29909
9959 10499
8037 38809
17754 6249
23304 33334
12134 1649
12891 39755
37568 11747
10369 39530
34501 38047
33789 29798
26250 6991
33304 3034
25364 12498
30254 14893
7687 39126
1153 13997
5976 9189
9158 23730
15437 32461
13415 23922
30461 26305
20029 28028
38051 26749
27557 28903
24795 17698
18700 11044
21040 12003
10429 6404
24501 682
17648 28539
36160 15152
2536 2135
24340 11693
22216 36128
505 35630
20050 30965
18286 36430
15344 16336
23178 2901
5239 7972
16950 20290
15368 37989
32293 25796
744 13145
22830 18391
1683 15341
33542 570
13827 14233
12262 36043
10361 9118
28024 26762
82 6310
23191 15426
18997 6368
14678 24235
10691 31627
4525 26058
29615 33169
8206 30359
6313 27387
5101 4347
2727 34995
4917 16553
5579 13530
8947 12291
22648 36971
39052 19081
39632 18594
30858 18628
21313 1887
39215 28356
33513 91
14413 19480
29611 18970
6190 32275
6356 7642
36621 5434
38988 37889
18339 4567
7771 27285
16857 30418
20607 12261
5850 20238
27206 33060
35218 8519
34946 30784
36874 28459
30874 7638
4290 20484
26608 10479
12758 29315
14472 5730
31101 13460
3619 9439
18026 11389
33075 31234
38158 13682
3494 359
30271 30700
33418 21840
35570 28364
12623 28795
13174 39848
36432 17463
16683 19391
24293 25792
5058 35116
31522 36158
8575 31492
1948 22952
39232 35022
10538 33741
5055 14031
34099 35326
1082 27517
13517 33003
12232 26140
21797 25405
22339 14581
39219 39022
33971 19863
24813 35380
14978 12686
31537 19905
4177 33484
39208 39760
24858 9745
33500 29912
20128 23951
25237 17561
7819 35106
10564 20050
21245 28712
1806 39935
3292 37376
38956 33615
13590 23769
28994 24919
32806 16883
4823 36983
6718 4031
33094 31575
10127 26594
21487 30254
10544 3075
7815 14714
38180 18378
34763 15776
7089 32920
15711 6733
30295 11018
347 236
31138 25692
25154 23944
2574 26329
20926 9292
26711 14019
37218 36837
36964 15056
27091 3859
18131 34905
18572 12662
9634 9686
24790 13074
2605 36852
19806 29251
7869 16504
29486 39007
2196 14640
22950 1121
968 227
6764 27678
10597 3982
20866 7561
19037 7956
7771 33519
39212 26343
2533 5197
32380 27322
18271 34985
24173 34428
24235 32041
7284 10073
27399 5831
21064 10348
6951 22031
10574 13715
6060 17523
14048 26925
25083 29436
31233 29205
22955 30444
11899 25487
35641 4279
9160 10263
39263 29684
1042 19849
21724 8325
26273 9123
14155 7336
15822 17458
29366 22748
31172 31777
270 5219
18702 21704
34654 9934
10908 13960
36729 22807
35798 28721
27085 1309
35335 22699
30992 36377
38899 12716
1053 25172
18190 11560
32507 34011
29017 18225
13110 16540
10001 13379
18110 25054
35082 9115
31339 5990
19427 28068
25148 15224
16788 12232
16533 12123
31282 3876
4851 30180
16591 2255
15351 31132
13814 7858
21495 39182
26082 34604
15721 32434
7983 30182
17488 39416
39297 8826
5405 18723
36893 30552
30298 10033
39135 3182
18507 30416
7058 19709
20596 20000
21963 32298
7484 35777
155 28978
31310 22588
19933 3383
15022 24267
33564 28861
23683 29212
37686 29087
4286 30931
15991 34584
37315 11477
34117 15821
1893 37526
35529 18840
17526 17491
11137 21361
9619 7644
10338 929
26583 26622
4311 37956
10889 34226
26816 34571
23438 20854
20009 27723
11784 32351
18658 9098
3828 9127
21270 2072
6652 13150
20911 20529
30640 28399
1889 36611
32394 8578
33891 18977
35200 34553
16932 6088
28778 100
658 8567
20953 17018
32642 32736
9369 11299
38185 13196
16777 15806
15267 23429
28955 32529
309 19594
17279 2198
12556 9673
10775 6446
25001 2326
998 38284
8413 26128
38383 5422
34694 19335
22440 27335
8422 28160
34986 2958
1355 11762
18763 12973
31542 7717
1853 31851
23663 15483
30400 36218
25155 1174
39016 6507
39852 36365
4791 8264
22492 3173
10038 13538
18860 28829
872 27281
26591 18342
3971 5353
27666 35512
13070 29518
27362 33084
1352 14113
29301 26507
11639 24668
29365 11490
21033 34155
16105 39876
33680 26142
13413 12539
14970 10637
36171 31957
2845 22761
6650 6815
24466 34315
2327 33887
20184 26040
26970 21536
153 12622
4394 11791
37290 30110
19632 14674
24265 35736
14549 14296
21878 24314
26834 33199
34950 19356
25156 37794
38469 28157
961 22934
18824 3287
13172 35359
25678 141
13246 22182
12762 13991
30324 10051
4101 9955
21076 28365
2043 35625
2660 23920
16290 25845
13470 11239
1552 34977
5384 20
23134 6344
19305 1957
5982 32476
33667 28012
28968 6913
10193 1730
20903 36869
8132 25003
3175 29208
9719 5217
21184 12378
25488 37473
34574 38958
5063 36126
33934 6798
32497 13419
13142 8154
11727 15475
36981 5394
3486 25949
12306 10031
24030 29560
6899 32161
14563 6425
17720 24281
11642 38903
33011 33481
32727 27584
28790 34141
23709 22724
939 12558
32494 10432
20711 4221
25906 17691
9614 29392
3639 18271
39422 27668
7830 2672
16181 18744
9096 33900
3025 17089
29155 32387
10570 18233
19970 35711
12374 31
18434 9664
12588 7280
20095 29650
11500 2352
7340 17465
31743 7331
32087 27516
31350 39916
30187 3882
15012 35635
34134 14388
12723 23288
6774 19644
1520 26743
15355 10245
23125 30140
16260 32064
37419 36354
21713 5270
38706 25405
22734 26800
32735 14820
14316 20436
11088 854
20670 22451
36488 14803
36838 5563
38090 3611
25206 35961
26705 36912
2558 9830
23404 18817
1893 20822
11523 23606
22444 6580
5362 1529
33379 34448
12701 4046
14883 23788
4900 35552
2590 1387
10354 39427
6949 4795
3037 28507
37108 26093
25418 39665
35922 8821
18481 34167
25995 26355
14124 8438
32934 19485
6318 26313
13932 19018
26710 25166
39157 31609
17070 1746
32996 27423
1172 36296
28570 560
24802 25677
26653 6572
25341 18926
11744 173
13092 34090
26528 23567
38879 15813
3051 5197
2125 13334
24214 25187
38500 23371
16795 15569
25116 6142
39343 22640
2438 24264
23199 23591
9940 6203
26514 31632
25129 38258
31805 34572
32347 14684
18139 31226
30496 17541
36422 28973
27227 20635
14159 25726
357 30953
37646 25473
33447 33340
8112 35884
17604 27662
15826 27543
30217 2340
19175 15345
597 7331
6268 29295
22014 20758
20520 8861
34651 13293
37833 21877
30280 11991
3954 30636
39296 1599
16108 32742
34938 20571
24977 12541
4585 802
84 34801
39493 15610
6497 36441
22940 12764
25736 1305
29874 2607
10165 24524
12252 4350
2752 2531
16340 6705
33166 11987
8303 5626
1080 39592
22548 22408
8485 27132
19562 4920
21932 19054
20529 28428
15495 39820
37544 37582
1124 23769
188 7640
4644 12439
11989 7395
11321 24681
14099 4487
33019 18753
6464 34099
14696 29011
16506 23180
16143 36067
28099 34426
11473 4979
22854 26967
4798 16749
24548 2273
517 21087
9913 5160
29878 21901
12554 1198
2933 23004
2036 35952
38108 8499
30050 9155
33862 2907
32335 10004
35326 16785
4429 6798
21764 23634
30116 26561
382 11015
25186 898
32101 35098
2409 18330
13350 11314
15880 12635
34317 17915
8586 28776
22766 34987
37931 16627
37893 26617
26630 29570
39753 27410
36367 21516
7396 22834
4429 7777
33848 29614
5027 22301
21063 3787
630 30764
15101 16509
3398 9417
30776 11983
34545 13541
3321 28827
26519 37566
11795 9500
27135 11547
36909 19854
33063 4304
2687 33843
8433 36535
19808 9811
18835 870
13597 15816
27985 28697
32325 31383
34466 19452
39717 25362
29344 3038
14188 15862
603 25982
25361 24089
33880 18621
3942 23294
22925 6629
17136 27709
3163 36943
33871 21997
34164 7467
37812 18501
32516 26488
6235 23333
2291 5951
8694 31634
5340 22881
7495 2294
5214 32855
26383 35445
11476 30324
18739 30752
36952 35874
14812 36466
29169 8682
14814 19684
12500 8978
34536 5015
35465 770
28347 34108
3073 33392
25741 8412
12624 29588
7058 17837
18794 33440
13282 26621
20115 28372
17372 13419
20597 28535
9884 9765
33568 24698
25801 6068
33675 20336
7434 25491
17458 32133
15950 20530
25524 1691
25293 38148
27630 32350
12336 6423
22141 21969
33044 2256
10340 6767
12026 30937
31654 18261
37053 25221
2958 19205
31288 32984
39541 38722
14827 16998
27206 27128
33879 12729
25170 19171
7228 12799
11521 19564
19222 33661
37884 8617
32268 8224
15383 4293
35512 7036
22554 32564
28609 21863
11769 19896
11199 7661
14969 22377
21010 2174
9504 14888
11255 34674
34058 18482
3824 1930
34397 23045
31943 32281
28013 24210
36856 39748
24855 32367
3135 3760
21282 31743
21974 29402
11639 33172
33414 22959
11900 14423
21485 17756
25662 29091
8781 16072
3924 12604
18001 38321
32001 9943
26953 20013
30505 23808
19760 15359
12526 22895
19118 30159
14637 1091
19561 22627
30615 12974
1938 38866
23749 23422
16621 9410
8864 25401
21833 12787
38005 39834
7459 26357
6128 34411
6369 36632
14570 26129
8342 23447
5375 27459
13606 20011
24902 33166
38990 11868
2491 927
10733 26239
20700 23706
32001 29563
5458 13833
2349 3462
10018 9808
26170 12498
570 32539
9129 15140
15019 17471
38586 20393
1281 8543
36755 22534
1708 35744
34401 551
33022 1486
26789 13721
25191 15141
39635 30648
25326 1984
30462 31695
8143 16631
4192 5064
5521 13321
16555 20539
27143 11493
931 28423
20035 37686
7309 18095
29781 1709
18645 22803
39546 1785
36523 21088
16926 36158
11736 38603
34493 38549
30297 38987
11531 30841
4050 17052
513 16957
37590 27655
28449 34873
12429 8483
32558 16089
26577 22338
17798 5221
5140 13695
7006 38015
34783 20283
30524 2870
15237 25016
1418 1885
20354 9300
32725 20755
26351 33237
37711 20293
17243 26159
15165 26024
34642 7722
2112 17570
26411 16261
22791 27903
29956 26148
25917 21090
2782 16440
23959 18018
37807 25376
19902 14512
34675 8979
35266 17378
38567 32977
37670 12162
19135 12834
34537 10128
16907 33000
27698 3317
9261 6840
27571 35568
32987 13487
13009 35768
26278 36967
10137 20436
18694 30038
34947 9720
35368 30213
27097 33935
19541 21118
6096 38675
33951 632
8803 7209
33631 32852
10526 39243
39691 34448
31162 32677
7935 4170
24796 30564
1136 34932
7352 16181
21321 2298
25901 16689
28862 12997
6975 8402
34115 13070
3429 24417
10053 8583
31626 3683
1434 38503
39278 1124
32950 26791
30152 37236
30961 14947
27800 28448
6230 31503
4629 27550
33800 30529
590 19014
39877 7564
23767 33991
16985 27195
14760 27037
35777 6385
27072 37210
1239 22701
34685 30540
9491 24836
27776 451
39782 11927
25251 2363
3429 29879
26265 33580
16759 26854
8945 16635
30770 32712
6978 4106
16258 21737
31143 12035
24473 14566
5596 25711
37266 36633
16250 3108
21468 377
3559 17602
12303 25161
19964 12083
15039 6228
2015 31797
29434 10959
8431 16555
3670 15408
20660 19928
33496 11802
28314 17968
22719 30261
30 16336
26893 12632
19444 4713
13008 19354
22314 21663
4514 38629
30097 19552
4857 32111
7700 30642
3070 12482
7196 3091
27890 27855
19370 17737
36009 7683
35705 18727
34296 35734
31415 21188
8365 10858
22252 17725
30211 4565
35739 34724
3194 25835
10627 4402
17946 18326
31395 17367
30807 38590
20457 15048
22796 39827
32785 18804
3861 24841
33883 38156
20574 21649
15696 25291
32506 37947
39367 19068
38864 35105
13791 38409
17291 20769
39162 35236
39094 30556
12602 26252
29145 29411
37652 8292
25589 30436
23448 29449
15276 13682
23957 32201
35330 39652
13843 27835
33950 9561
6902 29165
4665 17044
27573 21956
37812 26734
13543 33257
13641 22497
15860 39137
8259 13511
7429 33847
298 30876
23295 11925
4557 7251
4126 39886
3254 14320
24072 33556
23881 27325
22720 24897
4368 6645
3204 38531
29730 16747
31787 3371
35595 7646
38859 3853
17509 6287
37699 17806
33514 17345
29731 34422
20948 30208
30659 24201
879 14730
14108 24759
2054 33180
6008 2773
36176 9211
1303 25905
22309 29441
25627 17903
37087 24486
18107 10947
27124 15805
28752 20638
29502 14834
11411 10449
1393 2070
31001 2272
13151 5109
23382 11557
38288 29389
14329 34463
34952 11984
16719 17260
1424 2346
31515 34862
23183 5973
5808 6658
18130 30912
27295 7631
5745 35058
18079 7138
37127 9079
5761 6629
14187 29142
18185 8826
14883 28866
39640 9834
849 16359
23445 38624
15056 11311
33486 34590
17284 35645
1247 35413
26556 24894
3043 32301
19951 21121
35790 13429
26551 1550
20057 738
27043 38242
5915 1925
23459 5555
8110 20659
18265 31555
19282 33320
39217 9119
24261 16500
4764 25507
8264 31319
10400 11306
19971 26702
28778 12112
130 15329
10013 20187
12418 37056
14780 14684
38980 34590
20238 7090
15248 34854
34996 30881
24525 34212
40000 8785
10712 1115
30644 15327
28785 1043
26633 5108
24097 11762
17219 24226
23442 27232
764 32211
24287 11895
6895 19618
2836 23484
23059 18083
18338 18054
5316 39214
8618 5315
7999 15681
2781 38642
31007 31565
36036 17639
33024 20132
25753 10243
710 5546
33826 37825
37757 14464
6072 1003
34081 8907
24486 13492
26990 39175
31545 28657
38389 162
33971 2739
15842 33103
1380 6849
21019 33767
20839 14043
10251 2943
24285 10960
8489 14462
5136 2597
28925 11207
3599 19357
20114 24436
32848 3455
19963 20745
32111 14703
17258 22433
17441 29452
11887 15172
36300 32905
5290 13490
6947 15540
12785 27583
22851 21273
2044 27987
23869 27320
39193 23819
6677 15658
8254 35876
15464 28216
16620 3926
39270 33878
22710 16710
19681 34596
28233 12332
27501 33523
25821 34447
5414 34957
22030 28265
16229 20425
16251 36449
7745 11795
16619 10773
23805 24873
6648 39268
9440 19620
3194 8710
9849 22255
21771 29529
16851 6356
1860 4351
36230 24032
35149 1643
18989 17178
29907 31569
33955 2509
24370 1699
14304 988
12471 38108
22212 15470
33727 28004
31441 33272
33065 1289
15527 11187
30817 32377
17542 29028
33079 10123
13060 28227
11766 28400
5405 38024
19968 39359
533 689
37409 11188
1677 6231
9295 20240
18052 39373
8243 9493
32645 1307
10781 4523
12494 37950
36899 26387
23329 29977
36510 36388
18203 4627
21139 19959
2650 37459
15669 3182
38147 9429
10721 36175
15659 20015
16415 30063
15740 24657
39555 4736
22316 10335
9258 31161
4636 2508
17547 27965
32484 14056
20704 7038
15034 1843
23349 17684
39301 35369
17217 37447
1150 27938
33622 13160
4304 6388
3222 20043
31044 2776
24778 9711
9463 30387
871 14098
32894 18418
2062 21729
28825 19118
28767 3859
20960 8467
17894 20260
187 35110
14058 1336
23047 4031
14496 23703
10418 17717
97 37814
20493 24875
7524 26307
15261 8395
404 4507
23164 38818
26235 8340
17935 11353
8550 38894
19819 26443
15505 20006
17905 25914
17693 37303
29945 32188
21005 362
6257 21102
34527 26749
2328 2051
13055 13940
6797 9810
18446 26312
8627 4681
31003 22913
16033 39553
18158 32204
22347 33662
8561 251
15928 26253
37554 5872
18441 18558
2585 21049
36011 37112
4149 38338
35514 13555
12278 38662
23364 27075
21325 28343
31755 12327
11255 4140
11879 25765
36343 34226
15778 4903
30828 31705
31155 28381
37576 5947
3291 161
26995 39301
33624 31143
33991 25489
4697 2620
24150 24413
29694 1826
12755 21449
14152 20361
25588 22383
6125 21930
12960 21903
23184 3787
13607 14338
32168 7535
16637 31810
4047 3631
31110 37670
31126 21452
23158 32174
24071 3659
16586 13765
5484 29340
31565 15987
6053 13504
38369 12177
35433 11328
30431 14968
11467 4038
29305 3634
11572 2293
31795 15618
2276 19256
9639 33401
708 29148
25574 24778
29158 2160
34894 30993
27851 26458
6979 33903
39961 5348
2432 31745
13027 32862
6712 24493
36899 32369
24478 4822
34661 16272
16791 33288
31880 22781
26688 32587
8280 8614
17364 37437
7125 8610
28429 34975
35067 31760
25230 35028
33459 27661
26772 6485
16874 29836
27330 10125
22204 8159
14946 13216
20783 28089
6504 12662
10869 29543
5248 15501
38156 18963
12937 1632
27572 37718
32959 22639
29477 18188
14018 22935
2200 37141
25771 19073
23328 9452
29197 1883
17611 495
15099 38393
28583 17954
11054 35803
3848 12653
7655 38356
31615 20592
39987 15539
14661 32945
34529 489
7484 8546
23423 6035
2038 5545
25108 25366
14997 10656
27248 32607
11150 38698
27351 36084
13003 38404
28239 16851
11056 35893
15206 39022
12836 15192
10912 27496
4489 5440
27984 8324
10337 7758
14359 8727
13303 39466
34092 24651
10121 17691
13609 17623
16389 959
10058 29391
39362 38296
6241 6769
30541 17798
2142 3376
29342 13054
27224 33830
14845 11559
2153 21534
19317 16511
30260 28971
12328 24351
9973 18801
2041 23581
32775 14781
24539 2832
4172 23900
37480 6764
27020 28020
24562 25513
27747 10255
34918 14970
4084 9763
26529 2588
31296 2197
15451 21555
31167 24130
2257 1139
2930 4297
24719 32056
15430 5609
34888 19601
29508 28719
22716 12879
16738 3629
38391 836
13883 33309
15806 14318
39423 38686
13258 27070
882 28708
8624 28400
12837 10880
25890 12119
11528 10608
4174 26957
16216 35413
2909 2075
24131 21977
11305 37220
21957 6047
38056 35840
35707 10213
6509 35129
8898 19766
22198 6131
8473 27173
34530 17662
34404 20419
26132 2284
27378 26657
25592 39945
22070 24853
38371 2552
6829 6027
36124 28785
12073 30531
20976 7780
37095 27485
39260 5992
7250 17810
8474 12075
4982 3003
29736 35738
19773 15867
38021 3502
38875 23612
3446 20944
4816 38168
19848 11644
4194 12323
36781 12618
39205 14108
20397 36299
1592 16009
2290 5194
33818 10763
17268 35151
10117 3355
30888 26241
15573 25260
29742 14447
5224 29539
31743 10039
27706 11590
21683 28251
20264 14815
868 19468
28922 17617
15766 26866
33625 14407
32059 27442
21521 9326
22592 27989
12680 9832
14229 28252
35091 3970
2698 314
29860 30792
10353 13917
38733 28387
2167 18996
3201 39386
34815 28474
17002 10580
15339 6978
21338 7397
34419 2858
13074 13363
30846 22105
23194 1426
6708 14636
1747 9406
14950 31606
36549 21654
1874 35282
10040 4040
14277 9592
39778 9092
38065 13131
16023 9756
20109 37361
17152 14527
36570 26578
24241 27416
8682 7434
25193 15390
22070 26940
21147 33371
14897 17695
15024 16771
12976 21415
17162 23605
31006 16939
32696 25422
30070 5070
35177 10178
2430 8681
21056 39000
35258 5297
22767 3939
9082 7959
15680 27503
31250 36826
17225 6147
10873 32248
22917 23848
13662 78
7452 1019
17017 36499
26441 3438
1569 21617
9967 350
30297 31022
39349 21906
32670 18467
22197 1752
22778 37876
25606 14027
31054 2831
20173 1926
31430 3089
25773 1444
39519 29577
2462 12887
22427 28902
16324 23995
6871 26290
20697 33519
13663 16397
15425 6333
34864 37621
4436 17641
31848 26393
28019 22901
29223 4544
24826 17005
3984 6951
18448 3502
32879 20909
16388 15305
6163 29063
35652 13033
15352 16348
2903 25367
32744 18327
28051 23959
12299 28838
37951 499
15230 25970
23399 805
30513 4577
17809 30848
7879 36256
34350 37109
17164 10737
8765 19678
36152 4416
32710 7855
17115 35613
33221 6211
10291 21271
30169 18942
10108 24472
19440 21690
10441 39190
22494 37305
118 36654
28152 4348
32909 18853
1456 6424
25942 6573
26102 22093
7340 15163
29947 24455
7127 19520
27017 13770
790 17185
32711 7250
1656 8502
25291 8448
4043 7784
2104 513
789 26608
1212 33697
1812 39020
36472 27753
5592 18925
6197 12931
34088 36144
33737 37566
15663 20753
11335 12804
34290 397
16405 32297
8898 1695
37097 9293
5830 39200
6157 6618
22159 7368
36666 20323
6387 33138
8075 11978
12062 14272
24909 2501
6767 14997
67 18781
35750 11401
27936 30039
11798 4341
22335 17047
2387 19431
22691 8217
14983 28847
11186 33493
36215 7852
13815 38953
37341 18242
10931 5754
28865 32191
8255 35631
7187 4673
10763 39288
16073 38698
29326 24222
39390 11661
37621 1777
27443 20311
9993 2425
5510 17530
32270 38076
25381 6084
37028 22721
24325 4310
28475 13189
36500 33081
5171 39
37753 15933
39326 10177
10983 28652
34399 10372
36664 28371
12148 20458
5033 18492
19235 10542
36022 11504
8617 17754
13939 1997
36827 38264
6306 21653
7804 39158
14733 9327
39196 8837
25259 38521
19013 32593
23524 9763
2965 16539
38133 11464
33349 3166
26308 12583
10059 22329
20438 15028
36434 34376
17024 33260
28991 23329
14912 33147
22486 25996
2473 18033
34832 24083
12906 10197
16676 36429
19959 19640
9320 14444
27455 2668
13961 13762
11602 20371
32442 32039
35398 28876
26414 12421
18487 11757
32102 33399
4903 10939
15746 7375
25324 6930
31457 38229
17126 8132
31009 33436
24123 36680
4231 11578
39347 18191
21691 10948
34914 14133
39338 30311
3008 25752
39084 21494
37508 27537
11244 2410
34827 26990
6136 20150
33919 37592
18378 7396
5724 5739
831 26198
2418 1414
37775 38117
15956 19466
5416 10869
29950 4754
1180 32957
26857 36615
10802 20716
24151 18398
19477 18977
1739 25612
39127 32009
23203 13856
39404 25278
19594 36586
11476 22012
37999 5602
20128 10307
21419 25543
21175 11368
26648 22354
4324 13504
18968 11478
34219 39470
26227 13695
18447 27965
39306 13925
19973 18861
27780 15728
4138 3726
8665 11965
25737 3016
17567 2216
13322 38985
24110 34496
10353 10758
13202 11028
24261 28521
18857 14832
27991 5083
28526 2789
33047 24184
16713 9371
3044 4492
21450 3533
8217 26467
15498 30305
29482 33064
28872 39155
28400 12982
30002 38752
20091 3203
6132 703
28076 24988
15534 16066
30071 412
15206 19469
20947 31918
25192 23990
32761 2993
23874 37330
29459 39371
27634 15292
28786 12858
10798 13538
22191 800
12289 2281
354 14772
39335 28429
39760 11221
846 26182
7984 16051
2002 28930
4320 27193
9271 37081
26538 33144
34410 12348
28867 18395
27640 14004
27604 34789
27541 9794
35588 36182
8426 35942
10953 4113
20722 7064
15333 21568
33245 23316
33970 35247
12245 38290
18791 21515
31722 5328
11010 26131
17676 39876
877 1667
10232 28481
36455 37772
34626 32043
30305 39404
24336 1258
3516 5057
4673 18848
22976 37918
38515 16946
33164 10759
11587 11954
28625 3308
17282 39634
25790 31309
35862 23018
32975 6093
7850 29429
216 2476
17823 26873
38231 2158
24482 1746
3567 29154
20593 26542
27071 15459
39839 16586
26217 11425
28540 11193
11084 2173
7178 36873
29833 3039
16243 22807
5483 24092
8587 2051
22919 26410
28923 21149
24919 9756
19246 28485
38909 36190
11379 25980
11648 11217
2565 34216
18994 27456
5408 30077
25980 12586
23302 15812
11976 35896
34970 13811
19987 3557
12213 39258
26318 37487
16758 11236
7242 36004
36073 6150
32193 7451
28481 3841
15019 27398
38056 34012
11205 39816
20441 37185
12401 94
9348 20728
35989 4318
34538 15975
7874 3102
11584 34191
588 28342
1778 7829
20697 34202
10331 12889
38004 38811
13081 13023
22560 11137
3386 33765
7304 20178
27301 16056
20271 36648
36783 16259
965 27673
28586 8838
30774 169
39380 31362
24862 37510
39190 5558
31711 9520
18447 26067
4683 27879
39089 27242
35367 38826
17358 2670
19004 4658
18725 35626
1306 15508
11885 2270
39532 470
7460 30305
36990 3191
21666 21852
37052 17208
27409 28763
23079 2207
14829 27761
30086 10269
11355 25452
5446 28712
28122 20801
33370 6846
16427 31027
18705 24663
33296 18236
25132 37107
8541 22121
36650 26558
324 33701
117 27733
18815 23196
26291 33643
7308 16376
263 15014
38180 2061
78 26301
22861 33447
29498 35639
20825 4555
20301 10472
22790 5432
7579 27682
23905 580
10592 24228
34280 10708
8312 13095
30255 34603
3089 33915
7330 39704
5280 5509
1764 5357
28161 20976
35155 14011
16615 15979
18565 36915
26451 1354
38699 30381
25388 18955
30960 35979
39534 25239
3038 7846
34685 29645
38800 37774
23559 6129
33829 28838
7990 35592
30547 36150
12919 25701
10160 29533
1680 28724
22800 28130
26430 21498
18510 11817
36804 5821
4147 36337
31059 7184
534 22096
36828 39333
16221 16738
1814 10049
1928 9803
1992 32474
2304 14910
14526 12464
4443 16205
37539 23594
686 20320
1443 15547
28488 38246
21367 32634
34582 8778
36170 35116
30873 29349
30800 7093
2439 32613
17141 4366
2415 19132
33191 1071
30393 7716
13534 31187
20273 7424
14780 20958
24096 16222
36505 12583
10819 14223
1569 1753
23000 34090
33220 13872
19790 24019
17316 22228
12984 34456
22945 11750
9939 16135
12820 36684
20203 22705
27870 475
30129 2650
17784 14224
15223 10640
23158 22394
24863 24726
24146 4214
15167 17365
14438 34957
37735 31753
17184 10718
22561 36481
22468 28851
8967 35287
25534 29169
17992 13404
25995 4472
12405 3779
15047 23979
14418 34556
6372 39280
15634 26869
3494 30800
585 14283
25756 38320
6035 39292
5389 28595
35772 24208
13798 1090
19495 39331
30259 33838
9086 12605
34661 21490
16383 6059
1821 30801
614 8192
26432 16247
31413 26277
7047 31997
559 29154
26668 2946
28445 32057
27892 20568
16264 1689
18010 32110
1020 4620
22299 6457
17224 16959
24299 33607
23017 26119
20759 19983
30662 3542
36229 22074
29819 39627
14071 26729
28781 738
29674 13577
29146 17566
30497 5410
19254 8506
33871 16625
13125 16170
19434 30348
33128 3732
20306 12497
29850 1064
32479 20511
958 25059
38937 30776
24686 9359
17504 13466
6448 3530
27042 35594
21095 17538
37355 36700
22395 31225
9677 35519
3746 29110
22219 33226
29193 2524
5722 19042
39940 34552
35904 897
19610 31192
28024 4295
550 1879
14112 6998
1760 1154
2591 22854
15043 36297
15906 33790
23873 21934
29308 27619
7395 7878
20844 36587
6754 22917
11980 6693
17468 7883
3941 33429
39075 28316
37724 35976
26546 11835
2973 28306
9340 1915
7511 20735
38211 23416
14524 18436
1701 183
6054 9095
8061 26897
2033 14814
9813 14012
17858 23632
21895 18150
17060 17321
2817 11135
13296 29362
19322 12621
17667 25013
10887 25178
5747 5450
4945 16622
23885 6646
13157 29938
12092 21217
13186 14125
32382 19350
24488 6591
2981 6382
21092 16392
20054 23908
27527 29702
13269 6848
38674 27288
28212 9560
12465 30311
15009 13761
6932 35245
16758 20088
21534 28850
37656 34719
39326 26389
14068 23813
32979 13400
26547 14070
29792 2952
34329 13670
29005 7598
16869 27678
34885 5080
33590 3701
35390 4950
17461 38674
195 34219
15113 21728
19420 9121
16447 15097
35509 26866
35261 24840
36618 21807
35261 26409
21111 29590
36430 10115
33539 13298
37793 24775
14729 31382
28475 10119
36331 2287
5144 32877
32857 20256
14605 8628
25728 27403
20076 21237
10620 15337
2428 7237
33495 37688
33645 14605
27277 30074
24720 17167
39723 18864
1941 14452
6597 26767
20922 39279
25406 26065
32156 18262
2672 3112
23242 28400
30514 3317
5988 1133
15005 8415
4722 8500
6102 38366
19456 29731
24792 527
6897 20866
19390 8838
35317 22338
35604 12590
21617 21009
35006 10124
35623 37678
9587 15216
22429 36452
14884 28416
37584 29889
36830 38657
34740 39283
37023 14195
29013 18166
14722 35910
35383 30463
4747 27052
12801 36702
39641 30769
14063 34647
37244 6037
28676 6830
17604 11104
3281 32487
39519 37216
18727 32700
35873 13466
31982 29247
27661 20995
3764 2382
13256 39146
32844 14354
26197 1996
11055 22190
32764 21469
16836 26359
23857 5511
33188 1460
12966 36468
33947 12484
33684 12673
1535 25908
26139 33516
15154 10151
14510 18917
8884 27765
18062 38079
38470 611
75 9525
22800 29190
27345 39635
15549 11202
1497 8736
12661 14462
1556 2959
23297 31591
15632 24831
17498 38122
14698 32651
4624 25560
7919 13507
9676 22332
11585 8146
22942 8011
17670 5741
37201 1366
1727 9101
12567 39575
17836 25228
10388 15743
24538 33684
7333 169
14866 24830
34642 29564
13832 39265
15123 21750
12771 21150
4082 20708
29295 27023
28718 3316
29116 25918
4682 27194
35018 17248
26769 9206
38827 37156
24948 23365
27192 28633
19885 2057
13462 10879
27972 23646
10143 39446
5395 19266
20596 5828
39973 9890
29203 28690
13206 18318
10960 17887
5511 2329
31486 28631
7886 26665
25787 29186
6381 12978
17818 26265
11386 27631
37143 35710
11276 3638
35155 13023
22903 12102
18850 19227
21992 8052
4268 31549
22721 15227
5787 24584
13908 37272
13214 21793
20288 35352
7330 26668
4681 25147
12933 16067
12778 6427
8128 20405
10064 3282
33427 29318
11736 8629
8544 30079
13032 12812
21627 32105
24390 27413
16688 38297
21036 26253
16442 37676
21605 23771
24343 26285
8918 37275
38703 18047
54 6830
38451 10117
6464 28230
35787 18199
36858 4330
8277 9889
17141 26255
1993 1531
10019 15032
36179 27406
1285 12620
25081 19241
32743 9424
1877 1660
3050 36932
16058 3103
3761 10860
9572 6576
39089 5358
24774 35946
6039 29402
2187 19532
15656 531
17414 25674
15563 13592
13080 13199
22564 38160
28791 15306
7583 30667
13317 6985
27598 29374
10087 27711
36585 16010
34286 35674
17719 15412
27971 23758
4813 26509
3289 20469
27040 20702
2494 38954
30645 11925
12152 9560
10085 37294
24865 14019
27960 34533
21003 11910
20258 27442
39620 16843
39803 30257
12516 17522
5668 36838
37631 6833
23347 919
23653 10386
17972 26146
5691 4968
38071 17842
14528 4507
11487 35744
14877 39446
30277 35880
7707 6886
19673 3678
23728 19475
30287 32595
33348 35954
29433 30978
39138 9131
28248 22790
19516 2571
5288 25206
7539 39710
39399 18418
4216 10885
10513 19092
6682 37141
11323 10741
4027 27347
14418 24106
6822 1056
16701 169
37010 2485
27499 32499
11615 15746
15289 27482
18317 16928
9039 22207
16637 4789
36976 17204
12025 7488
32647 15058
4629 3970
25798 8655
27668 36568
29112 34489
37623 5812
31010 30984
4648 18508
23483 12614
30605 35123
95 8921
8402 5485
27479 25038
10273 24454
38593 22297
31942 31239
37355 32922
31560 23152
37928 19228
16071 27039
10068 13694
29203 37429
1029 33850
15936 24511
2816 2893
15985 2910
8165 24386
4747 35644
5775 15019
16449 4367
37316 4742
31958 31022
37663 19869
10525 31942
39096 26596
18981 5516
36641 8183
2944 37669
38384 15232
18532 1199
18124 30868
461 22640
15254 5207
18283 21028
20225 34732
21747 13892
35825 13704
1265 33488
29924 11790
25429 25372
34737 761
30887 31377
8943 30182
25397 3679
1765 280
4877 16240
31148 5337
38880 2753
6895 17162
20132 27120
8245 1878
37363 4070
11933 38628
33909 1857
6769 15689
27228 1505
16450 14466
29233 21744
4647 10981
21774 6412
11261 26651
22651 38760
28339 21530
1512 35234
35044 17995
18705 39640
16225 12419
61 28157
7398 33969
26365 14166
6010 9944
15670 22459
20761 4902
554 21760
12235 22328
24523 19847
5330 3525
18606 30020
25055 16469
21605 16450
34463 36661
12441 10687
9080 12502
35196 16477
6470 17912
30643 8831
24208 2664
27641 4968
3918 28195
23079 16152
6874 7601
35998 12203
11126 14603
38574 32532
27423 20179
8981 18237
16839 21421
28924 25918
33922 20471
38747 36744
34734 25741
1926 18941
28404 29567
20261 32321
14113 3339
4824 20986
10940 821
29540 18417
11775 28113
10948 39197
8291 19928
13786 21482
37700 39061
3751 27974
19531 2497
21069 10616
28237 22994
29557 12993
8912 6169
1665 23024
5859 6489
4009 13150
7309 29900
31566 15436
14365 2513
10984 22655
18792 24769
488 12844
23829 4239
817 39711
6735 18237
10327 31324
37582 36235
4316 6494
2403 5980
29517 8261
12468 29878
17763 16129
19777 9328
31564 34141
11841 38899
13148 30632
23668 13635
3475 7496
14225 643
3559 20960
15231 13885
8635 12813
10119 12950
15658 8873
15281 5174
13485 24101
31403 31247
36581 7532
575 24496
38024 8767
23394 7523
39398 7061
21158 39225
10909 35382
36219 14467
12693 11450
24703 21327
20614 31173
30628 36271
45 2261
37796 13529
26361 25551
1128 22941
33082 38054
3788 31105
6820 27181
38628 2569
30594 16137
38145 37854
7870 34364
8672 16915
2165 33374
34593 19130
24546 25221
11752 20942
27481 5899
30822 10193
31449 31949
29485 24530
30002 33272
11987 33173
16804 6966
35742 7397
19454 33886
5250 23675
24601 10273
589 26765
3646 35182
5894 24543
16754 13997
5484 586
19896 32658
10778 11344
24606 262
32226 10960
29885 564
4132 6688
7529 36225
10437 23334
30111 12038
7008 14711
22311 7597
37828 22308
39130 73
3203 12235
14070 5038
12820 33965
37695 19949
5308 18653
16562 37533
29612 6446
38096 30095
9485 1976
26320 19921
25309 16430
31959 28669
27492 10621
36265 25319
32928 31746
25392 36130
3980 35813
1168 13151
29777 38862
33099 35084
13866 9660
28969 3477
16105 23416
29924 21941
21744 16243
1862 3404
29024 33820
32072 12867
4440 24688
38186 33719
16433 19929
29849 16764
15741 27368
29914 1869
22581 19364
33304 36447
29023 22272
36275 1479
2040 26198
23420 23783
2440 21633
23538 27815
15452 15610
682 16243
297 35219
6313 13082
11499 32513
29845 23591
19880 16111
25459 38813
31826 15114
31611 20849
37386 27885
18679 35777
14083 38450
15911 12874
20082 39448
37041 31885
15057 34074
4479 15354
29292 10792
24787 37142
3304 10983
20732 19536
23445 2542
18348 15271
17655 9958
32471 11392
34194 11149
3520 8276
9599 19430
17502 29680
18878 10894
17917 30286
4967 22395
1991 34258
33186 26777
27751 36490
37760 4834
12377 21204
3727 30724
36474 17733
37033 28944
29125 31226
36445 32644
35854 2395
8426 9707
28426 23655
20600 6342
13940 25566
28737 15931
16175 21922
39059 3925
14763 33170
5110 27139
14374 8836
14214 7199
26568 11246
32495 12044
38824 25291
4688 31029
27685 9465
735 16110
33119 17686
22452 7058
39603 11188
19340 15777
29461 18399
16053 4224
7920 21162
31362 22293
26349 5576
25844 12916
13173 14690
24960 8348
39980 25999
39376 24016
35463 36462
125 24933
14147 18928
31990 13749
26467 7682
25877 15928
22432 38281
20151 30351
15794 7864
8996 2142
9791 31191
11410 19316
5880 36369
27663 2211
18719 23391
26226 14181
19852 22702
39113 33999
37982 27454
4099 24448
31487 26328
375 13918
24608 16877
621 402
21093 9616
38895 30883
806 10304
6550 3037
3024 34213
1599 21742
17603 24176
32274 33806
3229 27738
27804 1210
15192 28255
25658 6678
14582 22384
16948 35541
39261 17568
32294 20353
23535 27541
7587 20692
37844 14137
23728 868
4701 25326
18961 18655
5853 11235
12460 9081
38972 36616
10291 10515
21222 32300
13545 32155
14683 30492
27695 13943
4411 16341
30647 27945
3881 34586
8636 38076
5074 28715
38943 9774
10392 14256
28428 16244
25490 37239
25324 24461
33854 31966
31328 11427
24265 4872
3581 38948
35363 31276
9242 39773
3968 36241
24069 7848
30826 32704
5923 35899
17770 1218
2024 28161
15473 26803
756 37314
24041 26079
18126 14247
14397 9453
25673 38661
14324 29254
37608 6038
16881 3202
2162 20848
39442 26230
25047 30267
15285 27321
22517 33054
24890 24540
17566 36714
11342 18321
34027 35382
752 8505
5980 15148
17957 31653
13808 28633
17258 7768
34670 30490
10969 36832
11337 10410
23061 32735
37028 34698
20055 19544
27751 4945
4083 1669
1658 15424
19989 32037
7157 17092
541 13137
32239 18497
1141 2399
7129 18398
10166 38151
5239 21134
34982 12927
27895 14394
5661 24922
9091 22067
4465 33194
27011 4899
34862 25021
20322 11202
13409 23830
28294 13949
36966 20532
28797 34458
22930 32278
9207 29447
30428 14445
6932 21761
27371 34826
36154 33031
16099 5245
11450 16915
34790 34812
21813 29651
19832 38486
37204 33240
22316 25497
3540 15633
2381 32337
6443 21662
24614 15649
11109 11393
30094 14392
33153 13816
9218 29306
3199 21668
30902 14648
34935 25691
9459 16747
11693 25643
11585 8897
15234 30252
30745 18774
2236 33125
11110 8678
14787 32075
24327 22247
3467 10772
32990 36619
24587 38559
25924 24137
20227 13178
38784 15161
38868 4595
28259 6913
30237 39843
15809 5470
26446 6553
24243 28682
36030 31704
37359 7168
23778 18037
25766 23596
28808 18755
20214 9747
17314 2490
33883 37540
15667 29019
9052 10886
33613 37310
14150 20201
33505 29958
25670 19950
32863 6265
8631 28892
34320 2342
32411 14450
20378 18176
38045 5538
36930 14611
11636 14243
17100 1870
8134 29118
30888 17185
36355 20852
10847 10505
1052 4351
36814 23074
20652 29676
29338 25635
14919 23657
27976 7329
38106 4705
25504 32503
10242 18786
7113 21877
33028 24212
20099 37514
9681 10986
14698 2387
28190 21896
12891 29241
26246 6057
12314 6898
32084 38003
32532 7003
21660 16859
10683 16117
21563 32539
8619 31805
11324 15731
10033 703
36294 26483
38216 2326
37469 9266
1065 25658
31161 10307
11250 17407
16363 19916
20656 8447
17918 9539
11801 39577
26397 22483
12046 4311
15021 17016
32467 26344
29099 38852
27047 21744
25334 25262
20422 22802
30879 21486
4811 22040
31792 12413
35798 8155
32328 16453
16601 10245
22343 28401
6174 5091
7235 14571
9401 22256
31586 1868
4951 20684
719 31997
38780 26052
13611 19201
5206 4489
686 6368
22880 32477
18780 18677
36983 7459
35129 9935
17704 13823
34687 20229
18913 1922
34799 28314
24177 22736
30181 25479
39772 30899
17476 38551
13302 27438
17751 18507
28278 14788
21227 11158
3616 6
29834 599
3817 21315
10533 21520
35137 5220
38100 14050
3493 29250
2363 24021
11985 28895
9499 11756
16145 23326
6658 29446
10763 24408
4305 35393
35547 25531
6550 39163
21888 32735
39761 25704
14049 6645
3575 5538
8216 1674
15939 11708
30923 14653
35728 39260
3547 5227
11015 16043
28552 14025
5488 35667
34784 6144
31059 30331
31674 33960
29493 9914
26694 25605
35617 37095
32249 39192
2632 36817
37217 18570
8524 24492
29574 604
23751 33120
2182 31117
5514 27085
5141 11001
22751 39925
13497 10161
30255 1522
4120 16099
11435 27166
1703 7052
24260 30303
2595 23243
27119 39811
38164 31995
20654 27737
32598 4404
17208 34779
35521 22721
21863 37013
30073 966
36937 3569
11126 23543
1443 11598
39641 12877
38763 37695
16280 19374
27998 15226
38968 11468
11389 37131
3462 32042
21219 32411
36446 38426
23541 28318
17498 5404
25330 7570
2721 22267
7491 10198
5809 8933
18147 1802
18161 13261
39496 34441
32634 23845
6018 31601
35313 17406
25083 35126
9448 6301
27537 2245
1078 11077
30562 18575
12832 15891
26145 11904
34509 29987
22102 36670
38919 36600
38471 17079
9861 37966
7871 38846
21811 13889
30447 17123
27646 11881
8600 37093
18182 32488
35689 15611
39917 26250
34186 12748
38493 16682
21004 29353
6668 39457
26022 1938
36056 24492
19016 5916
22458 23239
4762 4268
33479 31560
17742 21124
3440 22693
14569 17973
15181 10257
29936 15097
32859 24121
24196 27703
802 5199
17055 3821
4655 3077
5758 37063
27568 24773
2978 6377
4363 4091
6996 37841
32002 21089
15317 31794
3782 29885
9766 18962
36493 39701
34058 25703
20173 14605
13405 17326
19804 30460
21146 20810
29888 26903
17872 17455
8028 17202
20184 8742
17644 27179
6583 9646
8268 18251
1439 12049
8135 7556
27362 979
3609 17771
26682 23781
32375 36438
1107 8530
26897 18604
29340 13136
1859 3563
30591 9886
17116 7126
18627 34760
34304 21561
4405 38923
39811 5843
10971 4297
13398 34684
1628 17006
12454 28309
37139 4829
24746 34597
9710 7995
13200 39049
21130 15058
38964 8072
21295 16079
15197 36274
7190 5853
17834 11594
4775 13997
13788 12098
14645 23538
6781 16272
36895 19235
4580 34033
20415 25678
28629 30124
30024 38181
25525 7505
9590 24488
15577 30885
36918 27125
27158 4108
32977 1343
12053 34104
11691 25841
6201 26336
9378 12981
2607 6272
28567 3539
36657 8981
25568 21637
35457 15591
16169 20981
23095 25759
1820 35023
12995 35089
22148 36504
39196 11476
34198 7601
5579 5889
29793 8131
32224 39170
17464 31182
1793 6030
34720 34801
15011 20287
12790 10467
32229 28958
27799 15324
14716 29618
6698 24062
24706 25197
20565 20254
36673 14763
24206 38603
20651 13998
3086 9226
9519 20549
407 7663
26578 31479
2464 37940
8117 15253
4758 346
562 32556
12021 15278
18525 18718
35691 39583
3915 16256
16188 36939
31018 393
31893 8020
10742 34978
13597 20260
15526 14003
24274 38456
1833 26737
36395 9950
38341 37505
10295 38903
30060 22315
10532 4937
37384 6222
871 1298
18829 17058
34588 6198
13802 26481
10569 20895
21458 24165
1154 33336
34520 25427
31791 36352
8516 24537
2653 3208
22041 12947
38462 8453
31613 5345
13389 28997
7919 10611
26646 26747
24020 21234
29297 37821
4066 39865
15067 25523
24030 16220
15210 18549
37998 3352
11252 2865
27889 13905
6073 9929
23203 886
14733 14816
6231 24473
164 14149
35083 23161
37247 19102
746 26543
13274 4811
26408 28340
26686 10437
911 1895
25337 35261
5247 32940
38125 29487
6844 549
35767 26399
1435 10500
1214 4017
34972 37729
18165 26407
20889 15411
5508 21635
38306 15134
26445 24713
3473 9482
31501 736
11377 13189
35996 12975
6128 30472
2461 9324
31021 38227
32074 28807
8726 33287
32823 50
27367 7339
26456 4607
19101 28315
22593 17406
3448 5390
38470 3273
14871 26322
4008 26247
39510 36355
39221 1990
26826 38033
7665 14198
36260 39738
39356 4985
29376 28530
5034 13094
35868 27841
17700 11321
16156 293
28726 19603
2034 23548
19227 16904
9869 23234
39503 5731
15940 35075
7720 39118
33108 11736
13315 29367
11473 9023
30703 37200
37552 32089
10293 29772
19929 27992
1092 32436
24636 26169
12039 26669
9716 31265
3573 15937
10851 39427
21667 23142
34501 25738
22259 27608
37473 31926
13326 8945
948 4029
6144 34851
36117 16436
24622 12397
779 25713
4833 25415
11882 13223
8435 17949
839 8359
33885 8041
7785 11903
31183 2286
37640 9793
26245 35112
1718 39571
408 39017
3599 2903
33868 36067
15690 14841
4815 16469
554 9647
38235 8787
19221 6669
23087 20060
15028 13324
24452 19164
25226 15634
21449 22866
25427 7694
17977 23496
7264 18385
18865 7214
17639 12732
3280 33329
27572 4446
9797 24477
10445 8031
29615 29665
11051 9054
6076 22430
22377 30528
1594 3954
2513 19394
26819 24291
27087 1148
7787 30702
15884 26651
37915 33522
35734 37546
26850 19657
38344 36646
486 8788
1028 26452
38452 8431
35505 880
27212 14233
27759 28805
18187 30271
4551 5005
14562 31637
2504 18700
18691 18387
1702 12957
11909 33787
6855 35110
9795 5198
28108 10280
13985 25487
33084 8788
33917 24940
6019 21129
39173 33777
6285 17359
24048 10835
18715 34961
38824 17571
10012 13866
35957 8065
26822 4217
38203 30028
39327 7997
31577 23786
14629 1913
9272 7712
10701 39541
29003 13071
17021 28175
6848 23305
1885 27247
30492 16952
22207 25667
34522 28570
39532 26830
36634 22705
31047 34836
12733 26725
39184 4309
10510 13812
6222 16133
17875 13274
15673 6878
26344 32693
31404 29543
15998 33289
16789 2841
6592 38995
28507 1113
23916 24390
27942 20549
7094 15340
11736 16178
38416 10920
20487 5277
21083 23060
21410 38958
32685 37082
2187 19028
26127 33590
4923 38476
26878 21711
1316 33469
17058 26174
30933 973
10563 15227
17874 14008
26918 29609
30186 25334
36880 7024
26962 14315
30083 8371
13272 22767
1805 11810
38146 27931
5399 3068
26406 28629
24779 24073
18449 38188
10246 9382
39160 17160
20960 13385
31167 7877
39346 21352
33210 36225
28375 20172
10539 18457
24894 20162
37575 23050
31971 32073
10980 33722
31492 33737
22350 12622
17809 798
10809 24406
6531 9969
1565 27490
23353 32732
35367 22698
14083 24928
15275 38810
1451 22165
13618 22697
38679 11193
5746 27001
39617 16726
20722 31108
6814 39423
3730 20975
221 14538
5380 3103
20858 3297
30593 563
36028 25959
23260 6462
7238 34886
5271 8689
13403 15241
31385 12081
26433 37130
39081 22401
10207 16155
13508 13373
15577 17237
34347 12149
31775 36078
15252 12632
39374 2196
13194 35401
24506 32806
38215 31743
24043 39837
36783 37445
15077 24519
9525 37861
18001 4958
20261 28207
21112 33769
37931 33040
7357 32277
5189 39131
28355 16792
8115 27728
15339 17660
19481 39844
6817 14047
31586 30860
13883 24721
28304 25312
9239 34181
23172 27239
35490 39785
11798 16601
29905 9728
5992 37261
2005 7532
36392 26711
20675 858
10790 36013
18517 30270
35856 21686
4316 23794
12545 14551
8514 37200
39862 14104
27732 23033
1343 23221
19169 9492
36173 9073
19219 38517
6334 17575
6048 39077
637 26723
39934 11427
22735 14802
1696 14943
36487 2364
35088 5383
16914 3601
38935 16775
14056 23018
36159 11750
6239 15328
21241 38763
20752 460
37279 27085
14386 39679
26161 15023
26401 22446
26449 5487
37248 24496
16781 30086
26859 11868
31821 124
11820 27107
16898 25876
10124 9409
37625 12714
21088 18866
11477 1839
15677 5107
28924 26414
4785 11436
1436 27537
33882 24236
29376 27481
8732 6156
13918 31942
18024 5738
32066 26195
29196 8963
12070 39320
14723 6047
12033 35810
21264 19861
37649 36940
24968 22924
23353 26104
34359 21141
13641 28240
5376 39368
15720 14107
5523 29638
6049 19898
31727 34466
2445 20923
3428 14514
16594 14503
16912 28626
10312 38175
4839 4312
35114 26158
27235 14819
8613 21594
32311 18605
6185 37686
17972 18257
8145 19847
7894 10545
39744 35972
5010 38540
13246 4789
13054 29839
19291 29965
14817 25955
24492 19655
30266 19605
2164 17501
30775 10776
35446 23085
29381 1630
17123 7352
19886 25267
27198 24131
32163 23294
16455 37172
21833 29700
38312 31238
19539 17603
17555 30707
39909 2046
6713 30174
18002 8876
4026 5129
16003 39471
24565 5383
1101 1687
9087 17338
23305 32636
1469 15467
12281 17923
8990 30466
3974 7302
18055 19864
21256 35609
10570 21164
34006 17282
7689 8360
22509 11715
9840 34864
11185 34404
246 8637
36091 5684
25975 15747
34672 23795
31214 6952
38069 36555
33769 38394
3856 11824
18258 21463
3784 25179
38978 34142
38813 6667
2501 21321
18381 12340
16184 25917
3095 12782
30906 39185
14817 16880
14932 9488
37026 2497
12792 31446
39051 6560
29839 39259
18383 8096
17073 22167
33275 16051
16308 32087
19069 15160
9759 33801
23851 22295
19717 26945
31428 6974
22482 6244
23853 33765
15732 17230
32613 28523
8675 31663
35082 38514
27273 9817
6609 4346
28335 36235
16748 994
24673 35816
16153 34432
29616 36355
13078 5684
23299 4505
12658 2132
10748 32862
35896 22831
10092 24860
7705 15118
16523 39139
13631 147
8955 16592
844 33641
9178 17591
34634 33851
13406 7138
24634 39373
3492 37711
1409 23142
38567 10418
21626 5666
39631 13873
28497 6074
38733 36201
21192 11607
31691 31174
11753 36997
7765 12597
30637 13295
30187 25270
7145 39945
32407 28130
35669 32250
25840 33429
11744 24406
3846 33369
30071 39829
3593 14919
5902 2325
7472 27093
13931 39162
14619 25684
36159 18735
34632 26795
32029 24818
8417 39173
21114 37175
23654 13135
25777 9493
6563 33872
30250 6761
23592 16673
6589 27184
27943 12490
29509 35414
35935 3439
30928 6905
25474 23438
25639 20105
6584 17668
1275 11352
13192 18740
8527 36846
31874 30655
2690 38437
24526 29292
5197 8117
5964 8137
35300 30258
16978 24808
22024 12912
24599 12951
19816 10072
32740 1807
26529 39323
19474 24155
7027 29017
2894 15553
25862 34768
6207 24904
33204 30732
14195 34752
38848 16510
39240 30499
6767 16217
15307 28790
25481 36257
38092 1648
2680 27183
3454 29208
22858 19279
13362 29884
8296 16256
1788 30509
7375 7994
15412 36930
35077 29606
31681 30276
2467 27272
20774 9234
3488 32432
34375 25320
28688 28819
26968 31368
12353 26773
20575 35210
6052 30289
25093 10699
2896 26880
1207 10270
31225 16619
7199 22653
2576 35231
12928 5043
22502 33702
10628 22341
22485 1354
7661 11173
26524 30980
2540 38877
17752 19466
34086 20155
6106 15531
30853 9001
38762 32060
19270 26339
5030 26468
8991 3957
18050 21919
5351 551
11972 15978
22892 34456
13684 26904
1980 207
17883 871
39083 35634
16689 29521
15789 22794
1403 2993
28147 164
35052 3768
26502 36433
30236 31845
390 4637
13763 5740
5188 22086
18070 24431
12893 31753
11334 14873
28311 29216
12095 23746
21201 28783
9618 33341
7929 11020
36334 36075
7535 27737
39842 30389
24170 26429
22233 20911
31066 32347
23002 32605
14432 1071
17035 23676
29175 24720
38548 17486
13935 6995
37583 31487
35777 7200
24828 3705
18219 17513
36131 22105
1601 35973
12493 25770
18753 31077
3032 9818
23423 26034
2422 34206
23456 15808
17882 12631
527 12781
26468 10813
19775 24050
2300 15552
27601 23479
15608 5819
37343 11739
24275 38943
4063 36768
21065 22815
27844 24096
28985 11267
6481 27758
1824 29937
3566 19705
38919 444
32486 25386
11257 8612
5787 9908
20515 33387
29738 36123
35557 27080
4213 19831
26022 8275
12950 3438
27441 794
23886 16425
8412 30366
4183 6587
16654 4100
26292 15572
4543 15129
37309 15799
23740 39447
22058 4255
29185 11795
36729 21093
38874 941
924 21248
5567 10225
21037 33007
11018 4922
9432 15781
31640 9966
22368 8293
14065 5011
20217 18607
16491 13877
30758 230
9676 9167
836 38860
20962 33916
19953 16187
34856 17228
33786 36774
27452 14823
29781 34822
19744 35564
6954 7735
5529 25673
12380 19593
27035 32596
34551 3525
2824 21660
107 12499
30827 942
7711 11788
34858 24015
24326 26065
1242 18112
22839 25045
32934 12619
19866 9029
4534 23172
16764 10062
8844 25495
26006 35879
18090 16908
39403 17265
38568 35861
26116 25746
36803 30178
33885 28012
14192 18210
14076 11785
32673 33266
36829 25606
2236 13047
30987 6769
36218 4102
16830 1413
29596 39187
33643 4037
16095 29398
17653 11014
25258 3768
36759 22060
33945 30643
6423 8136
5204 20499
16272 37877
10116 13101
19834 12352
26147 10820
19120 18716
11273 32302
16480 868
31488 10123
1256 3934
39520 18909
14947 24777
22676 11705
3189 12973
38699 9611
17460 255
26461 33732
38131 36577
6832 17964
8928 29330
25136 24399
4397 36408
16700 20876
33628 8188
30998 34883
12121 26869
13791 27068
7998 32819
35124 11186
5791 30175
17148 23250
30429 39961
13333 24911
32889 16516
39226 1816
2197 24361
22566 6593
17121 39266
23821 10748
7453 14818
1982 15925
38039 12125
39344 6036
4943 30820
17221 7085
20994 30720
26686 7774
30680 19
32684 23568
16534 31909
21735 18731
12622 4301
25323 29742
3566 5495
36841 7370
16665 35174
23294 14703
7298 18990
20738 8592
9809 34310
15676 30802
21381 2362
34927 12061
2380 27610
31980 15265
15870 13715
33995 28491
14367 15670
14584 14284
21164 7776
21653 37828
2950 1298
8882 6599
20287 29619
15191 30095
20280 30866
17248 1661
29579 12174
13721 31958
39783 2052
7223 12005
15766 37569
495 26484
13238 11431
767 30754
19206 18771
24933 18507
20069 33815
25106 36707
19785 296
26802 65
27513 401
1725 17092
12575 11797
5401 8709
13848 8975
20713 25966
6544 17560
12449 16133
25342 9568
3238 899
28338 28171
19406 4758
21985 4511
1465 1769
1158 24618
38185 28670
25018 39909
2113 33944
8057 7514
2653 18257
16488 19717
4222 23031
33628 13022
35516 15321
22589 38753
16220 7279
26923 35625
12036 5259
36487 13500
7028 37644
38117 5212
22665 19487
1473 24778
13430 9529
32291 12434
24137 8778
28503 28358
28161 18482
37732 23676
33803 16672
22428 10022
23950 9351
1998 35986
10961 38484
5837 17988
36127 306
19552 18791
19792 17376
39920 33221
23256 32210
2007 7393
37340 30509
32102 25500
8990 29833
9175 2792
2857 27954
9165 26806
33656 11162
19143 4617
9645 21332
18956 2123
21637 38507
17266 1428
12234 17185
31000 35490
5747 29358
2882 3086
19866 34983
28585 25208
21168 34111
27999 24024
18416 33516
7181 12072
4677 22676
13040 10674
4007 31995
12796 25643
26854 26413
23422 39087
39950 10773
30928 5696
131 33809
8781 16348
25144 33717
1555 6311
24179 25906
26686 2594
19421 33866
11017 20449
12893 20408
31122 16899
8755 270
38893 35608
26682 18666
31046 26631
29439 21974
32326 25921
15782 37458
38620 37277
31174 175
39939 11704
22432 26624
10650 38204
16842 18018
18652 29734
38426 9774
6633 7180
10043 1877
39139 36724
20543 30184
19707 6333
8509 12032
28605 20643
5842 27224
17919 37015
23750 17858
5071 2533
4481 15720
736 17674
30089 19388
7408 24866
29161 10392
32045 35555
12268 27535
32278 29162
17719 8336
31846 26227
20368 20450
3221 26209
4026 21140
19575 27775
38997 20997
26660 39829
33068 27395
13855 23157
6782 21262
8022 32294
28005 36419
27848 36624
23953 16478
25786 38023
24813 17631
20602 5180
34433 23822
27740 38458
4961 3667
22584 309
24663 9243
36490 17731
36638 10344
887 39771
27957 5260
32065 12313
1678 19912
8936 25631
36389 31073
20005 21202
5056 606
22733 39488
24428 6825
37945 25740
10491 16880
26049 35153
22475 18890
12883 19112
25585 10121
15234 13541
15381 7298
25853 13410
23562 31140
35392 19950
22213 15397
37503 27268
16002 20236
26755 36781
23412 21051
22521 33902
34282 4921
29054 16756
23810 38289
32219 9394
4761 7453
19286 16493
14750 1490
26255 34663
32629 21646
14613 14841
37042 8467
2108 9396
25054 25214
6176 8465
2616 25048
2366 36898
26320 27772
13653 10129
22412 5872
15874 27172
13324 31511
17 24425
33000 26271
19088 21981
7916 30052
36821 1310
38518 35281
7057 19924
16846 9584
28388 19462
34632 30754
16359 20951
14877 30011
27432 37288
32234 39657
20811 1909
27520 20827
26334 16871
3449 1773
38851 7717
31824 32024
9026 26693
23656 16082
6616 501
25665 31356
16314 16648
18461 29024
33951 33337
15387 17734
26976 7620
17390 7786
9529 4909
24965 32214
18132 24765
33986 16982
32481 22161
9005 1506
5205 29012
13939 11821
29513 35956
39528 2178
12603 17988
31202 6553
11324 6588
24286 38299
14207 38028
2436 20087
39288 23752
12300 17419
8517 2637
30753 997
24797 36109
38855 30002
25121 12793
38174 10985
5100 37701
13162 17703
12040 4363
20607 23363
10950 1245
18013 21509
35624 20448
1595 31263
4200 13895
5034 9068
16531 35786
10064 37680
31894 5270
24033 17014
14415 18558
27998 19514
12610 37512
33568 24649
1874 14175
8011 9176
11771 22375
30684 3746
2822 28630
35008 3373
38876 41
12440 15407
32178 18856
9438 24072
24125 33470
37437 38539
8379 21787
14405 20988
19298 7972
5636 17523
18498 9998
26698 30268
32372 13733
30365 31545
2363 21725
31270 37590
21765 3709
12996 13943
18916 18785
34366 39393
8606 31802
34283 16984
13588 8687
37971 29237
16659 39958
6760 35156
9955 29809
21776 38678
39894 12140
30223 2256
30216 21492
36197 11981
21552 9193
22275 36820
24329 16640
36212 32935
4793 26846
9918 18381
35533 4241
3969 12191
4198 10728
3698 10505
537 25473
5534 430
33965 32108
39037 24180
13599 35233
32512 31503
777 11138
24674 25106
27777 17237
14392 28922
4082 24309
3654 39614
28549 7622
8156 32747
18350 8206
39603 15238
30030 5136
12019 23994
37244 7407
4526 7194
38991 33389
35048 39768
4527 19721
21225 28655
36957 35616
13928 37391
16276 17581
33356 4825
25203 1512
33923 3552
9717 29877
15141 39746
35012 27159
20092 28607
30917 20969
35801 29907
10709 27200
26026 11587
6921 7250
36594 229
39217 10521
33971 11845
28102 27327
16669 13304
25190 6943
13207 31258
33171 24699
27355 28182
8209 7446
13141 39125
24766 8941
29031 31827
36140 15057
3413 39412
18658 6
35993 14227
6879 29963
26071 34980
13641 39091
4635 38830
6033 17841
30087 39203
2539 17442
23736 7099
21239 36876
6223 2357
2168 35253
34183 34660
6661 33947
34071 21671
33953 26415
35897 831
12730 21967
32162 26370
21057 36796
25200 23441
10988 11638
18995 9878
29079 2730
16976 6670
35958 23198
9026 38125
14802 3208
32784 21463
33506 23207
3133 23810
5973 35381
20992 18702
17347 13153
5072 34755
9948 26623
18195 20935
38260 37189
30812 27339
36270 4139
30360 32227
27336 39385
26704 2138
38944 19487
19952 32449
39045 19436
16259 5018
14816 37250
23719 32162
6755 25142
26916 13054
11764 1462
33989 10024
38650 21152
33714 34919
25291 24073
23498 8978
19809 10201
11115 18752
26039 27418
7552 25084
6853 20162
26453 21668
17412 10171
10181 20518
31665 33448
33571 3428
34909 23911
9803 29910
5063 39868
21181 26705
23940 4678
32034 100
11230 39501
18851 37268
26918 22755
18703 30123
2916 5155
8142 16679
11678 18323
37196 3342
8122 30767
3121 39383
14677 12924
25644 16091
12791 6824
39147 33083
7853 31181
33182 19082
30681 8385
12702 17598
31139 31404
4072 34054
32911 12214
10733 4588
26888 7928
7929 31361
38694 11049
30743 9723
20324 16387
25813 33115
19562 24960
22549 27415
16140 15730
2848 3172
24114 15549
17121 15252
3305 21193
5658 36215
33406 16390
802 20293
20669 5082
11653 15715
12482 38748
25437 32806
11486 7601
22272 31047
32560 4820
18461 5051
20549 17661
8222 1015
33209 25343
12618 36513
2887 18275
29079 36292
31016 29880
12936 8037
31313 20940
23751 3795
16039 5539
36600 27524
13139 15223
18571 2051
20042 33383
3453 36942
11043 8027
34308 4252
29721 6926
37116 32607
25200 26195
28898 12568
12426 38185
20604 3739
15476 4354
7533 31515
6244 484
19038 15734
15706 37608
14136 32099
30991 17589
25392 2033
25615 19700
2636 11687
26625 36104
4293 8176
22298 29542
20743 31075
27726 37698
34813 3201
38403 2345
34715 4646
39180 10105
16732 11237
7712 30867
3335 35054
8455 28727
33439 30421
4778 32426
2107 31402
28529 2751
35929 7178
32292 13024
38253 16369
10721 33065
19570 9124
31762 10636
10121 30941
17092 26852
2178 21156
17719 1864
16209 22525
26942 5999
9298 31719
38425 7756
19472 26953
10507 15401
34131 39150
28424 32383
15519 35496
21799 31440
971 13560
38427 11092
853 15519
34295 39382
36674 8365
1245 9234
30890 28187
15233 36539
16257 10009
4294 35729
33313 11152
7481 27443
10302 32256
16177 25820
27751 34328
13611 28722
7887 12037
36165 8739
27555 26811
8120 20580
35176 5717
26166 22417
30255 1398
18955 6511
7758 19600
38591 1070
30752 6071
24865 1053
38326 37393
23224 22429
31720 36834
7502 39607
5222 18
4697 29129
26828 9169
9708 18355
14885 35873
771 1491
33622 16077
8001 1379
32029 6592
38801 22780
9014 23665
20184 3692
17409 39759
26120 9129
32944 33621
5087 38165
29990 9783
27293 16817
15303 37001
35172 26539
29225 32294
28029 19199
4723 36030
20577 36751
38973 15729
15882 4338
35745 36065
8029 13154
32175 30500
22282 25118
20472 27368
23282 10461
33502 10575
27278 5157
3927 18801
31695 29503
7446 19724
8701 8520
15753 25630
5270 11077
1358 17503
15414 37103
13567 19795
10256 2093
10294 28889
27210 30766
12608 10492
37578 2461
17418 24855
7617 21344
7 39312
10846 3805
19035 15899
12324 31139
1528 17594
38567 2885
31448 10332
36339 5015
30126 2946
3459 36772
31834 30669
23889 793
1160 21466
3254 18577
2673 7222
36272 39031
6533 3469
2835 21919
19367 15159
9409 20894
29104 7975
20131 20551
18307 16469
21917 4784
19415 25376
1555 7600
16044 25443
8393 13555
3261 7998
28483 5933
15219 21106
4963 18104
24574 7798
22 293
19308 9431
17538 8411
