500 10
427 859745
1855 310511
9897 221308
6938 9001
9374 468885
5158 213034
6143 546011
982 409796
50 639396
2819 830549
747 461413
5059 686670
4574 481135
6374 847075
176 619040
1226 951142
5829 871270
1952 750750
2702 819722
2032 582977
4077 863479
4687 829522
2655 356571
9047 335881
6172 679536
1276 33797
3013 282206
344 370319
7412 760731
7250 151094
723 122484
8942 988266
2641 589886
1937 178498
4026 489937
8277 522573
5393 519713
9188 49300
3685 262449
8388 488308
4467 904859
862 877500
8006 862665
5049 653791
1364 473474
1787 999879
5426 203513
5987 791591
998 330448
1734 634186
2060 284996
2581 369616
2706 829577
5190 294143
4766 465826
3481 670553
6095 819820
5374 613637
2221 91298
7761 556241
6435 849216
9860 345824
9901 151930
1013 750522
4938 922977
2305 495445
4419 699991
1786 882301
7206 239131
9609 630937
4186 253549
111 923799
7686 828835
1325 20072
2296 923544
9533 717134
9402 150204
4031 409430
6003 491481
5439 134529
8934 292164
9637 155171
206 864825
6030 307460
2260 587678
3105 434964
2729 129664
2130 500511
5104 753847
4703 315558
7079 418411
8934 603694
158 758600
5055 211992
497 451829
4042 641466
9327 291389
5333 440749
4220 736221
5502 701501
389 711497
2991 655967
200 257651
6509 153689
8722 74007
6647 679455
9065 126639
7112 883716
9944 781041
953 305094
5433 738854
4483 956990
3005 732322
3365 473807
5629 559093
4421 766738
9789 799338
2136 987670
1782 762270
91 445563
2725 114279
2343 186287
300 775339
4541 627150
2158 395376
1438 82925
5111 15585
2357 689532
535 962283
6823 938058
3871 875995
7164 768036
2389 517472
4638 646408
3492 203144
183 36574
4847 347519
7780 393703
1056 438303
6081 342483
4422 250521
6369 818206
924 63975
6874 562393
4835 433620
5743 386916
6256 808334
1184 355615
1444 133848
1955 393854
7456 467887
3004 849364
6744 815649
6495 259847
2964 902292
495 836917
1721 160094
6342 560820
5558 277586
8062 867971
7081 347643
6623 218592
2177 50488
5899 89022
9136 873490
4124 693012
2281 417891
9813 477064
9894 790133
4636 553565
2150 373897
7202 187793
6140 202752
1135 508922
8901 136154
4139 154293
2608 733618
1946 150482
1777 383643
3912 209809
3553 664807
9275 647898
6189 747410
2589 714450
1504 4911
478 383556
678 819380
4100 437322
1704 141345
8609 89478
8407 305778
7644 475491
1279 126670
5235 945431
781 309301
3298 463466
7357 397329
1459 905512
1229 610416
159 42515
413 895142
3944 38888
7986 572643
7089 758650
5811 981140
2076 909981
7771 541852
3885 988421
4460 222800
5038 279149
245 226728
2661 298867
9852 731976
8471 444650
3638 244588
1109 781066
1300 329991
4428 872335
2954 269489
2356 83099
7907 283339
277 405933
1137 277377
7065 850066
8160 275680
2749 764758
4153 310753
7882 204571
9493 629037
9227 389242
9752 58887
8220 686848
2285 388199
7551 570985
877 278943
359 511249
4321 426026
7519 207379
2392 279531
8729 935215
624 558424
7668 591751
5318 141200
4414 727523
5949 487656
960 527709
4674 127590
1374 690213
8062 257506
4674 859844
3833 650868
6423 0
771 758148
5965 636794
445 890031
1131 320360
2083 545807
2676 3585
6829 364907
2331 611840
9854 209563
7674 22967
947 922046
5381 741214
4110 218206
5193 718523
4894 24631
252 725403
4431 775863
8993 198299
1297 912830
2903 139832
9586 600976
3139 856525
7948 568000
317 195649
7629 400808
9661 389183
6154 40953
2270 401566
8133 339381
1591 259246
8491 545196
9924 407852
8142 38390
5182 116552
5011 89133
5195 705906
8434 139360
5345 8678
1714 759134
9021 642755
161 225597
4090 21416
9894 805857
5267 303943
3817 86911
8959 502230
782 321082
2472 790112
3542 622395
5065 112599
544 605675
5647 872218
8091 260599
4339 826699
7455 97153
1208 91093
2546 62026
3462 482299
8613 117948
7694 487317
7185 340691
1747 625888
6631 86750
644 424117
9742 113081
4482 977769
2730 980980
688 973441
5316 515572
6203 675010
4544 874406
1720 13922
2310 213789
1730 972606
5352 104083
347 769460
4820 789295
8824 139679
8277 193726
2419 920576
9228 116150
3039 694407
9869 305539
2281 677838
1140 313777
2044 290924
3221 105965
4856 60316
5765 214507
2755 921679
1804 308998
3158 938705
1914 360754
2991 787761
1862 997429
3295 481454
5465 356210
4688 316139
5178 348970
4052 924742
161 111967
1354 947064
1118 713703
2195 445112
4533 575998
5355 773839
8065 410039
872 213501
4329 53053
1580 767515
8250 759892
4116 748659
8171 753742
8955 466144
2688 951530
1436 901033
3059 114338
2151 444273
233 708146
3189 466749
9758 766899
1133 2070
7463 340628
9181 883205
40 902689
2130 487829
2319 573563
9517 22321
9849 616647
4289 65115
5916 88534
7805 254426
8657 874764
3719 627953
2837 639781
840 830523
8007 849593
1228 198820
7995 39165
401 498944
5038 421747
212 695879
7173 251667
4052 513293
2762 320443
4822 150676
2703 324961
3986 653530
3666 195872
2907 186221
9073 474724
599 668219
1638 568547
4763 926190
1005 788709
2365 694462
4771 320524
4484 934896
7275 106403
646 536888
2068 669884
4348 368667
2184 311541
7780 480853
4749 619089
6872 636704
3932 96982
509 136702
5778 632324
8813 665977
8779 676287
8573 851710
8973 500600
1750 897685
1584 217361
8411 651483
4496 643832
6919 758811
6229 839650
7953 375594
1032 356113
449 322080
7622 64618
101 791935
5923 810355
245 713371
7062 755973
9852 587729
5875 490862
7102 273221
530 570165
2177 20714
8708 437329
6361 953903
8741 10854
353 969225
8939 633973
6744 358319
4236 763215
2683 317499
3840 328936
4614 877280
8812 529026
37 374027
877 808561
1117 44255
8080 439468
2001 502082
9511 210699
262 291073
5400 399354
3601 735362
2556 871051
7728 160020
4895 234831
5480 270501
1775 737416
2916 646720
2251 965865
9331 362352
4145 963442
8311 604628
4251 917135
6535 859726
992 725930
6097 925980
1260 470101
2444 958483
4452 921999
7148 694988
3644 511456
4073 955868
7287 10903
1104 589018
164 527914
5521 41642
2054 356895
6654 704361
4400 200101
398 389082
6886 645501
1372 168654
4960 615219
4508 38424
1128 343411
1120 929037
4436 12739
3608 560723
