46 152
41 50
82 40
30 69
5 50
46 62
39 24
66 13
39 23
34 100
70 51
21 49
90 2
90 62
88 40
9 49
22 75
83 18
9 33
20 68
54 78
81 10
6 76
87 72
64 20
50 46
95 85
33 80
70 98
77 13
59 83
93 16
13 6
19 75
6 70
66 92
58 30
60 29
13 54
48 68
59 58
19 38
93 90
73 63
61 48
61 63
98 75
28 2
55 57
0 64
53 100
40 39
74 95
72 43
67 69
53 76
25 66
44 46
66 25
32 74
84 21
88 47
55 52
70 30
99 27
14 85
9 27
77 66
72 19
54 21
32 67
89 41
34 6
44 44
35 67
18 94
15 32
40 35
44 40
27 82
75 22
72 74
24 15
8 61
58 64
7 40
67 17
100 33
83 5
100 53
5 75
63 40
78 58
19 55
35 12
9 6
13 53
14 3
58 25
51 35
20 81
36 65
86 39
99 19
67 11
24 8
61 100
62 26
41 75
50 39
81 65
93 67
77 53
53 16
43 78
97 47
98 14
13 63
42 35
100 67
81 81
61 47
77 2
36 38
61 26
2 96
64 25
13 94
24 27
18 75
61 35
42 38
74 27
71 35
40 65
67 71
47 84
3 26
65 6
22 45
30 9
48 10
70 84
87 77
4 20
55 41
47 22
37 12
0 55
16 80
73 36
2 97
67 38
46 63
41 67
77 29
69 93
38 63
87 45
52 82
64 13
21 81
18 54
60 21
37 82
70 72
79 21
48 65
95 69
49 3
13 74
22 44
23 50
7 79
26 10
37 82
90 44
31 92
30 99
16 91
28 43
34 80
28 2
19 45
40 90
41 10
3 74
4 96
5 33
97 0
73 82
58 24
72 56
8 55
53 68
64 58
92 50
81 95
38 35
