450 1
38 85
86 80
35 91
45 70
10 87
42 50
88 75
11 71
75 51
66 24
35 59
32 33
11 12
59 64
62 91
40 77
64 66
90 96
14 21
64 83
60 58
67 56
70 8
99 42
80 24
6 83
5 2
75 77
80 12
34 89
86 59
25 2
1 27
36 77
9 42
45 90
37 83
60 69
6 97
73 17
17 54
15 70
57 14
47 46
52 65
35 80
79 27
21 45
47 48
92 31
15 84
33 51
57 64
77 15
100 3
66 43
61 79
100 15
94 34
39 62
72 11
59 71
28 15
33 19
14 26
77 41
83 52
23 48
27 23
25 31
80 53
70 14
77 38
67 7
0 73
14 90
100 70
98 18
27 72
55 38
88 3
60 83
75 79
9 79
3 75
61 37
76 24
93 30
89 8
25 24
17 75
66 46
86 26
52 82
57 93
26 83
1 4
73 74
53 95
53 89
81 27
14 40
95 88
30 79
69 58
16 90
28 3
99 39
70 45
68 51
85 59
26 97
44 11
57 46
80 23
84 17
99 9
38 68
44 57
73 35
53 31
72 67
83 53
43 32
1 9
99 76
88 11
88 100
89 60
29 40
54 12
15 72
79 28
81 13
64 70
33 3
88 57
94 57
43 84
86 30
89 88
91 41
11 37
38 39
42 54
76 31
68 77
95 31
85 35
90 22
92 91
94 64
88 81
58 43
50 84
28 91
72 21
95 51
35 88
65 51
29 18
70 73
86 73
73 69
7 36
31 88
54 45
90 59
38 22
46 45
20 54
69 65
19 36
7 47
82 23
0 62
95 66
17 70
55 98
2 3
75 15
44 86
74 71
10 1
1 59
1 1
64 19
16 58
54 85
25 49
37 78
43 0
32 90
20 77
37 14
55 73
87 86
7 21
16 96
23 99
65 33
10 86
33 66
19 17
94 11
39 22
7 54
97 46
38 90
73 16
64 97
70 36
79 68
49 15
44 49
29 17
3 88
5 34
86 0
27 43
33 39
41 65
90 37
29 94
92 15
80 31
20 7
27 98
0 91
61 99
12 86
41 58
76 19
98 11
84 38
73 29
36 82
63 24
73 39
71 54
57 32
97 52
50 92
39 55
34 16
54 46
79 42
84 67
35 65
31 90
13 12
80 26
57 91
38 41
67 69
24 65
13 25
1 95
92 3
76 80
22 95
31 30
43 18
20 62
76 9
65 61
27 11
100 23
94 8
88 11
53 17
3 40
9 12
87 85
31 55
9 11
33 40
86 94
10 80
9 95
96 15
78 70
17 37
67 67
56 68
33 80
56 81
2 37
41 92
74 3
88 89
85 87
44 29
27 59
78 89
78 26
90 87
99 75
5 97
88 96
66 0
34 52
51 2
85 50
59 15
63 58
17 74
17 87
51 32
28 54
51 59
27 37
68 44
61 33
65 6
41 4
78 77
47 39
83 37
95 27
91 81
95 81
47 35
11 15
5 62
2 63
80 35
57 58
94 42
88 7
68 33
19 28
28 70
14 21
21 46
100 20
2 50
45 49
34 99
10 96
74 51
0 9
22 100
20 26
52 92
91 2
49 53
85 61
11 47
77 39
37 12
58 48
72 2
48 35
43 61
66 98
21 53
34 56
36 97
99 66
42 27
6 24
5 38
51 87
68 81
8 9
100 83
2 91
97 97
30 74
56 96
31 87
25 70
30 33
86 95
7 94
91 84
49 63
14 68
95 45
17 92
79 66
6 40
61 10
19 71
88 65
6 73
90 0
8 5
0 94
87 60
22 54
98 6
91 5
78 63
88 22
1 8
42 24
30 88
95 98
86 63
73 91
33 5
93 48
99 36
42 89
66 66
29 72
97 86
69 68
91 49
56 57
58 59
43 74
100 74
60 31
21 53
13 64
62 27
36 34
15 20
61 74
50 18
5 33
54 11
14 53
38 43
63 82
14 85
64 91
95 28
4 83
34 36
59 1
15 90
54 11
81 19
24 35
82 13
19 97
80 59
11 40
14 60
21 87
18 82
75 85
76 33
75 29
47 19
45 19
46 83
