1000 1000
947 344
732 429
696 21
988 108
722 44
23 528
36 604
18 338
315 495
888 798
421 497
574 818
451 671
721 748
140 845
561 314
508 635
40 913
148 183
406 618
696 424
686 631
596 104
767 567
437 958
58 941
840 407
61 442
38 943
497 119
102 809
48 360
960 996
186 673
237 595
971 604
242 458
231 787
281 779
17 26
925 617
752 541
743 637
100 956
501 321
160 419
814 700
214 253
747 199
969 889
952 570
861 431
472 964
785 103
505 142
318 0
21 510
341 999
358 81
735 456
592 806
727 318
746 663
321 545
670 766
160 370
713 315
129 753
178 606
966 524
892 462
181 151
122 392
606 758
541 514
952 13
823 750
920 769
48 113
448 878
38 970
935 455
322 964
407 950
556 977
878 784
774 860
353 7
54 874
279 339
833 755
517 231
312 57
280 92
179 968
885 605
78 102
536 163
142 871
862 800
169 905
341 622
951 664
325 711
609 801
851 610
778 79
48 51
879 630
528 315
777 118
769 656
594 975
206 592
540 152
395 418
175 37
378 249
683 12
106 10
325 892
605 309
486 891
347 807
382 63
171 757
787 162
984 658
868 682
352 565
571 475
103 435
790 657
948 52
948 708
235 502
522 620
930 825
447 629
978 530
324 594
368 865
841 378
291 300
823 609
976 538
924 96
976 423
7 750
933 563
936 313
51 124
577 348
856 213
591 940
94 507
689 293
35 303
880 956
735 955
429 692
337 740
100 152
852 583
575 335
375 664
805 511
207 900
466 709
858 477
606 87
525 83
37 515
211 291
29 471
270 545
358 923
888 578
864 202
627 672
208 27
962 53
682 705
436 931
536 245
903 89
498 621
94 722
857 593
662 186
729 616
664 661
896 110
437 284
920 13
703 182
60 866
756 958
913 867
572 639
547 287
749 768
408 290
206 306
149 786
746 322
103 171
630 932
92 892
575 818
856 608
694 776
445 377
186 92
559 648
811 263
945 89
489 497
671 206
674 694
280 474
523 99
593 243
227 640
175 988
349 9
335 545
380 962
805 905
282 874
156 724
231 598
400 216
352 808
132 264
797 529
74 604
112 316
828 730
496 590
203 710
182 967
528 465
912 29
930 175
159 881
712 400
560 989
590 171
753 296
713 800
689 292
155 389
306 760
754 57
352 229
978 727
51 721
806 882
263 228
427 123
750 569
955 467
186 576
225 283
583 401
217 510
862 607
544 250
429 42
6 154
728 15
192 63
905 122
675 216
940 197
444 958
798 228
835 297
433 787
338 842
766 427
403 617
49 798
506 16
447 688
543 677
964 30
850 367
338 1000
970 93
926 646
635 488
82 199
281 202
69 77
813 479
49 820
289 281
291 695
639 370
330 468
511 492
449 855
911 413
515 549
287 879
894 286
380 692
914 333
194 33
79 931
164 802
59 690
723 269
257 687
222 542
659 990
379 399
516 682
205 864
344 988
678 466
659 12
257 540
862 703
705 34
676 93
578 280
590 589
194 867
830 30
814 257
490 533
311 110
579 686
590 277
896 456
584 324
878 333
761 64
746 565
667 945
573 72
184 378
157 532
893 43
931 404
88 935
463 137
793 481
526 642
354 367
81 163
25 781
7 49
273 680
866 576
415 350
495 878
594 935
797 272
30 871
604 716
938 131
160 937
508 981
362 796
879 512
571 787
43 565
510 186
281 759
490 246
764 287
950 17
683 804
109 825
397 184
341 154
812 236
721 750
462 424
100 976
539 510
969 125
383 596
302 175
848 446
592 660
256 97
240 738
620 735
557 243
179 498
662 500
316 421
698 915
362 953
904 968
868 593
236 994
436 26
462 283
332 737
832 431
668 524
736 515
150 505
17 644
20 173
942 676
57 835
167 375
241 253
472 128
959 682
363 374
426 528
185 292
358 796
795 920
757 70
383 805
131 305
576 477
336 830
495 557
733 48
95 21
331 44
694 257
125 896
292 819
852 837
985 433
34 525
475 691
264 599
479 28
310 374
574 54
877 13
899 24
479 752
940 272
194 797
528 713
807 313
90 93
169 536
147 563
427 389
13 226
163 186
682 823
357 882
910 323
541 108
575 270
468 703
516 915
93 717
148 779
727 979
374 81
735 102
440 599
274 487
678 891
166 223
281 527
149 60
585 890
441 507
622 355
749 920
107 191
624 970
339 286
299 160
978 931
993 196
57 196
957 869
104 136
468 769
714 929
303 593
500 292
211 18
887 12
342 129
822 132
584 159
131 480
287 862
882 454
914 194
834 680
724 112
778 974
754 154
328 258
955 243
507 531
579 539
300 703
588 464
207 152
104 54
697 135
707 578
383 778
680 990
691 225
155 139
771 675
444 831
406 429
791 741
703 836
170 965
453 926
739 406
106 876
23 568
491 929
989 309
515 242
632 24
345 289
885 293
728 742
199 478
422 535
336 917
980 694
581 357
426 765
802 986
773 233
512 982
640 53
383 811
728 553
445 582
263 289
570 653
98 115
672 351
567 589
482 83
820 124
683 359
871 704
640 226
225 791
953 427
589 91
617 111
802 173
580 328
862 538
111 610
626 637
502 890
511 517
267 673
349 203
193 856
333 678
307 842
864 343
58 611
987 126
802 265
27 983
964 101
965 417
121 686
80 762
576 562
419 404
914 114
629 835
483 897
841 376
655 180
326 748
259 794
833 116
590 365
627 169
929 949
505 815
644 607
245 520
518 976
221 987
108 977
208 780
645 853
724 805
165 424
601 10
318 14
867 510
582 799
423 383
404 423
483 803
127 623
153 730
451 224
127 391
531 345
918 927
806 840
700 84
54 35
385 626
213 574
208 113
988 757
770 133
354 115
165 569
641 78
570 457
991 494
391 134
643 456
922 818
686 374
201 513
612 447
695 160
261 757
251 212
525 995
715 439
462 450
543 595
345 237
728 729
499 914
332 361
714 585
12 424
419 297
952 867
799 18
730 91
495 810
806 936
587 839
431 729
75 724
33 90
210 348
318 495
584 656
597 340
106 176
160 168
611 935
800 956
89 222
978 895
287 173
487 877
640 446
887 989
389 394
435 671
991 972
718 841
854 296
681 206
811 226
310 200
655 510
796 435
570 97
579 379
228 954
358 960
889 315
766 162
885 622
130 291
438 548
482 447
913 407
689 955
219 922
431 920
296 817
519 854
280 942
934 277
251 657
824 560
178 39
644 800
21 57
542 422
778 220
73 304
617 417
357 680
169 519
811 754
442 125
662 965
807 259
567 77
10 157
767 869
154 323
412 961
174 885
838 486
423 905
853 672
572 709
318 76
216 481
608 179
229 355
854 277
133 960
232 113
502 935
948 516
666 232
945 357
819 110
879 534
949 612
310 294
888 975
616 174
170 860
647 996
333 485
741 866
729 798
279 903
946 546
636 434
430 712
26 760
973 102
431 176
307 16
555 856
173 819
473 338
879 927
466 853
538 218
321 424
899 76
257 730
907 353
513 978
931 336
524 640
886 379
615 766
301 285
44 702
794 607
309 507
255 64
617 23
542 901
515 571
374 587
783 487
674 504
803 293
584 324
811 77
975 655
611 826
304 137
577 793
368 574
6 688
565 894
209 428
26 684
1000 406
159 813
641 759
885 156
672 935
138 795
435 902
11 123
614 734
225 176
520 920
523 170
424 699
957 659
713 910
968 941
287 315
626 369
155 157
402 956
867 733
336 278
47 99
568 1000
33 649
734 454
302 165
889 670
168 164
243 863
2 757
200 929
53 26
860 700
792 915
440 766
607 917
820 472
572 457
697 314
957 695
729 297
143 619
355 20
607 756
936 151
656 479
232 708
717 915
248 29
20 714
939 643
726 473
287 251
629 463
875 948
842 387
53 374
41 331
570 944
136 686
523 444
504 831
304 302
267 561
337 553
428 781
191 66
62 776
904 927
206 457
186 923
479 320
473 18
9 534
692 294
699 452
6 320
425 88
708 119
347 552
914 885
74 215
720 413
102 444
954 756
586 29
770 947
194 90
886 800
561 95
388 654
549 827
682 653
397 570
346 612
578 542
358 756
107 586
402 686
873 467
750 697
514 673
498 196
300 484
802 346
441 240
89 191
268 106
171 492
789 413
550 193
140 554
235 959
620 759
846 493
77 570
794 423
624 676
924 363
804 902
53 414
617 500
488 761
35 600
704 197
918 599
136 403
603 537
142 544
761 990
15 274
497 829
177 580
111 278
459 940
355 42
774 209
511 938
289 256
137 371
651 824
837 224
728 324
2 174
799 265
96 260
109 777
622 547
244 289
653 68
825 762
458 835
610 961
487 600
213 212
745 237
305 753
390 29
312 243
172 933
398 281
221 861
682 786
550 364
496 914
584 631
732 799
923 614
194 738
582 233
247 658
918 5
915 582
509 170
57 569
322 375
194 92
614 235
25 100
126 631
749 65
316 447
819 190
563 556
868 525
497 246
143 219
882 973
966 250
757 242
374 997
865 712
354 746
756 58
791 761
332 23
541 862
15 48
847 540
160 358
644 543
829 920
170 471
539 663
714 428
131 559
229 924
497 608
45 277
481 583
867 528
933 412
790 433
523 408
132 455
662 168
433 816
558 868
117 541
235 823
966 150
108 669
711 113
530 238
788 408
597 216
503 609
361 983
699 686
525 597
237 333
636 765
512 1000
780 755
541 959
781 667
111 698
943 138
842 609
466 594
41 493
737 365
691 634
867 600
919 311
981 681
910 407
976 990
237 446
694 251
270 763
710 366
408 731
215 570
640 904
828 37
58 714
474 519
783 887
903 429
946 38
792 869
266 31
855 427
26 529
839 250
153 852
804 797
513 679
629 880
434 349
240 108
972 528
683 588
375 778
769 803
789 148
726 915
239 222
930 334
566 213
574 324
63 583
856 528
260 365
60 821
428 825
757 578
140 363
144 489
427 579
503 339
870 232
590 763
258 451
796 826
287 878
822 443
143 632
684 68
700 898
853 756
514 652
437 757
750 567
414 983
644 392
23 310
185 199
654 453
190 681
688 296
88 384
43 934
314 88
402 357
375 802
368 688
332 759
182 49
649 597
925 763
97 385
519 260
711 533
321 266
532 658
438 111
297 400
486 687
18 813
937 512
858 399
783 525
591 94
808 761
451 472
351 789
105 260
93 873
58 805
52 124
842 450
679 529
896 971
656 629
228 36
790 814
529 449
137 614
625 295
375 149
877 469
220 876
353 993
651 91
386 429
540 239
432 241
296 886
989 339
63 424
691 218
57 957
612 25
632 509
208 600
771 737
344 66
771 531
275 799
47 485
552 676
130 13
310 366
134 25
524 16
203 444
432 141
697 541
452 654
174 999
625 12
534 860
822 138
60 41
678 367
472 869
524 925
494 190
359 602
950 981
261 107
790 974
508 269
44 813
53 698
180 378
974 720
940 479
916 410
334 808
615 337
94 167
35 176
551 250
786 712
614 902
993 876
246 678
1 348
577 657
856 987
618 978
735 756
323 231
220 142
627 935
515 24
959 540
494 811
646 62
801 230
573 241
10 569
435 308
281 259
935 847
774 702
310 931
587 917
662 738
909 87
626 65
559 401
116 743
137 597
964 785
562 505
542 178
831 492
648 673
495 119
184 528
470 515
478 205
464 925
402 161
580 679
784 469
300 320
25 752
440 952
209 11
362 987
469 306
157 321
839 839
324 639
335 970
895 965
541 873
877 845
541 5
350 484
676 381
548 995
191 625
774 446
530 174
66 771
733 558
108 684
106 601
984 716
108 553
66 94
162 636
468 749
954 179
204 893
613 584
487 725
55 626
309 567
684 189
802 384
600 391
681 975
436 191
475 296
952 15
102 335
551 602
832 631
974 293
583 70
498 248
58 876
136 591
179 724
464 360
893 830
927 212
472 426
680 241
83 472
305 946
500 641
6 306
573 572
220 224
232 151
941 19
582 107
426 546
884 509
376 524
55 871
116 65
651 433
793 995
133 838
121 522
674 871
719 988
624 155
680 914
296 683
616 352
636 846
28 573
944 205
556 453
830 576
319 556
173 124
322 765
987 87
628 512
731 421
813 113
809 132
33 429
664 327
873 101
176 17
49 933
813 546
943 502
273 107
892 37
256 180
136 654
292 872
345 511
511 112
649 152
652 334
234 263
560 803
599 355
924 23
741 429
34 724
705 510
896 761
93 36
97 906
416 510
491 899
356 437
861 323
371 600
445 843
341 899
393 82
324 524
976 967
895 30
645 647
911 947
851 253
50 937
841 554
886 140
564 286
817 273
171 371
704 252
561 400
594 604
851 841
589 677
696 129
476 733
836 450
453 317
369 269
951 909
800 893
299 771
33 165
731 60
161 147
999 731
15 76
745 495
241 146
549 127
831 706
526 685
857 254
218 804
454 243
503 90
927 31
180 764
216 531
957 144
903 3
535 258
281 183
635 840
89 414
837 272
890 770
292 549
175 174
514 173
817 406
640 17
532 488
800 573
722 349
482 664
109 883
65 681
352 441
27 614
984 598
674 679
771 512
630 126
885 575
739 920
60 71
472 306
254 512
418 961
204 903
939 294
666 701
616 741
56 392
682 305
668 634
228 419
634 712
637 217
359 586
306 668
128 176
492 582
279 655
766 457
362 398
365 244
413 988
531 608
620 66
686 972
385 145
228 659
32 467
548 749
159 854
816 822
982 72
28 659
810 594
781 72
194 819
228 497
176 763
773 646
477 897
35 542
479 380
819 494
282 169
878 133
196 557
481 464
547 564
951 973
785 198
594 259
494 25
686 302
48 674
469 442
340 882
461 379
229 412
676 36
93 736
809 895
131 660
795 505
899 201
621 262
853 859
766 125
606 107
106 923
926 381
713 78
507 6
509 79
954 587
363 755
442 82
836 530
38 423
457 80
700 816
100 497
586 47
768 894
420 990
834 622
286 186
606 661
429 900
870 531
349 214
945 56
701 854
657 632
308 164
549 205
892 315
605 59
955 151
722 616
633 281
205 913
222 923
560 86
521 756
957 218
87 521
846 125
10 400
314 257
807 263
952 670
631 720
202 175
44 534
382 133
237 379
818 47
725 84
845 74
226 495
736 781
661 841
962 13
907 3
586 540
281 424
20 189
475 455
777 597
25 863
374 289
282 823
40 763
214 210
383 437
331 181
806 813
474 65
16 972
199 359
630 565
20 182
509 803
828 891
222 529
374 676
678 390
868 892
790 271
322 522
802 605
525 687
723 926
192 338
178 39
93 297
871 485
759 663
741 527
622 128
905 812
343 208
361 920
401 464
537 505
925 802
728 402
219 607
587 47
333 1000
917 884
571 767
145 886
835 591
33 249
259 47
361 353
679 459
570 497
91 115
583 610
426 531
337 67
606 423
863 986
115 789
109 883
11 58
93 407
598 550
369 881
801 587
258 808
592 513
761 92
709 470
566 687
285 273
149 535
972 921
466 224
548 282
411 463
69 284
800 611
66 489
321 756
402 295
592 506
978 115
184 488
577 809
238 787
806 303
82 953
264 854
89 987
779 595
857 689
804 103
683 97
835 484
221 281
5 110
143 639
886 490
625 989
830 917
474 153
162 499
742 459
904 860
778 537
689 328
724 95
49 702
642 877
228 745
590 834
274 408
183 686
239 409
384 384
910 186
539 715
684 467
977 207
846 622
767 740
737 759
645 781
44 19
440 983
715 874
802 912
786 287
427 94
805 520
512 160
322 974
611 830
390 934
671 641
897 290
552 860
51 294
964 738
307 226
356 344
558 376
12 534
465 110
237 212
412 913
301 967
630 196
539 277
767 374
794 15
275 138
225 624
781 161
351 444
763 452
69 904
727 419
332 888
278 296
76 470
423 940
13 318
712 187
868 503
804 896
702 175
427 487
49 522
682 358
660 697
116 760
803 981
51 836
245 230
167 355
215 810
455 290
872 566
257 800
97 107
274 375
678 579
89 864
288 367
972 848
37 703
480 380
713 897
632 391
286 37
240 185
683 362
345 312
289 105
522 758
203 598
269 841
736 569
599 418
288 95
415 2
288 412
252 181
538 838
493 285
962 402
208 608
473 385
372 581
362 839
325 258
404 371
976 106
668 901
464 591
805 827
673 305
481 106
238 401
480 977
495 917
921 686
75 158
999 437
730 720
597 886
303 826
175 966
714 655
339 515
171 24
582 169
898 291
811 236
29 626
354 838
487 885
382 415
78 126
792 813
239 476
903 549
410 411
519 548
215 770
237 564
252 729
182 772
576 746
706 506
630 11
977 918
718 254
803 433
873 849
465 220
326 37
823 522
669 748
475 661
158 924
271 682
595 499
65 135
626 154
195 214
329 769
808 551
490 64
806 300
970 245
908 715
236 605
20 353
168 955
896 211
948 410
818 515
9 578
916 664
738 390
513 838
834 886
842 32
68 82
346 940
430 609
745 876
506 216
15 157
320 383
455 722
749 223
20 489
39 573
225 972
974 669
959 870
634 106
750 981
838 816
141 539
798 651
41 239
682 813
167 576
358 727
919 813
768 199
337 843
27 617
119 438
609 741
12 905
641 160
273 958
711 773
338 702
291 785
253 983
291 564
915 994
85 370
662 955
786 395
334 892
427 790
437 15
226 339
691 981
53 236
860 339
784 968
439 841
240 670
435 847
60 440
254 996
880 990
431 458
941 721
743 562
365 779
60 283
63 874
156 158
490 714
562 429
242 680
474 837
776 0
690 325
387 29
482 80
943 411
367 715
759 829
748 158
460 794
492 753
607 380
585 365
362 138
172 834
522 466
422 927
765 545
879 87
56 612
178 623
801 707
266 695
436 244
541 393
881 737
686 426
435 713
268 477
498 449
622 70
716 414
887 864
5 438
569 666
213 480
437 86
56 552
99 686
373 748
118 657
659 609
126 597
314 995
977 660
24 456
614 445
227 658
16 309
660 718
243 382
583 511
359 484
390 825
779 288
956 11
324 544
259 183
156 911
543 311
572 952
488 572
523 166
681 129
680 485
944 120
750 531
937 985
782 89
810 463
174 659
587 483
154 630
386 916
559 667
548 658
865 101
231 781
530 712
