995 987
0 500
163 500
0 500
666 500
0 500
993 500
0 500
482 500
0 500
925 500
0 500
319 500
0 500
345 500
0 500
223 500
0 500
831 500
0 500
401 500
0 500
789 500
0 500
340 500
0 500
772 500
0 500
214 500
0 500
128 500
0 500
217 500
0 500
601 500
0 500
115 500
0 500
947 500
0 500
931 500
0 500
163 500
0 500
797 500
0 500
392 500
0 500
512 500
0 500
835 500
0 500
482 500
0 500
705 500
0 500
117 500
0 500
186 500
0 500
221 500
0 500
258 500
0 500
102 500
0 500
842 500
0 500
502 500
0 500
287 500
0 500
652 500
0 500
477 500
0 500
276 500
0 500
964 500
0 500
103 500
0 500
122 500
0 500
475 500
0 500
293 500
0 500
831 500
0 500
734 500
0 500
514 500
0 500
344 500
0 500
189 500
0 500
701 500
0 500
506 500
0 500
793 500
0 500
244 500
0 500
438 500
0 500
160 500
0 500
639 500
0 500
747 500
0 500
329 500
0 500
529 500
0 500
329 500
0 500
452 500
0 500
955 500
0 500
152 500
0 500
926 500
0 500
343 500
0 500
435 500
0 500
367 500
0 500
184 500
0 500
856 500
0 500
497 500
0 500
121 500
0 500
116 500
0 500
358 500
0 500
273 500
0 500
837 500
0 500
159 500
0 500
619 500
0 500
970 500
0 500
226 500
0 500
243 500
0 500
546 500
0 500
699 500
0 500
399 500
0 500
691 500
0 500
154 500
0 500
522 500
0 500
399 500
0 500
477 500
0 500
516 500
0 500
264 500
0 500
491 500
0 500
689 500
0 500
903 500
0 500
277 500
0 500
155 500
0 500
807 500
0 500
338 500
0 500
310 500
0 500
990 500
0 500
965 500
0 500
964 500
0 500
425 500
0 500
984 500
0 500
879 500
0 500
435 500
0 500
405 500
0 500
312 500
0 500
405 500
0 500
127 500
0 500
197 500
0 500
527 500
0 500
799 500
0 500
702 500
0 500
359 500
0 500
933 500
0 500
589 500
0 500
652 500
0 500
733 500
0 500
806 500
0 500
625 500
0 500
360 500
0 500
504 500
0 500
182 500
0 500
165 500
0 500
685 500
0 500
650 500
0 500
344 500
0 500
414 500
0 500
749 500
0 500
724 500
0 500
853 500
0 500
535 500
0 500
384 500
0 500
844 500
0 500
116 500
0 500
682 500
0 500
417 500
0 500
279 500
0 500
339 500
0 500
106 500
0 500
127 500
0 500
689 500
0 500
812 500
0 500
223 500
0 500
438 500
0 500
244 500
0 500
466 500
0 500
916 500
0 500
510 500
0 500
826 500
0 500
185 500
0 500
569 500
0 500
795 500
0 500
280 500
0 500
796 500
0 500
830 500
0 500
145 500
0 500
546 500
0 500
839 500
0 500
991 500
0 500
794 500
0 500
984 500
0 500
926 500
0 500
984 500
0 500
540 500
0 500
909 500
0 500
773 500
0 500
987 500
0 500
991 500
0 500
395 500
0 500
200 500
0 500
303 500
0 500
109 500
0 500
256 500
0 500
873 500
0 500
897 500
0 500
269 500
0 500
862 500
0 500
107 500
0 500
929 500
0 500
541 500
0 500
911 500
0 500
332 500
0 500
933 500
0 500
370 500
0 500
881 500
0 500
929 500
0 500
436 500
0 500
823 500
0 500
677 500
0 500
242 500
0 500
528 500
0 500
294 500
0 500
277 500
0 500
179 500
0 500
519 500
0 500
819 500
0 500
960 500
0 500
274 500
0 500
542 500
0 500
500 500
0 500
973 500
0 500
129 500
0 500
377 500
0 500
922 500
0 500
194 500
0 500
150 500
0 500
766 500
0 500
680 500
0 500
686 500
0 500
913 500
0 500
438 500
0 500
336 500
0 500
351 500
0 500
274 500
0 500
222 500
0 500
699 500
0 500
923 500
0 500
475 500
0 500
382 500
0 500
782 500
0 500
129 500
0 500
168 500
0 500
347 500
0 500
604 500
0 500
987 500
0 500
776 500
0 500
473 500
0 500
597 500
0 500
399 500
0 500
338 500
0 500
114 500
0 500
757 500
0 500
711 500
0 500
592 500
0 500
504 500
0 500
890 500
0 500
414 500
0 500
367 500
0 500
719 500
0 500
245 500
0 500
257 500
0 500
866 500
0 500
398 500
0 500
180 500
0 500
928 500
0 500
199 500
0 500
342 500
0 500
470 500
0 500
390 500
0 500
689 500
0 500
853 500
0 500
510 500
0 500
385 500
0 500
569 500
0 500
665 500
0 500
814 500
0 500
981 500
0 500
431 500
0 500
394 500
0 500
136 500
0 500
752 500
0 500
993 500
0 500
696 500
0 500
947 500
0 500
707 500
0 500
448 500
0 500
281 500
0 500
712 500
0 500
638 500
0 500
727 500
0 500
935 500
0 500
717 500
0 500
654 500
0 500
625 500
0 500
584 500
0 500
931 500
0 500
795 500
0 500
649 500
0 500
193 500
0 500
931 500
0 500
849 500
0 500
437 500
0 500
235 500
0 500
504 500
0 500
104 500
0 500
222 500
0 500
431 500
0 500
926 500
0 500
965 500
0 500
751 500
0 500
998 500
0 500
359 500
0 500
401 500
0 500
563 500
0 500
585 500
0 500
293 500
0 500
971 500
0 500
276 500
0 500
732 500
0 500
921 500
0 500
481 500
0 500
997 500
0 500
609 500
0 500
186 500
0 500
845 500
0 500
947 500
0 500
639 500
0 500
989 500
0 500
789 500
0 500
592 500
0 500
735 500
0 500
344 500
0 500
946 500
0 500
315 500
0 500
607 500
0 500
421 500
0 500
493 500
0 500
597 500
0 500
535 500
0 500
310 500
0 500
821 500
0 500
948 500
0 500
605 500
0 500
599 500
0 500
790 500
0 500
824 500
0 500
342 500
0 500
508 500
0 500
301 500
0 500
984 500
0 500
683 500
0 500
933 500
0 500
200 500
0 500
758 500
0 500
153 500
0 500
428 500
0 500
209 500
0 500
795 500
0 500
892 500
0 500
228 500
0 500
632 500
0 500
673 500
0 500
836 500
0 500
824 500
0 500
672 500
0 500
240 500
0 500
408 500
0 500
715 500
0 500
540 500
0 500
495 500
0 500
504 500
0 500
424 500
0 500
224 500
0 500
326 500
0 500
353 500
0 500
624 500
0 500
709 500
0 500
245 500
0 500
320 500
0 500
810 500
0 500
440 500
0 500
392 500
0 500
119 500
0 500
563 500
0 500
319 500
0 500
238 500
0 500
469 500
0 500
514 500
0 500
833 500
0 500
606 500
0 500
255 500
0 500
109 500
0 500
296 500
0 500
835 500
0 500
988 500
0 500
543 500
0 500
901 500
0 500
424 500
0 500
374 500
0 500
435 500
0 500
132 500
0 500
370 500
0 500
355 500
0 500
122 500
0 500
818 500
0 500
545 500
0 500
175 500
0 500
636 500
0 500
250 500
0 500
492 500
0 500
675 500
0 500
819 500
0 500
101 500
0 500
388 500
0 500
607 500
0 500
418 500
0 500
135 500
0 500
911 500
0 500
201 500
0 500
999 500
0 500
586 500
0 500
849 500
0 500
199 500
0 500
867 500
0 500
253 500
0 500
415 500
0 500
501 500
0 500
115 500
0 500
913 500
0 500
313 500
0 500
254 500
0 500
211 500
0 500
243 500
0 500
112 500
0 500
438 500
0 500
630 500
0 500
986 500
0 500
461 500
0 500
864 500
0 500
142 500
0 500
944 500
0 500
117 500
0 500
239 500
0 500
533 500
0 500
477 500
0 500
361 500
0 500
102 500
0 500
262 500
0 500
489 500
0 500
480 500
0 500
859 500
0 500
692 500
0 500
372 500
0 500
343 500
0 500
398 500
0 500
271 500
0 500
593 500
0 500
720 500
0 500
772 500
0 500
655 500
0 500
182 500
0 500
912 500
0 500
704 500
0 500
507 500
0 500
197 500
0 500
223 500
0 500
148 500
0 500
397 500
0 500
279 500
0 500
635 500
0 500
505 500
0 500
210 500
0 500
263 500
0 500
617 500
0 500
584 500
0 500
968 500
0 500
616 500
0 500
303 500
0 500
125 500
0 500
766 500
0 500
922 500
0 500
228 500
0 500
918 500
0 500
389 500
0 500
345 500
0 500
664 500
0 500
449 500
0 500
264 500
0 500
817 500
0 500
170 500
0 500
230 500
0 500
711 500
0 500
846 500
0 500
577 500
0 500
449 500
0 500
551 500
0 500
107 500
0 500
950 500
0 500
909 500
0 500
524 500
0 500
932 500
0 500
426 500
0 500
583 500
0 500
983 500
0 500
308 500
0 500
569 500
0 500
848 500
0 500
983 500
0 500
679 500
0 500
999 500
0 500
116 500
0 500
519 500
0 500
199 500
0 500
446 500
0 500
493 500
0 500
996 500
0 500
413 500
0 500
935 500
0 500
941 500
0 500
974 500
0 500
923 500
0 500
991 500
0 500
972 500
0 500
908 500
0 500
994 500
0 500
942 500
0 500
936 500
0 500
960 500
0 500
932 500
0 500
923 500
0 500
982 500
0 500
995 500
0 500
905 500
0 500
916 500
0 500
907 500
0 500
976 500
0 500
995 500
0 500
926 500
0 500
938 500
0 500
907 500
0 500
941 500
0 500
930 500
0 500
951 500
0 500
991 500
0 500
912 500
0 500
904 500
0 500
932 500
0 500
945 500
0 500
945 500
0 500
999 500
0 500
953 500
0 500
943 500
0 500
932 500
0 500
986 500
0 500
928 500
0 500
929 500
0 500
994 500
0 500
985 500
0 500
943 500
0 500
958 500
0 500
905 500
0 500
984 500
0 500
987 500
0 500
999 500
0 500
905 500
0 500
991 500
0 500
964 500
0 500
934 500
0 500
991 500
0 500
918 500
0 500
960 500
0 500
960 500
0 500
937 500
0 500
938 500
0 500
943 500
0 500
995 500
0 500
961 500
0 500
901 500
0 500
992 500
0 500
965 500
0 500
961 500
0 500
931 500
0 500
903 500
0 500
904 500
0 500
969 500
0 500
971 500
0 500
996 500
0 500
920 500
0 500
902 500
0 500
962 500
0 500
936 500
0 500
984 500
0 500
973 500
0 500
901 500
0 500
983 500
0 500
933 500
0 500
993 500
0 500
995 500
0 500
946 500
0 500
980 500
0 500
925 500
0 500
936 500
0 500
947 500
0 500
938 500
0 500
960 500
0 500
943 500
0 500
909 500
0 500
970 500
0 500
962 500
0 500
934 500
0 500
950 500
0 500
987 500
0 500
970 500
0 500
920 500
0 500
925 500
0 500
902 500
0 500
991 500
0 500
995 500
0 500
965 500
0 500
971 500
0 500
982 500
0 500
940 500
0 500
967 500
0 500
914 500
0 500
909 500
0 500
934 500
0 500
950 500
0 500
926 500
0 500
986 500
0 500
988 500
0 500
917 500
0 500
971 500
0 500
932 500
0 500
908 500
0 500
978 500
0 500
924 500
0 500
940 500
0 500
986 500
0 500
985 500
0 500
923 500
0 500
920 500
0 500
916 500
0 500
943 500
0 500
964 500
0 500
907 500
0 500
932 500
0 500
929 500
0 500
957 500
0 500
999 500
0 500
920 500
0 500
907 500
0 500
911 500
0 500
985 500
0 500
981 500
0 500
921 500
0 500
919 500
0 500
953 500
0 500
964 500
0 500
979 500
0 500
945 500
0 500
967 500
0 500
901 500
0 500
940 500
0 500
912 500
0 500
914 500
0 500
904 500
0 500
918 500
0 500
919 500
0 500
959 500
0 500
920 500
0 500
966 500
0 500
994 500
0 500
968 500
0 500
936 500
0 500
910 500
0 500
937 500
0 500
979 500
0 500
946 500
0 500
936 500
0 500
950 500
0 500
969 500
0 500
923 500
0 500
970 500
0 500
912 500
0 500
982 500
0 500
922 500
0 500
958 500
0 500
993 500
0 500
936 500
0 500
949 500
0 500
953 500
0 500
943 500
0 500
995 500
0 500
965 500
0 500
901 500
0 500
929 500
0 500
948 500
0 500
933 500
0 500
989 500
0 500
939 500
0 500
973 500
0 500
983 500
0 500
927 500
0 500
984 500
0 500
980 500
0 500
900 500
0 500
968 500
0 500
979 500
0 500
975 500
0 500
970 500
0 500
901 500
0 500
991 500
0 500
954 500
0 500
991 500
0 500
938 500
0 500
977 500
0 500
955 500
0 500
936 500
0 500
915 500
0 500
963 500
0 500
972 500
0 500
949 500
0 500
904 500
0 500
988 500
0 500
907 500
0 500
913 500
0 500
919 500
0 500
919 500
0 500
978 500
0 500
920 500
0 500
922 500
0 500
987 500
0 500
988 500
0 500
940 500
0 500
918 500
0 500
940 500
0 500
955 500
0 500
949 500
0 500
949 500
0 500
906 500
0 500
942 500
0 500
931 500
0 500
998 500
0 500
948 500
0 500
957 500
0 500
973 500
0 500
973 500
0 500
998 500
0 500
978 500
0 500
964 500
0 500
999 500
0 500
965 500
0 500
931 500
0 500
933 500
0 500
946 500
0 500
969 500
0 500
976 500
0 500
956 500
0 500
920 500
0 500
980 500
0 500
980 500
0 500
951 500
0 500
985 500
0 500
903 500
0 500
929 500
0 500
909 500
0 500
938 500
0 500
929 500
0 500
971 500
0 500
950 500
0 500
923 500
0 500
972 500
0 500
943 500
0 500
937 500
0 500
993 500
0 500
968 500
0 500
987 500
0 500
922 500
0 500
924 500
0 500
990 500
0 500
961 500
0 500
921 500
0 500
941 500
0 500
906 500
0 500
986 500
0 500
959 500
0 500
980 500
0 500
969 500
0 500
962 500
0 500
934 500
0 500
990 500
0 500
903 500
0 500
904 500
0 500
998 500
0 500
981 500
0 500
980 500
0 500
973 500
0 500
949 500
0 500
984 500
0 500
977 500
0 500
923 500
0 500
966 500
0 500
994 500
0 500
930 500
0 500
988 500
0 500
918 500
0 500
979 500
0 500
960 500
0 500
985 500
0 500
905 500
0 500
915 500
0 500
901 500
0 500
976 500
0 500
981 500
0 500
932 500
0 500
990 500
0 500
930 500
0 500
927 500
0 500
979 500
0 500
924 500
0 500
925 500
0 500
944 500
0 500
909 500
0 500
954 500
0 500
985 500
0 500
917 500
0 500
925 500
0 500
967 500
0 500
963 500
0 500
935 500
0 500
973 500
0 500
995 500
0 500
930 500
0 500
992 500
0 500
967 500
0 500
976 500
0 500
938 500
0 500
936 500
0 500
996 500
0 500
956 500
0 500
929 500
0 500
986 500
0 500
914 500
0 500
997 500
0 500
957 500
0 500
931 500
0 500
936 500
0 500
927 500
0 500
977 500
0 500
911 500
0 500
941 500
0 500
945 500
0 500
922 500
0 500
938 500
0 500
951 500
0 500
918 500
0 500
932 500
0 500
922 500
0 500
993 500
0 500
935 500
0 500
992 500
0 500
904 500
0 500
935 500
0 500
964 500
0 500
918 500
0 500
980 500
0 500
991 500
0 500
966 500
0 500
983 500
0 500
979 500
0 500
921 500
0 500
952 500
0 500
904 500
0 500
988 500
0 500
965 500
0 500
917 500
0 500
973 500
0 500
910 500
0 500
974 500
0 500
916 500
0 500
930 500
0 500
960 500
0 500
924 500
0 500
925 500
0 500
969 500
0 500
904 500
0 500
964 500
0 500
928 500
0 500
900 500
0 500
932 500
0 500
951 500
0 500
929 500
0 500
967 500
0 500
970 500
0 500
994 500
0 500
909 500
0 500
977 500
0 500
925 500
0 500
985 500
0 500
999 500
0 500
904 500
0 500
922 500
0 500
935 500
0 500
919 500
0 500
964 500
0 500
932 500
0 500
904 500
0 500
915 500
0 500
977 500
0 500
909 500
0 500
981 500
0 500
995 500
0 500
928 500
0 500
983 500
0 500
950 500
0 500
917 500
0 500
989 500
0 500
914 500
0 500
921 500
0 500
965 500
0 500
920 500
0 500
994 500
0 500
953 500
0 500
984 500
0 500
944 500
0 500
925 500
0 500
908 500
0 500
943 500
0 500
999 500
0 500
933 500
0 500
922 500
0 500
993 500
0 500
997 500
0 500
966 500
0 500
965 500
0 500
989 500
0 500
950 500
0 500
944 500
0 500
945 500
0 500
960 500
0 500
932 500
0 500
960 500
0 500
945 500
0 500
978 500
0 500
965 500
0 500
996 500
0 500
992 500
0 500
985 500
0 500
929 500
0 500
953 500
0 500
954 500
0 500
928 500
0 500
921 500
0 500
983 500
0 500
916 500
0 500
928 500
0 500
941 500
0 500
904 500
0 500
997 500
0 500
983 500
0 500
983 500
0 500
967 500
0 500
910 500
0 500
917 500
0 500
980 500
0 500
953 500
0 500
997 500
0 500
919 500
0 500
901 500
0 500
940 500
0 500
948 500
0 500
930 500
0 500
906 500
0 500
992 500
0 500
915 500
0 500
958 500
0 500
990 500
0 500
959 500
0 500
924 500
0 500
931 500
0 500
951 500
0 500
916 500
0 500
955 500
0 500
992 500
0 500
918 500
0 500
976 500
0 500
973 500
0 500
951 500
0 500
922 500
0 500
937 500
0 500
935 500
0 500
943 500
0 500
918 500
0 500
960 500
0 500
927 500
0 500
908 500
0 500
976 500
0 500
954 500
0 500
971 500
0 500
929 500
0 500
921 500
0 500
993 500
0 500
951 500
0 500
961 500
0 500
951 500
0 500
961 500
0 500
986 500
0 500
990 500
0 500
974 500
0 500
978 500
0 500
961 500
